1.817987149251786561e-01
3.952944899402896506e-02
9.466992937164317445e-02
3.917382099890741598e-01
3.917382099890741598e-01
2.017721888190468493e-01
5.523055823431596151e-03
6.649398481216171235e-04
9.511664355661316990e-04
3.453587487373532272e-01
1.965415005730137832e-01
2.027405790494167803e-01
3.053748360612658086e-01
6.849902008130072384e-02
3.097121131501969285e-02
1.760253720793607994e-03
2.213316073274825338e-03
5.817949089518556494e-02
2.714454224370609417e-02
4.169795831041608197e-02
2.883731193456855538e-02
8.131688819241048027e-02
3.917382099890741598e-01
1.584857311559212945e-01
1.422831011017213799e-02
2.858061598482415384e-03
1.395873719919362224e-02
1.309733374799247896e-01
5.242087788819418254e-02
8.309282926781054457e-02
1.004867315719378679e-01
2.635284651076097995e-01
4.078599846957377262e-02
8.734673934211774002e-03
7.166599244782431363e-03
1.020580284878263716e-01
2.926072611163236248e-01
2.926072611163236248e-01
2.926072611163236248e-01
2.926072611163236248e-01
1.162597900627503344e-01
5.256581074006063531e-02
2.987586213550895691e-03
3.756545155186632665e-03
9.874499502918332450e-02
2.926072611163236248e-01
2.540551401079290672e-01
1.122348489492425300e-01
9.039311095637649063e-02
5.853518203664124370e-02
2.893866660386543860e-02
7.276586705838775267e-03
1.683598000615917425e-02
2.068199574263651641e-01
2.222941686050563803e-01
8.897120354354125238e-02
1.410290961086719530e-01
1.705508531768707703e-01
2.926072611163236248e-01
6.922393362626715063e-02
1.482490343150548277e-02
1.216349259702357438e-02
1.732177329271303301e-01
2.926072611163236248e-01
2.926072611163236248e-01
2.057534119322089114e-02
1.617709734018671006e-02
1.390529530557620998e-02
1.149598005262975932e-02
7.947767072220696116e-03
1.422622235755469609e-02
1.164515652444718385e-01
3.600361366592064738e-01
3.600361366592064738e-01
2.021135605573084748e-01
1.627807554987439065e-01
1.054107005984045581e-01
5.211302015235252938e-02
1.310374506305224396e-02
3.031838948752335963e-02
3.600361366592064738e-01
1.241364431839467319e-01
3.263160262567164210e-02
6.626319035480401909e-02
4.616336482679771203e-02
3.904926758502343109e-02
2.314372520288389759e-02
1.656485683529324016e-02
2.325373182378636175e-02
8.794261651426943383e-02
3.600361366592064738e-01
3.600361366592064738e-01
3.705226591541111586e-02
2.913186745042050524e-02
2.504078520283697235e-02
2.070206787183880709e-02
1.431241291350711896e-02
2.561871362490724877e-02
2.097070625067274374e-01
2.341383535665196303e-01
1.894666266578675373e-01
1.139237191093102897e-01
1.058645994985069755e-01
1.363651433241405142e-01
2.108494110265320409e-01
5.324781849199258094e-02
1.864713876326009462e-02
8.211360866198025299e-02
1.342949890085704256e-01
3.530196776665276565e-02
7.168575312879597872e-02
4.994108428599750710e-02
4.224481406602451777e-02
2.503766212419241549e-02
1.792042054344867089e-02
2.515667099512547064e-02
9.513928718473249613e-02
3.940538527370762711e-01
2.580563892307155549e-01
2.686178957778893178e-02
1.522649772547576136e-02
1.052762463535494332e-02
3.948915765767798021e-03
4.757731331958526926e-03
2.016671709398808188e-02
3.255634120258822373e-01
2.532987639424069126e-01
2.049713838409678024e-01
1.232465198227848113e-01
1.145278925462820951e-01
1.475244090627838012e-01
2.281040008075040093e-01
5.760528508551024385e-02
2.017310332907255171e-02
8.883326998804132180e-02
3.940538527370762711e-01
3.940538527370762711e-01
7.905049057567872794e-02
8.709338706376107409e-02
1.375585471231415280e-01
3.862316924382955263e-02
1.908607694408671895e-02
1.338207630337824063e-02
2.570144563652606573e-01
3.437440246559603230e-01
2.012052115715341205e-01
2.094399627655390769e-02
1.187202031881789271e-02
8.208333645281288421e-03
3.078948885931730075e-03
3.709578135619711042e-03
1.572388341825321778e-02
2.538400827504926349e-01
3.437440246559603230e-01
2.545412428260789839e-01
1.091744338360525896e-01
7.614152904424360824e-02
1.523556344268578618e-02
1.191525462483637721e-02
1.703004352044584779e-02
1.541876127707059868e-02
1.241858782114729221e-01
3.437440246559603230e-01
3.437440246559603230e-01
6.163525239009987056e-02
6.790625654681438361e-02
1.072536768413024783e-01
3.011428224053798799e-02
1.488131396805756831e-02
1.043393462147670925e-02
2.003928219877607886e-01
3.437440246559603230e-01
3.425631708250284069e-01
1.076360596420885274e-01
1.095547222661395065e-02
3.799142789612887372e-03
1.364956449440635905e-02
8.580570722717612356e-03
1.217387523448543001e-02
1.172475773156589629e-01
3.335520716652159989e-01
3.049144987953775199e-01
1.307798587167834370e-01
9.120980124192494543e-02
1.825065415495706264e-02
1.427326217006690511e-02
2.040025862546858762e-02
1.847010651258545327e-02
1.487620410425508355e-01
3.335520716652159989e-01
2.837061993773359325e-01
4.030281363946301709e-02
2.051675430978187192e-02
1.607147086791554588e-02
7.385854468232875072e-03
8.778442202634489933e-04
7.102022813019623565e-04
6.436687972115202883e-02
3.335520716652159989e-01
3.335520716652159989e-01
1.289370430256822908e-01
1.312354055459346962e-02
4.550986341880941879e-03
1.635078885597663484e-02
1.027865029748206184e-02
1.458306333507173626e-02
1.404506628287493231e-01
3.335520716652159989e-01
3.335520716652159989e-01
1.825655812696101166e-01
6.973425946916046725e-02
5.316307875922512624e-03
1.516338976829089552e-02
2.585178197029008168e-03
3.105575270532345486e-02
1.646042179479945966e-01
3.298666728136058768e-01
3.260829049437725113e-01
4.632277538456023441e-02
2.358130650664161734e-02
1.847203874582574804e-02
8.489066808477057843e-03
1.008966297034937475e-03
8.162839708575590639e-04
7.398124950284877543e-02
3.049483549399810145e-01
3.144719435888400083e-01
1.748382486699777971e-01
3.897361713479204071e-02
5.076394818559764460e-02
3.857324938851850599e-02
7.105581876609415835e-03
2.778716088775479154e-02
1.280403046474234141e-01
3.298666728136058768e-01
3.298666728136058768e-01
2.098350871916074278e-01
8.015034550430465143e-02
6.110395611942895898e-03
1.742831913892244761e-02
2.971321804509941596e-03
3.569449691121651114e-02
1.891908660166125578e-01
3.051919624000750675e-01
2.627166455262396894e-01
1.871621779957254594e-01
5.614229097951610459e-02
8.225347324771183077e-02
3.702753592541713212e-02
3.409013517996294530e-03
3.504143038489242190e-02
1.256841306813831216e-01
4.109055226553769841e-02
6.312105468338269354e-02
4.365301365580225024e-02
1.230949416771202343e-01
3.435700243713271096e-01
2.399107032616958068e-01
2.153836727041757645e-02
4.326443541990402340e-03
2.113029629657368208e-02
1.982633090951683996e-01
7.935307227992223489e-02
1.257833052871627777e-01
1.521136462195143146e-01
3.435700243713271096e-01
6.174055862757275859e-02
1.322227402450960008e-02
1.084857199616896632e-02
1.544922259526820552e-01
8.009699755558637169e-02
1.797339851462896321e-01
1.619178415332814813e-01
3.435700243713271096e-01
3.435700243713271096e-01
3.435700243713271096e-01
3.183520640250672717e-02
1.393824768174205427e-02
2.754989669926453943e-02
6.532696326811777976e-02
1.850716836807981269e-01
1.320933940327213285e-01
1.741231898415601942e-01
2.418987550365833961e-01
5.934280391122667003e-02
1.036600949744060328e-02
3.682053629541260070e-03
2.637269116430369931e-02
2.722773921515735385e-01
1.089765306460280386e-01
1.727397292827113351e-01
2.088995038584561537e-01
3.147696160008904287e-01
8.478905335443386038e-02
1.815830829283126419e-02
1.489847468584120510e-02
2.121660360762787911e-01
3.147696160008904287e-01
3.147696160008904287e-01
2.520174180849654721e-02
1.981454531177478592e-02
1.703192470885936047e-02
1.408087080555716318e-02
9.734836075241852862e-03
1.742501275670123306e-02
1.426358986189455169e-01
8.971430607610195174e-02
2.541611739644702994e-01
1.814054502157811111e-01
2.391254754071323596e-01
3.147696160008904287e-01
8.149618790108631439e-02
1.423576578975979841e-02
5.056608631163828430e-03
3.621793465975418902e-02
3.147696160008904287e-01
2.787700417513419016e-01
2.887151139845456696e-02
3.524443525919777886e-02
7.865756751280534101e-03
1.254880034199572746e-02
1.375977108034754162e-02
1.738833470640748641e-02
1.366754732203609157e-01
2.995885908933176855e-01
1.431820425487183579e-01
9.614819997929032955e-03
7.559528542161847789e-03
6.497919530258528496e-03
5.372050838322700063e-03
3.713977283159070227e-03
6.647888165444796986e-03
5.441760735766502238e-02
6.075736715516804470e-02
4.916534700169378908e-02
2.956245794066419269e-02
2.747116925736062601e-02
3.538586034243237227e-02
5.471403930646664970e-02
1.381745967309284430e-02
4.838810211889884791e-03
2.130794290604902733e-02
3.421780430851841803e-01
1.063547032828764949e-01
1.101488886259077878e-02
1.344624921248908749e-02
3.000897155670411657e-03
4.787544344953238197e-03
5.249546763694250100e-03
6.633894971873927245e-03
5.214362098981983190e-02
3.561951596409399512e-01
3.561951596409399512e-01
3.561951596409399512e-01
3.561951596409399512e-01
3.183655264658914463e-01
3.561951596409399512e-01
7.101636736269778538e-02
1.434181995744555731e-02
3.676825217320884437e-02
5.401762611502418376e-02
4.371149469611303878e-02
2.628313034041821622e-02
2.442382577403091892e-02
3.146054977751589626e-02
4.864467729405313329e-02
1.228470563206532536e-02
4.302046864537243352e-03
1.894427864590793667e-02
2.675246000286697901e-01
1.058365270956101445e-01
1.685803664283637426e-02
1.857323717762404680e-02
2.933526422226562236e-02
8.236644676500910409e-03
4.070231343895057072e-03
2.853815720012636316e-03
5.481002194409256151e-02
3.362903733086273772e-01
3.362903733086273772e-01
3.362903733086273772e-01
3.362903733086273772e-01
2.830496247908028118e-01
3.362903733086273772e-01
6.313860787364800053e-02
1.275089926612116287e-02
3.268959455933862640e-02
2.758926676439437120e-01
1.818684784734482529e-02
2.323754817029292236e-02
3.214586796553263459e-02
6.110681647654925969e-02
1.591530077753547101e-01
1.618130272663565183e-01
7.411074207489176668e-02
3.362903733086273772e-01
3.552489918209214004e-01
2.525819945806161981e-01
4.023220183816236112e-02
4.432557852078008315e-02
7.000947359237916223e-02
1.965699553957402437e-02
9.713727192851148370e-03
6.810715416570080685e-03
1.308057345186685039e-01
3.552489918209214004e-01
2.236069472665479507e-01
7.025907266797468131e-02
7.151147318483467956e-03
2.479877563513570565e-03
8.909706903872082959e-03
5.600938421052878077e-03
7.946455747216099597e-03
7.653295821267414034e-02
3.552489918209214004e-01
4.340344898379679822e-02
5.545709432352663448e-02
7.671706235149268471e-02
1.458332204549317723e-01
3.552489918209214004e-01
3.552489918209214004e-01
1.768674725713121065e-01
3.552489918209214004e-01
8.432897197524985566e-02
7.769158952613289260e-02
7.873348655139976449e-02
4.936506490024893806e-02
2.305484305277880758e-02
1.377507967798839716e-02
1.006607218875011159e-02
2.483981286367276109e-02
7.229966225911561850e-02
3.337480310261020100e-01
3.337480310261020100e-01
1.889223943812819440e-01
1.922900235768405450e-02
6.668240688080642568e-03
2.395766265617399471e-02
1.506058444989619508e-02
2.136753859111588383e-02
2.057924929204419107e-01
3.337480310261020100e-01
3.337480310261020100e-01
2.675005253392948035e-01
1.021767132250368665e-01
7.789612586254933066e-03
2.221785015956619092e-02
3.787880064751634156e-03
4.550381351024189447e-02
2.411830010232156041e-01
2.267555021194884446e-01
2.089079824028917953e-01
2.117095804490594924e-01
1.327396719825116311e-01
6.199307770825424058e-02
3.704035559730260024e-02
2.706705892490854706e-02
6.679275350480229356e-02
1.944094162970094186e-01
1.379588622928311636e-01
1.060823046647069307e-01
2.076585151813719887e-01
1.959281011170871667e-01
4.143174439622470534e-02
6.291580240212699137e-05
1.584982875629243823e-02
3.600880160923271289e-02
1.056610165038610050e-01
2.977517550146295267e-01
2.977517550146295267e-01
2.977517550146295267e-01
1.204007565068229563e-01
9.178952998953495215e-03
2.618058344933654399e-02
4.463479113374521808e-03
5.361978671707795518e-02
2.841999401157634941e-01
2.977517550146295267e-01
2.977517550146295267e-01
2.811524726233368132e-01
8.433618424760107313e-02
1.235600463357496848e-01
5.562225975388157551e-02
5.120973639305094992e-03
5.263875908302389356e-02
1.888009879399484559e-01
1.625649412923899917e-01
1.250029417709661306e-01
2.446960910540851297e-01
2.308734627574832721e-01
4.882143113877773083e-02
7.413734466841032035e-05
1.867677391969189277e-02
4.243126264109831070e-02
1.245065134589543598e-01
2.008418889410175656e-01
8.911438010068190030e-02
1.091398802050394246e-01
1.155394576702333809e-01
8.115775724815062209e-02
4.842034240823720609e-02
7.306021288088698079e-03
1.958936517376788297e-02
2.380153577039295087e-01
1.125691067049812005e-01
2.525999072362615228e-01
2.275609240951999013e-01
3.824783752982596208e-01
3.824783752982596208e-01
3.824783752982596208e-01
4.474151161548674260e-02
1.958895012859376838e-02
3.871889528815954107e-02
9.181115551475808878e-02
2.601015611587211840e-01
1.856453527808353265e-01
2.447144404318464250e-01
3.399668851334626263e-01
8.340095920598890322e-02
1.456849151445945706e-02
5.174794318971138486e-03
3.706443907228533508e-02
6.853144903029581569e-02
1.278646903034171001e-01
1.750628040690237475e-01
1.223649663953023381e-01
1.161878959340667955e-01
1.077378244704687293e-01
1.780991034495430642e-02
7.736176966459667494e-03
2.748837833593867006e-02
7.856128428353316429e-02
7.139878015405369538e-02
8.055351842439062438e-02
1.202071868936998439e-01
4.398062447468842340e-02
6.300378393194450144e-02
1.322556247940636504e-02
5.928004167776255301e-03
5.637631906722072317e-02
9.745271216709616713e-02
2.760841254169679737e-01
1.970527767380255701e-01
2.597515061522485680e-01
3.250616577340900704e-01
8.852573117494960675e-02
1.546368741693035162e-02
5.492771967231759554e-03
3.934195242718281638e-02
3.250616577340900704e-01
3.028156581466286967e-01
3.136185535176441719e-02
3.828448276569104691e-02
8.544226246466233091e-03
1.363121091003597490e-02
1.494663526061021722e-02
1.888818463101336192e-02
1.484645664064664361e-01
8.338867081930928515e-02
7.578604944489905626e-02
8.550332256516640639e-02
1.275936057997334450e-01
4.668311942955562233e-02
6.687520254519349616e-02
1.403823888641024357e-02
6.292264601710454569e-03
5.984049720641088782e-02
3.250616577340900704e-01
3.250616577340900704e-01
2.617150500556415516e-01
3.250616577340900704e-01
7.615543978005238912e-02
2.359790885718807824e-03
7.920452823197088321e-03
1.043744806622789491e-02
1.781693840202685786e-01
2.363971215830082684e-01
7.347620991750168640e-02
7.609746078958567680e-03
9.289475681316277864e-03
2.073199797891527116e-03
3.307522868485766182e-03
3.626701857792142842e-03
4.583092655786161033e-03
3.602394180458876743e-02
3.102256767653095437e-01
3.102256767653095437e-01
3.102256767653095437e-01
2.731283750152938006e-01
2.199460064392847747e-01
3.003108446249482810e-01
4.906236729410459046e-02
9.908189682871765616e-03
2.540171456068832448e-02
1.970228264879291535e-01
1.285902275227374658e-01
6.350342011424771338e-02
9.409556801372623291e-02
1.847861208329356839e-02
5.725875984805401352e-04
1.921845316192666818e-03
2.532577508742411745e-03
4.323161867279078086e-02
2.748630689563422713e-01
1.025794890326997139e-01
1.170103554321188510e-01
3.102256767653095437e-01
3.102256767653095437e-01
1.202153348241198211e-01
3.995710760786131549e-02
8.865018468547729291e-02
2.134998277828026592e-01
2.826191993488530452e-01
2.826191993488530452e-01
2.826191993488530452e-01
2.094670323078730023e-01
1.686805233408119609e-01
2.303137540723708687e-01
3.762680634891735210e-02
7.598767752703906343e-03
1.948102889075926242e-02
1.644154080701161758e-01
1.083826560475810268e-02
1.384817870512754408e-02
1.915700059902315094e-02
3.641598108661475708e-02
9.484560406201766880e-02
9.643081541910944465e-02
4.416553728911664506e-02
2.826191993488530452e-01
2.107974000947187287e-01
7.867004349926824680e-02
8.973733285779228463e-02
2.826191993488530452e-01
2.826191993488530452e-01
9.219528883476738046e-02
3.064381996105818018e-02
6.798741104278159531e-02
1.637368337193141621e-01
1.972165561809318679e-01
2.826191993488530452e-01
2.826191993488530452e-01
1.357700714482965865e-01
4.944416361485400035e-02
3.767163164931003339e-02
1.857981200384570264e-02
4.830902642744003272e-02
1.452068716222362221e-01
3.591269712153524751e-01
2.386487625520736580e-02
3.049243146549024397e-02
4.218197499385092919e-02
8.018468212870757950e-02
2.088414038586355048e-01
2.123318952578069629e-01
9.724850087515819752e-02
3.591269712153524751e-01
4.636729402931749622e-02
4.271780730613577298e-02
4.329068213891565375e-02
2.714280069343157076e-02
1.267643446361122958e-02
7.574065647260865182e-03
5.534711475352703698e-03
1.365787913341540843e-02
3.975311947562527870e-02
3.591269712153524751e-01
3.591269712153524751e-01
3.591269712153524751e-01
2.989533632440055655e-01
1.088715565055625861e-01
8.294951059769702095e-02
4.091105814219343773e-02
1.063720875408579597e-01
3.197323399372248298e-01
8.401400120077998079e-02
7.263942374748398600e-02
2.490052434670916512e-02
1.653080409249146855e-04
1.861787494542374881e-03
5.779519954300782816e-03
1.440830729501424044e-03
9.587285176263147385e-03
4.757019454766754640e-02
2.683269583565601746e-01
2.683269583565601746e-01
2.683269583565601746e-01
1.752214881126792079e-01
8.183325426746870801e-02
4.889469840514037297e-02
3.572956202785330243e-02
8.816901149037613405e-02
2.566279298261889830e-01
1.821110206786324404e-01
1.400327348121027382e-01
2.683269583565601746e-01
2.586326523795430266e-01
5.469150103947156838e-02
8.305128646209399685e-05
2.092238544460615218e-02
4.753300734354134333e-02
1.394766181864914023e-01
2.683269583565601746e-01
2.683269583565601746e-01
1.607463791263158137e-01
1.067152990401050916e-03
1.201884724527474586e-02
3.730993342977220739e-02
9.301343195686210402e-03
6.189112149918950256e-02
2.683269583565601746e-01
2.683269583565601746e-01
2.683269583565601746e-01
1.016800396167188147e-01
2.301316385261688649e-02
1.763145997353547656e-02
6.100172629552660063e-03
1.558290754933107369e-02
2.226863486692434030e-02
2.219275283168400392e-01
2.256407239066776094e-01
1.735045333109928034e-01
2.948738748234591700e-01
2.948738748234591700e-01
6.776432222554190643e-02
1.029029013667294635e-04
2.592342945519160100e-02
5.889474533990422811e-02
1.728154890262928456e-01
2.787692650774339365e-01
1.236910804787033219e-01
1.514865467349446604e-01
1.603691833013740076e-01
1.126472593077629675e-01
6.720760962323982235e-02
1.014078385669187760e-02
2.719010940207045382e-02
2.948738748234591700e-01
2.948738748234591700e-01
2.948738748234591700e-01
1.259844553090689045e-01
2.851396325020286865e-02
2.184587938244941796e-02
7.558287043577398105e-03
1.930766477997370931e-02
2.759147070321072565e-02
2.749745070760948873e-01
2.948738748234591700e-01
2.948738748234591700e-01
2.658762974262129236e-02
3.569289975002581938e-02
9.960611042500576440e-02
4.537837951909114154e-02
8.393248827368322146e-03
5.360545806311277708e-03
6.307588603676216044e-02
1.618108647904171471e-01
2.471571368205301156e-01
2.471571368205301156e-01
2.471571368205301156e-01
2.471571368205301156e-01
2.471571368205301156e-01
4.205130688952563034e-02
1.826602972543540926e-02
6.490331567712957772e-02
1.854924932835531615e-01
1.685809730449593646e-01
1.901963939562885397e-01
2.471571368205301156e-01
1.038434613738562357e-01
1.487593930574814538e-01
3.122711882520370213e-02
1.399671967310994920e-02
1.331111638677705544e-01
2.471571368205301156e-01
2.471571368205301156e-01
1.450898873784945697e-01
8.139149455583717663e-02
9.971003516471547978e-02
1.524069048144295890e-01
4.149812885108396937e-02
6.899475547632419326e-02
2.471571368205301156e-01
2.471571368205301156e-01
2.471571368205301156e-01
2.450376160545499060e-01
5.136938744154591341e-02
3.708632657014900719e-02
2.780524471373852988e-02
1.035706106594455091e-02
2.374329807380328589e-02
1.091595299930002705e-01
3.538943739003076738e-02
3.216295002086767135e-02
3.628687747183623191e-02
5.414963303111365589e-02
1.981191588727222730e-02
2.838126294814054609e-02
5.957708298449955649e-03
2.670383182461948893e-03
2.539579427837833359e-02
3.445995722714914611e-01
2.249086473507876938e-01
1.110696247700379558e-01
1.645763238106812132e-01
3.231971611403058192e-02
1.001475032317857960e-03
3.361372312728123403e-03
4.429563527302776173e-03
7.561355995550415876e-02
7.520713476010106036e-02
5.176947347338115013e-02
4.674983455157307594e-02
9.800578387006942879e-03
7.075565209931291774e-03
5.304861396235175004e-03
1.975985969295657174e-03
4.529897386905208136e-03
2.082614926258577470e-02
1.132205713730660562e-01
4.912621829588326716e-01
4.912621829588326716e-01
4.912621829588326716e-01
1.555788477491149568e-01
4.934878462099103608e-02
3.091625612722012986e-02
6.484480786799985338e-03
2.008869167500747580e-02
1.951983596629282558e-01
1.273994588777199455e-01
6.291536701736637205e-02
9.322422612263231434e-02
1.830749681041377377e-02
5.672853342888389610e-04
1.904048682753384843e-03
2.509125385306718893e-03
4.283128610490718330e-02
2.723177874797337306e-01
1.016295845063976688e-01
1.159268184863094381e-01
3.438427940117140813e-01
3.438427940117140813e-01
1.191021191924456768e-01
3.958709760164510344e-02
8.782926802382963472e-02
2.115227809609867837e-01
6.413377029589061029e-02
3.438427940117140813e-01
3.438427940117140813e-01
3.438427940117140813e-01
8.812760758434663722e-02
2.795360930334361144e-02
1.751250717803511103e-02
3.673132861151399281e-03
1.137923543226692334e-02
4.593878702450159696e-02
7.983634943581588428e-02
2.330079323070529673e-01
2.716948464370393945e-01
1.424429741036166708e-01
5.588957492926881210e-02
1.701092498133139133e-02
8.446906464333254691e-03
9.255526733753146815e-03
2.630652704003349496e-01
9.817652521445689728e-02
1.119879833557369947e-01
2.849808893247118835e-01
2.849808893247118835e-01
1.150553971541260073e-01
3.824205033142113325e-02
8.484510084921180473e-02
2.043358903739402044e-01
2.461170140421456709e-01
2.849808893247118835e-01
2.849808893247118835e-01
1.694346825044820148e-01
6.170399760725438221e-02
4.701242976333959434e-02
2.318673411808135076e-02
6.028739962732506535e-02
1.812113666018944635e-01
4.437792897154501509e-02
7.712375694030471074e-02
2.250910426566960498e-01
2.624634949696645347e-01
1.376032019281316077e-01
5.399061984675558590e-02
1.643294630655292923e-02
8.159906679807083646e-03
8.941052530744076840e-03
1.116910625947550723e-01
2.327957284141399796e-01
1.863259503092995484e-01
1.195232969845329285e-01
1.392421411388803931e-01
2.849808893247118835e-01
1.311097827968970564e-01
3.012681403116605414e-02
6.075120093781732900e-02
3.079588389351518019e-01
3.079588389351518019e-01
3.079588389351518019e-01
2.391255088273337437e-01
8.708370450734002899e-02
6.634929178723777965e-02
3.272375827707903195e-02
8.508444020237454497e-02
2.557461058353756034e-01
6.720075187566759700e-02
5.810250460492088348e-02
1.991732252101912140e-02
1.322258728601627582e-04
1.489198439281111440e-03
4.622897146408387094e-03
1.152485382962136580e-03
7.668635740269258254e-03
3.805023918376790326e-02
1.576311400927604411e-01
3.079588389351518019e-01
2.629643884997934222e-01
1.686848807202794009e-01
1.965143579689560271e-01
3.079588389351518019e-01
1.850370482602927691e-01
4.251838896300627613e-02
8.573900940111763014e-02
3.421814434160445895e-02
2.357097845314219675e-02
8.847464572575236552e-03
3.155143798863513545e-03
1.361730784294645303e-03
1.632627177458845502e-01
3.079588389351518019e-01
1.796020330391690512e-01
1.143185777417331378e-01
2.473254917111854523e-01
2.138403235078493447e-01
7.330366772079191517e-02
4.866437965245692119e-04
5.480842490158103000e-03
1.701409996098100785e-02
4.241604536783058488e-03
2.822362923446417038e-02
1.400400122496415212e-01
2.897420649665471970e-01
1.560169804629948642e-01
4.636819739525128992e-02
1.049447785651675194e-02
8.040309774672241977e-03
2.781804665875625606e-03
7.106127573936632871e-03
1.015495726717384646e-02
1.012035349241097032e-01
1.259363792594108411e-01
8.675057455938973983e-02
3.256218814125768496e-02
1.161218393682836650e-02
5.011710827686116643e-03
3.719897503056761590e-01
3.719897503056761590e-01
3.719897503056761590e-01
3.719897503056761590e-01
3.079178509872380620e-01
1.753566276201658225e-01
1.154837379543479786e-01
8.252435697187288088e-02
2.442818593429091703e-02
1.690926073015291617e-02
4.859737917392600512e-03
4.260781240690066085e-02
1.393563583762355007e-01
2.719324474480024345e-01
2.719324474480024345e-01
9.188857431885219529e-02
2.079706916868084843e-02
1.593360630301811354e-02
5.512745354362657592e-03
1.408232297949529692e-02
2.012423596275140711e-02
2.005566112681575475e-01
2.719324474480024345e-01
2.719324474480024345e-01
1.939207012145661990e-02
2.603312974834520732e-02
7.264914911880476778e-02
3.309737370915894622e-02
6.121736739331966326e-03
3.909791176256233701e-03
4.600530460363274482e-02
2.719324474480024345e-01
2.719324474480024345e-01
2.288559105971138541e-01
1.635397952628202256e-01
4.840971408838322387e-02
3.350934365713840318e-02
9.630617834589511386e-03
8.443656119606168797e-02
2.719324474480024345e-01
2.315675931260576803e-01
2.719324474480024345e-01
1.777885042713154840e-01
2.061585651178063083e-01
2.719324474480024345e-01
1.989182541707078811e-01
4.868125012175131966e-02
2.512463545622257641e-02
1.215713581414421124e-01
2.764655709645865156e-01
2.916626377962487915e-01
1.059190733833035997e-01
5.941772952202509228e-02
7.279070045807117806e-02
1.112606703804943642e-01
3.029462241969628489e-02
5.036781474160169358e-02
2.320771529515932297e-01
2.877721442232504256e-01
1.980904130208558378e-01
1.788832957657847111e-01
3.750087629389756844e-02
2.707390167898779398e-02
2.029849087684737832e-02
7.560901251631530796e-03
1.733317308655915254e-02
7.968905674076130763e-02
2.599656179952845869e-02
4.802215045523491183e-02
6.897322623910052963e-02
3.079356313843601978e-01
3.079356313843601978e-01
3.079356313843601978e-01
1.531546222825435344e-01
2.260262938001859553e-02
5.013734108490219138e-02
3.079356313843601978e-01
3.079356313843601978e-01
9.195504411396526745e-02
6.895658526734432803e-02
2.737402264248807102e-02
8.298627498253520474e-02
4.603985168810123541e-02
7.326468104138358917e-02
2.208419183540240860e-01
5.055239773980962220e-02
3.479817469652225076e-02
3.142409610550946086e-02
6.587709241690184112e-03
4.756021990032872557e-03
3.565798166789276198e-03
1.328209470640696020e-03
3.044886301729502181e-03
1.399882849239215618e-02
7.610410068987513710e-02
4.310272987285724278e-01
4.310272987285724278e-01
4.310272987285724278e-01
1.045762987301974423e-01
3.317104681748930806e-02
2.078115169996084047e-02
4.358709488349959971e-03
1.350312752728536313e-02
1.865754873210283826e-01
6.054962346619340019e-02
1.615357169742120610e-02
1.211347517537885062e-02
4.808743681904308932e-03
1.457804469291432495e-02
8.087735179167125990e-03
1.287027035323828721e-02
3.879488935382922887e-02
4.310272987285724278e-01
4.310272987285724278e-01
5.165678998833811431e-02
3.868316939295231294e-02
6.417266453321957692e-03
2.534424177035633774e-02
1.171108960187041206e-02
9.342028050678742937e-03
4.058689139251021871e-02
6.611528188327495115e-02
3.852165119756517098e-01
3.852165119756517098e-01
3.852165119756517098e-01
9.085044572081016345e-02
2.881727910613609070e-02
1.805358305330844598e-02
3.786619956838958075e-03
1.173081443285557517e-02
4.735813658682203053e-02
8.230301638478318416e-02
2.402070711646116796e-01
2.800892770773053542e-01
1.468439691242678924e-01
5.761636940627194031e-02
1.753650370229415528e-02
8.707886646215691820e-03
9.541490483984319329e-03
3.852165119756517098e-01
3.852165119756517098e-01
4.487673069262718833e-02
3.360592432430873494e-02
5.574987111540905850e-03
2.201775822295351515e-02
1.017398514888387395e-02
8.115867769714789001e-03
3.525977891935959396e-02
1.077997587039094957e-01
9.190044914128270293e-02
1.695718352149010455e-01
8.585360839299170654e-02
6.049830867429088072e-02
2.901907022632219113e-02
1.430965335920970395e-02
2.838815877382669037e-02
8.251135216896007818e-02
6.394761188392826534e-02
1.111336240817215881e-01
2.607925687948831062e-01
2.607925687948831062e-01
1.982831636088316640e-01
7.779928634224500539e-02
2.367951134435947874e-02
1.175824463786847435e-02
1.288385849273062864e-02
1.609443452463183988e-01
2.607925687948831062e-01
2.607925687948831062e-01
1.722304213780508075e-01
2.006448386797327343e-01
2.607925687948831062e-01
1.889262905859803721e-01
4.341207117167593388e-02
8.754113382679627742e-02
1.455618321920405245e-01
1.240930213305886098e-01
2.289725628221893905e-01
1.159279824763522482e-01
8.169076407060667233e-02
3.918440153706725243e-02
1.932230077361028059e-02
3.833248286785732178e-02
1.114149395393864428e-01
1.290921732095234586e-01
2.462626462215075640e-01
1.710855691476881046e-01
2.607925687948831062e-01
2.607925687948831062e-01
2.607925687948831062e-01
9.155022666996073810e-02
3.519661967796412771e-02
1.050598521809052999e-01
1.589343426565867634e-01
2.612022445799420112e-01
2.612022445799420112e-01
1.700794691810622317e-01
1.981390243577363652e-01
2.612022445799420112e-01
1.865668269293664361e-01
4.286990626773266172e-02
8.644784965188097303e-02
3.450104005249709366e-02
2.376584959049458587e-02
8.920610262618191774e-03
3.181228692276705933e-03
1.372988782227602903e-03
1.646124789175571479e-01
2.612022445799420112e-01
1.810868781642333836e-01
1.152636972372740320e-01
1.274799661943089024e-01
2.431871199835285990e-01
1.689489147872862418e-01
2.612022445799420112e-01
2.612022445799420112e-01
2.612022445799420112e-01
9.040687371515196413e-02
3.475705594806585003e-02
1.037477801435979091e-01
8.243531808460365096e-02
9.031826605036158417e-02
2.438461198049381162e-01
1.551035785567939640e-01
5.398659686644020905e-02
4.342808656424974878e-02
1.024143955657992600e-01
6.132110500292226041e-02
2.612022445799420112e-01
5.518743046300452620e-02
3.801555459412059301e-02
1.426929616633902491e-02
5.088653471744503977e-03
2.196215616409712395e-03
2.633120543549517523e-01
3.516962155118964484e-01
2.896642965326455821e-01
1.843743628166498172e-01
1.349347590395023611e-01
7.684421094146795528e-02
5.060690799149809849e-02
3.616355527030182260e-02
1.070484017814322952e-02
7.409921233354764200e-03
2.129618542010679617e-03
1.867145695480884257e-02
6.106829005798441318e-02
1.318624997265973597e-01
1.444719643120646047e-01
3.516962155118964484e-01
2.481017367343594515e-01
8.635628247633904409e-02
6.946702197264363610e-02
1.638207812024816967e-01
9.808846959726463810e-02
3.516962155118964484e-01
3.516962155118964484e-01
8.471752088469906850e-02
2.481561517777032891e-02
6.690298247705996244e-03
1.061818608062222932e-03
1.411181813415137614e-03
4.828063062360345679e-03
3.062343850162716624e-02
3.516962155118964484e-01
2.820357984758248282e-01
1.606170162928654832e-01
1.057767457797611499e-01
7.558776744395639957e-02
2.237487337354533354e-02
1.548795185590666652e-02
4.451252369814280921e-03
3.902641030703489500e-02
1.276427517317070270e-01
1.070300800403931885e-01
1.351893765656431157e-01
8.217349235072839153e-02
9.528607793388377267e-02
1.348577597458043842e-01
9.193962064370746201e-02
2.250037678701051480e-02
1.161255643574164373e-02
5.619003944742246431e-02
5.788751887529988149e-01
1.770735266264020780e-01
5.186870967237074831e-02
1.398382167622783112e-02
2.219375208382351732e-03
2.949601662123134144e-03
1.009144441785974830e-02
6.400801388286665727e-02
5.788751887529988149e-01
1.245995799650735369e-01
4.057045876482165414e-02
1.477137637626163846e-01
1.524070097388980360e-01
6.930894258383397954e-02
6.940069661092355957e-02
2.524555540831527681e-02
9.031333249198603488e-03
4.443489631308458754e-02
1.080261705387202710e-02
1.995513504715606956e-02
2.866114972344518952e-02
1.431899290588649898e-01
2.515486274878178108e-01
1.394974398972575746e-01
6.364190569918916351e-02
9.392301623800369467e-03
2.083408183036678310e-02
3.774737848776978932e-01
1.432291806038626658e-01
3.821101941846378330e-02
2.865423473035215093e-02
1.137500743795221390e-02
3.448413510512413072e-02
1.913141017796601145e-02
3.044442180344405363e-02
9.176869971567805373e-02
5.476435404326739824e-04
0.000000000000000000e+00
8.094161380139328760e-03
1.777689980220647711e-02
2.409354111777611829e-01
3.774737848776978932e-01
3.774737848776978932e-01
5.096696641349287432e-02
2.416722567264143612e-02
3.774737848776978932e-01
3.774737848776978932e-01
9.055733308099545020e-02
4.063347645533358504e-02
6.704395219114808735e-02
1.731684052067888058e-01
1.482238695331364875e-01
3.530752259938486903e-02
1.242026026942352895e-01
2.027877733055609699e-01
6.581102101624043688e-02
1.755721977461814978e-02
1.316606320089941384e-02
5.226594541718519206e-03
1.584478896382792226e-02
8.790510648627441331e-03
1.398861932105273896e-02
4.216593155220964978e-02
4.150110767749216611e-01
4.150110767749216611e-01
5.614545387639158225e-02
4.204450379969341955e-02
6.974888252809423837e-03
2.754650371559872260e-02
1.272871274487913547e-02
1.015379401526405462e-02
4.411364777367594164e-02
4.150110767749216611e-01
2.317592664397076507e-01
4.160933215872460872e-02
1.867029163813252110e-02
3.080539124821660146e-02
7.956751205560884388e-02
6.810598337452652973e-02
1.622311949298994860e-02
5.706867875470931356e-02
4.150110767749216611e-01
4.150110767749216611e-01
5.023172939891945576e-02
8.439954114747894032e-02
3.093716031933719732e-02
1.356668841680371516e-02
6.204206557373710858e-03
4.122306795709089824e-03
2.348780450476780843e-02
4.349471610772933095e-01
4.349471610772933095e-01
6.071549141661169297e-02
4.546677483783567036e-02
7.542619011997079952e-03
2.978868981243306541e-02
1.376478407508590664e-02
1.098027624350606489e-02
4.770433967200107123e-02
1.458465272153911252e-01
1.243357268878994559e-01
2.294203955276289952e-01
1.161547185594385689e-01
8.185053778075017383e-02
3.926103978723613497e-02
1.936009201865776519e-02
3.840745490510642790e-02
1.116328488521238921e-01
4.349471610772933095e-01
4.349471610772933095e-01
5.432041108575087068e-02
9.126935953509938970e-02
3.345533364034100621e-02
1.467096794578856729e-02
6.709206604873547627e-03
4.457847707893550226e-03
2.539962711752034169e-02
2.052650311901446645e-01
1.839019529222209182e-01
6.652559989395935569e-02
5.908002509653477452e-02
3.198827125382090741e-02
7.858897094544540704e-03
7.812828614216159664e-03
1.210895893395977710e-02
1.005161862096930203e-01
1.997843414859562794e-01
1.703182913830485201e-01
2.750389402509117454e-01
1.591117347868884202e-01
1.121209815757127637e-01
5.378078676061306268e-02
2.651995428964103174e-02
5.261152413342139178e-02
1.529175608219027205e-01
1.771796522980692845e-01
2.750389402509117454e-01
2.348157978997320594e-01
2.750389402509117454e-01
2.750389402509117454e-01
2.750389402509117454e-01
1.256531432224461120e-01
4.830753624766626758e-02
1.441951716909055936e-01
2.750389402509117454e-01
2.519136469275492507e-01
9.112848567963917346e-02
8.092934493704816157e-02
4.381836050357695161e-02
1.076532030495811441e-02
1.070221451024781431e-02
1.658716482929287195e-02
1.376896690925396294e-01
7.887294202221795114e-02
2.163650753976620322e-01
1.390462689025985243e-01
2.750389402509117454e-01
1.031068456788946652e-01
1.051411962374450282e-01
7.608969690766687055e-02
3.200914328292494421e-02
8.891081492104178918e-02
1.176191261060414300e-01
2.243760912919399719e-01
1.558803654180118403e-01
2.766169790433503084e-01
2.766169790433503084e-01
2.766169790433503084e-01
8.341371430980294710e-02
3.206852549991340978e-02
9.572267392455952040e-02
7.605877505964926677e-02
8.333196063187164881e-02
2.249841161087968999e-01
1.431059946938100236e-01
4.981062149946920842e-02
4.006883389315340355e-02
9.449242941253241379e-02
5.657779020200674747e-02
2.766169790433503084e-01
5.235909650877466209e-02
1.436320184516926279e-01
9.230462090035097822e-02
1.925930543106506576e-01
6.844655651485447023e-02
6.979704192210367530e-02
5.051146415445845889e-02
2.124898322978435727e-02
5.902264857589902686e-02
2.766169790433503084e-01
2.766169790433503084e-01
2.766169790433503084e-01
2.766169790433503084e-01
2.766169790433503084e-01
1.382089129975068442e-01
3.111410943764084114e-02
1.524786666505189084e-02
1.867253108715536195e-02
6.578228885941772575e-02
7.207277662844711885e-02
1.945859646443522661e-01
1.237705954780324302e-01
4.308058720608477776e-02
3.465503623154983504e-02
8.172532731126014305e-02
4.893342727617027571e-02
2.844642453031746010e-01
3.088900969501097160e-01
4.226305766875237263e-02
1.237977415287061511e-02
3.337591300019022208e-03
5.297098002591946924e-04
7.039967380847933975e-04
2.408577417068420885e-03
1.527712489570164783e-02
3.088900969501097160e-01
3.088900969501097160e-01
3.088900969501097160e-01
3.088900969501097160e-01
2.880103275833906240e-01
2.547948147254956441e-01
1.195351704075952037e-01
2.691020639006150988e-02
1.318769029166843611e-02
1.614963996920009554e-02
3.088900969501097160e-01
3.088900969501097160e-01
8.967771922082004576e-02
2.013277896923197641e-02
1.445383000418987152e-02
7.963546501892510357e-03
5.101074036271562723e-03
3.653258991246802027e-03
4.567096447419372041e-02
4.781889586924194524e-01
8.391848655885711383e-02
2.458156054377189093e-02
6.627197039193143124e-03
1.051803802307765823e-03
1.397871901874439462e-03
4.782525987220884178e-03
3.033460594039803088e-02
4.781889586924194524e-01
5.905009278207497964e-02
1.922710618242533948e-02
7.000434076757727775e-02
7.222855862149150930e-02
3.284681610764761395e-02
3.289030007295702662e-02
1.196434522182100724e-02
4.280119294627683993e-03
2.105853607841235570e-02
4.781889586924194524e-01
4.781889586924194524e-01
1.780661147152515222e-01
3.997610287840327320e-02
2.869985291734857002e-02
1.581259868412233580e-02
1.012880838636271916e-02
7.253993971658108386e-03
9.068530366157978584e-02
2.336983724424891024e-02
4.501170453015210238e-02
5.402544582466350248e-02
7.238882581163748331e-02
5.608234998680609179e-02
5.259496378177461184e-02
1.364092272071085882e-02
1.046869713746427510e-02
1.637936085810668546e-02
3.123796814459545135e-04
0.000000000000000000e+00
4.616965903592015232e-03
1.014006719210559446e-02
1.374312329755522921e-01
3.060010460721065972e-01
3.060010460721065972e-01
2.907191184969497993e-02
1.378515347973929828e-02
3.060010460721065972e-01
2.877098923708037437e-01
5.165453213980572555e-02
2.317761736243697038e-02
3.824233626822691468e-02
9.877646180627391859e-02
8.454792529985144522e-02
2.013965626898069419e-02
7.084602775325431201e-02
1.947996473804028961e-01
5.773010540770644183e-02
8.378825352478611044e-02
2.516660571738253971e-01
3.060010460721065972e-01
2.707261257594496540e-01
8.039609186430381194e-02
4.624002077935678717e-02
9.132419790268542226e-02
3.060010460721065972e-01
3.060010460721065972e-01
2.449788027127565715e-01
1.137881172797298723e-01
1.049180397111648955e-01
9.295895739029608196e-02
2.642036279378090144e-02
6.117046513207394232e-03
1.146354705434267651e-01
3.418352171885081781e-01
2.351487312297198540e-01
4.221786604155258055e-02
1.894334348671166540e-02
3.125591817032153524e-02
8.073118194758062416e-02
6.910202912572052658e-02
1.646038160185995039e-02
5.790330461551356639e-02
3.418352171885081781e-01
3.418352171885081781e-01
5.096636530260768849e-02
8.563387916298600966e-02
3.138961435587356991e-02
1.376510038717377454e-02
6.294942690600347293e-03
4.182595275010600987e-03
2.383131217799523693e-02
3.418352171885081781e-01
3.418352171885081781e-01
2.002241013035336303e-01
9.300038725419337848e-02
8.575076691973135268e-02
7.597646610841365944e-02
2.159367805671227533e-02
4.999535172742876690e-03
9.369293919677616767e-02
3.418352171885081781e-01
2.971032947072941299e-01
1.583312224293883033e-02
4.682823811304957090e-02
6.659458240504087523e-02
1.771384139579423173e-02
1.633707978376642070e-02
2.879263937427085571e-02
2.148013619533397089e-01
3.968419622810567260e-01
3.968419622810567260e-01
7.042900610014432572e-02
1.183350816198066868e-01
4.337643714290698865e-02
1.902161029889566299e-02
8.698806644814182851e-03
5.779812360350611820e-03
3.293182907576489016e-02
2.661359118033114202e-01
2.384376610063078661e-01
8.625361603672516975e-02
7.660007287779919960e-02
4.147432072470816355e-02
1.018943524816723345e-02
1.012970526422160220e-02
1.569984331083163626e-02
1.303240338249707364e-01
3.968419622810567260e-01
3.968419622810567260e-01
2.187935232209339484e-02
6.471064295327008664e-02
9.202520569386600513e-02
2.447826593703650994e-02
2.257575726496940244e-02
3.978774947143472185e-02
2.968280422099678351e-01
1.462913356741853688e-01
1.656262445728063359e-01
1.047580019845719829e-01
5.430091534406176340e-02
4.717381248268610189e-02
5.695632322678888942e-02
5.989331090235181648e-02
2.309735238294045867e-02
1.060200127011132337e-01
2.813684754601810112e-01
2.813684754601810112e-01
1.148488606363295278e-01
1.019949249539783137e-01
5.522410189585938434e-02
1.356748948683373507e-02
1.348795750988958722e-02
2.090473651157051527e-02
1.735297311124376907e-01
9.940324870679750902e-02
2.726840263567233968e-01
1.752394483469855435e-01
2.813684754601810112e-01
1.299451391264883071e-01
1.325090228785541224e-01
9.589553618536315882e-02
4.034099336307007955e-02
1.120539391801912421e-01
1.947905953994241990e-01
2.205355132306761889e-01
1.394879162555193453e-01
7.230303545905757134e-02
6.281311861987949607e-02
7.583877788782819596e-02
7.974945089773104179e-02
3.075470602608765258e-02
1.411683152876467284e-01
6.412645978458066109e-02
1.845381221260516957e-01
2.813684754601810112e-01
2.813684754601810112e-01
2.813684754601810112e-01
2.813684754601810112e-01
1.605232867219439363e-01
1.668903507830516234e-02
5.554911213906514600e-02
4.520205964315258951e-02
1.239987604375823588e-01
7.968737540337472725e-02
1.662672450115333378e-01
5.909050262993684882e-02
6.025638833072344269e-02
4.360698269478654326e-02
1.834443050689569393e-02
5.095476161964544726e-02
2.689998074060916400e-01
2.689998074060916400e-01
2.689998074060916400e-01
2.689998074060916400e-01
2.543296607172467749e-01
1.193169467216002311e-01
2.686107905448905861e-02
1.316361481350251245e-02
1.612015714879206502e-02
2.916049623726857387e-02
8.391580065337185534e-02
1.977261209468017533e-01
2.107064108224402932e-01
2.689998074060916400e-01
2.386613736114045203e-01
7.299543299558182430e-02
7.589075496127409802e-03
2.526008267034121624e-02
2.689998074060916400e-01
1.451752486245583840e-01
2.689998074060916400e-01
2.689998074060916400e-01
2.689998074060916400e-01
8.714808854668111560e-02
3.607813348837785559e-03
1.458978609164252385e-02
1.484641350634489931e-01
2.778420599769216293e-01
2.778420599769216293e-01
2.778420599769216293e-01
2.447389448042662785e-01
2.165138126147962971e-01
1.015759112460386804e-01
2.286715053459940222e-02
1.120633913884180356e-02
1.372327818309377299e-02
2.778420599769216293e-01
2.778420599769216293e-01
7.620431725040152648e-02
1.710798054448486177e-02
1.228225089456713541e-02
6.767083611640862216e-03
4.334676077350284144e-03
3.104384339674639073e-03
3.880924599959345578e-02
2.778420599769216293e-01
1.235893858717068555e-01
2.778420599769216293e-01
2.778420599769216293e-01
2.778420599769216293e-01
7.419018631221037385e-02
3.071373669734360056e-03
1.242045541612141896e-02
1.263892533355846781e-01
2.768266569936809196e-01
1.151156765121680026e-01
1.131119228809461252e-01
6.090687204467707533e-02
2.791551892760014975e-02
1.124868754148751829e-02
7.165079061338069585e-03
3.452439443258792807e-03
1.876143058167023259e-01
4.255302250924534180e-01
4.255302250924534180e-01
1.743489438507819234e-01
3.914159258916454637e-02
2.810073692467624992e-02
1.548250707059910768e-02
9.917367195062563173e-03
7.102565188671492412e-03
8.879222720991768181e-02
2.288198654760944042e-02
4.407207490490221147e-02
5.289765228864707486e-02
7.087769251909342705e-02
5.491161810603637644e-02
5.149703188552314653e-02
1.335616533953818547e-02
1.025016069075982209e-02
1.603743795459553617e-02
4.255302250924534180e-01
2.633747974490119881e-01
2.587903809494486174e-01
1.393497008752244970e-01
6.386831373452077354e-02
2.573603259407804267e-02
1.639308653401867419e-02
7.898885422240042864e-03
4.255302250924534180e-01
3.185615992511862254e-02
6.932404185683999076e-02
1.294070671984129117e-01
1.438762633323066309e-01
1.046507070439089276e-01
5.415494474223253585e-02
3.320943773012318898e-03
3.007041511079462399e-03
1.439191572362848344e-02
2.705251852664397050e-01
8.017184666855825537e-02
1.163597219643863340e-01
3.250764966321060268e-01
3.250764966321060268e-01
3.250764966321060268e-01
1.116489066523664170e-01
6.421515827301207957e-02
1.268251554310481921e-01
3.250764966321060268e-01
3.250764966321060268e-01
3.250764966321060268e-01
1.580215976885544493e-01
1.457034061012880688e-01
1.290954039617774884e-01
3.669089567516929662e-02
8.494959634281843905e-03
1.591983472449850501e-01
1.037071661776400311e-01
8.752257224782067357e-02
5.363770962563091382e-02
6.735580743956930128e-02
3.310696765482618042e-02
3.567291237859341463e-02
4.339674180158496763e-02
4.371998910972449415e-02
6.426115631587978050e-02
2.251914964761805582e-01
6.367410663309090724e-02
2.850729547285661691e-02
3.935716608900863972e-02
4.684187709434631947e-02
8.658231684318763721e-02
6.842704329617547987e-02
8.688000066298103008e-02
1.879579567325034284e-01
2.932658653583138375e-01
2.932658653583138375e-01
2.692898003164170273e-01
1.250801254693368059e-01
1.153298067038772967e-01
1.021839391655726959e-01
2.904224423599108609e-02
6.724084760914205740e-03
1.260115676539324825e-01
2.932658653583138375e-01
2.932658653583138375e-01
2.129463086325847007e-02
6.298126353687968915e-02
8.956584987150167931e-02
2.382408901453226396e-02
2.197242451873695004e-02
3.872442956268206532e-02
2.888953701953183573e-01
1.782476639008727382e-01
5.040048552421264039e-02
2.256461234852219847e-02
3.115269902683238598e-02
3.707713344176914033e-02
6.853320819800939878e-02
5.416261628900928549e-02
6.876883630248746548e-02
1.487758961746311337e-01
2.734315848713944064e-01
1.561211782745341170e-01
1.631038064906289997e-01
4.629296434976058056e-02
6.383265822552840196e-02
2.217293454907183492e-01
2.932658653583138375e-01
1.578392326501259491e-01
2.552528122963343971e-01
2.829981261289823413e-01
2.829981261289823413e-01
2.701704350265748608e-02
7.990594191346518660e-02
1.136344873911834252e-01
3.022623183515054518e-02
2.787697767073375049e-02
4.913067546597921914e-02
2.829981261289823413e-01
1.806433445463699050e-01
2.045184605527280985e-01
1.293571882386445604e-01
6.705181078889781154e-02
5.825112760508784071e-02
7.033075932580196143e-02
7.395740798657275683e-02
2.852105331728604573e-02
1.309155432542629116e-01
2.829981261289823413e-01
1.980749369272613025e-01
2.069339761606021899e-01
5.873306937019492219e-02
8.098612815801012332e-02
2.813136988100791713e-01
2.829981261289823413e-01
2.002546765106030524e-01
2.829981261289823413e-01
3.351560078749369481e-02
5.810336974144755112e-02
1.216992114736357850e-01
9.454146349110731373e-02
1.814454043036268227e-01
2.829981261289823413e-01
1.204348248253200998e-01
7.640790147401759803e-03
2.765921583758575858e-02
1.444803349672615922e-01
1.635758890638887297e-01
1.034611595244517707e-01
5.362870194453603356e-02
4.658982842538892527e-02
5.625123743922577635e-02
5.915186693450304872e-02
2.281142074316971219e-02
1.047075472904657883e-01
4.756396155031328982e-02
1.368758570932536445e-01
3.225129482600051500e-01
3.273979963011906524e-01
3.273979963011906524e-01
3.273979963011906524e-01
1.190635419953174762e-01
1.237861290710463337e-02
4.120196004601274498e-02
2.680610924563073955e-02
4.647165022354924485e-02
9.733623390951462451e-02
7.561519826701418312e-02
1.451218302998643073e-01
2.792734687661654336e-01
9.632496495335393649e-02
6.111179588062729158e-03
2.212211459647978745e-02
3.844504651330012124e-02
9.748462163272265946e-02
9.499603239804524368e-02
3.273979963011906524e-01
3.273979963011906524e-01
3.056275910142069452e-01
1.919126349317426539e-02
1.940583856746347022e-02
1.990291532355852738e-02
2.187701656026731778e-02
6.295597117499078521e-02
1.483396437136825508e-01
1.580778187521267308e-01
2.398041957657486289e-01
1.790504105386206968e-01
5.476320716474229744e-02
5.693535835433016605e-03
1.895081765400502202e-02
2.644385310472742723e-01
1.089145154615476091e-01
2.561060283474947963e-01
2.828214676101108438e-01
2.589179549616917320e-01
6.538092358986441477e-02
2.706682072097372094e-03
1.094566393317038429e-02
1.113819296819027471e-01
1.768277687177161051e-02
4.483799524508740725e-02
4.369337006828939718e-02
1.726651999524311532e-01
2.828214676101108438e-01
1.405732334305188347e-01
8.827010525784551032e-03
8.925704206896034609e-03
9.154334372894978866e-03
2.828214676101108438e-01
2.828214676101108438e-01
2.828214676101108438e-01
2.584490400315234138e-01
2.828214676101108438e-01
1.446127546912789608e-01
1.647287672676346973e-02
5.633899289191030869e-03
4.893784584207094834e-02
2.938998140365660094e-01
1.269937514548842294e-01
2.938998140365660094e-01
2.938998140365660094e-01
2.938998140365660094e-01
7.623381259216445438e-02
3.155977041946071097e-03
1.276258650325155265e-02
1.298707434417480100e-01
2.844520621765630475e-01
1.182866271924231522e-01
1.162276786118034144e-01
6.258459912055336360e-02
2.868447356883697605e-02
1.155854137280203087e-02
7.362446726733583822e-03
3.547539568044872586e-03
1.927822875258849433e-01
2.938998140365660094e-01
2.938998140365660094e-01
2.938998140365660094e-01
2.938998140365660094e-01
2.938998140365660094e-01
1.686177104001732041e-01
1.920728751278439478e-02
6.569096901560124262e-03
5.706127053192958792e-02
2.376329555289493148e-02
6.269022202682560801e-03
9.311774639119455368e-03
1.116122043262660415e-02
1.082682234354801973e-02
6.386768152580002585e-03
2.073873341630498145e-03
1.125373415356743399e-03
5.511518528813194595e-03
3.547366024341401247e-01
2.590515442327601670e-01
2.545423801626939819e-01
1.370622988598164671e-01
6.281992605489548909e-02
2.531357992676293647e-02
1.612399676245003521e-02
7.769226540155414924e-03
3.547366024341401247e-01
3.133324639205604945e-02
6.818609931327074269e-02
1.272828718506041623e-01
1.415145585518250426e-01
1.029328832042979980e-01
5.326600038878457483e-02
3.266431036840412860e-03
2.957681427995985206e-03
1.415567483595490776e-02
5.204238682892491086e-02
1.372936164451227063e-02
2.039308801904754151e-02
2.444343420064446284e-02
2.371109155616807698e-02
1.398722908795933112e-02
4.541849780014253421e-03
2.464604224553742801e-03
1.207040406718084408e-02
2.389175691485927178e-02
1.677274912444615962e-01
3.547366024341401247e-01
3.547366024341401247e-01
3.547366024341401247e-01
3.547366024341401247e-01
7.806015245553136334e-03
5.313627705448263627e-03
1.532692174975525297e-02
1.472515404431264385e-01
1.242713889699854218e-01
7.615901252847244451e-02
9.563704003133408071e-02
4.700786036543933011e-02
5.065118924224459862e-02
6.161808596283659817e-02
6.207705775641649687e-02
9.124301248345201287e-02
3.197444879943112661e-01
9.040947345916471034e-02
4.047688628435941460e-02
5.588238062696218589e-02
6.650975832832321799e-02
1.229363408547468756e-01
9.715806442990819469e-02
1.233590156094932083e-01
2.668773980381984878e-01
2.334609117702960979e-01
1.389083312666690717e-01
9.622236749638557463e-02
1.697805045047449113e-01
3.354318820054152939e-01
3.354318820054152939e-01
3.660921786174091679e-03
7.544483148809072101e-03
6.807331560420666616e-02
3.354318820054152939e-01
1.460402335589527367e-01
2.523206198965219915e-01
2.082196017385060938e-01
2.459603905801404089e-01
2.010870229576096901e-01
9.106444949508073206e-02
1.421484292594685922e-02
6.840374011999537929e-02
1.756168882745277049e-01
4.965661956843331337e-02
2.223157891130739944e-02
3.069291313398483240e-02
3.652990821133025173e-02
6.752171952109289887e-02
5.336322465787157743e-02
6.775386996611344748e-02
1.465800974029763948e-01
2.693959799539992761e-01
1.538169697279956338e-01
1.606965406152216780e-01
4.560972172196188501e-02
6.289054544968904203e-02
2.184568192483165583e-01
2.777742373582074431e-01
1.555096671621435667e-01
2.514855097553110874e-01
1.855216719986205742e-01
8.021133230908060463e-02
1.385849131964252967e-01
1.143628112698801685e-01
1.350916123790700529e-01
1.104453042043753025e-01
5.001635947839543073e-02
7.807379253431835989e-03
3.757016129212142203e-02
2.777742373582074431e-01
2.777742373582074431e-01
2.212993439024069087e-01
2.777742373582074431e-01
2.777742373582074431e-01
2.107317738679244101e-01
3.655421214936707686e-02
4.435447533226632294e-02
2.777742373582074431e-01
2.568213982656060712e-01
1.466372632927472053e-01
1.531957168191377949e-01
4.348079919061742515e-02
5.995500683727265218e-02
2.082599220284933050e-01
2.704095810555832702e-01
1.482509507796677950e-01
2.397469341224997275e-01
2.481200324145558730e-02
4.301462496540546521e-02
9.009539314876911786e-02
6.999018497286281504e-02
1.343262198483022030e-01
2.584983202442215355e-01
8.915935247280522280e-02
5.656569043970627667e-03
2.047645087342078729e-02
2.704095810555832702e-01
2.704095810555832702e-01
2.109697663119625144e-01
2.671443125040139366e-01
2.704095810555832702e-01
2.008954581764478831e-01
3.484797315201619561e-02
4.228414386924064100e-02
2.704095810555832702e-01
1.036486412231492071e-01
1.022442751375191028e-01
1.070224027746821543e-01
9.508628256280640678e-02
1.710274238455712081e-01
1.505946931614217388e-01
5.630339809806770429e-02
4.253491381211196853e-02
1.690172883934004389e-01
2.903161878024678941e-02
5.032984164230981661e-02
1.054173289555833254e-01
8.189295917454135487e-02
1.571702038274743751e-01
3.024594433441696317e-01
1.043221019477943989e-01
6.618544842615714692e-03
2.395874730244995643e-02
4.163684942621456025e-02
1.055780361948312901e-01
1.028828381226397082e-01
3.465047012955571604e-01
3.465047012955571604e-01
3.310015500476208294e-01
2.078456968669990454e-02
2.101695931472928949e-02
2.155530461337891099e-02
1.212754895200679750e-01
1.196322920551490254e-01
1.252230046911087247e-01
1.112569863759327315e-01
2.001129421810050601e-01
1.762053502752223277e-01
6.587854973694907967e-02
4.976854914240474992e-02
1.977609561049039066e-01
3.465047012955571604e-01
1.949861151693228212e-01
1.227480055123726932e-01
1.881248994321975399e-02
9.618179189429865161e-03
2.817990320632266302e-02
3.149859464699662076e-02
8.410923409479742485e-02
3.465047012955571604e-01
1.908257987900513486e-02
4.838745815114212784e-02
4.715222221924293688e-02
1.863337129858015084e-01
2.970450936402737607e-01
1.517012839804698920e-01
9.525773846075049830e-03
9.632280310926135541e-03
9.879009285513256494e-03
2.970450936402737607e-01
2.970450936402737607e-01
2.970450936402737607e-01
2.789083686808758178e-01
2.970450936402737607e-01
1.560605816004297375e-01
1.777690168546331578e-02
6.079889713921775643e-03
5.281186089491134855e-02
2.577864252367189635e-01
8.936406498789645214e-02
5.625662489976179098e-02
8.621950195839049591e-03
4.408106645968357974e-03
1.291512833770560795e-02
1.443611744670767610e-02
3.854809382300170700e-02
2.058818552789047907e-01
2.970450936402737607e-01
2.970450936402737607e-01
1.443187097387051143e-01
1.724315002424792465e-01
1.510900846202821168e-01
9.831794387753595155e-02
6.286616812095774387e-03
5.883486202645470120e-03
9.509481966518633367e-02
3.111485380394495293e-01
3.111485380394495293e-01
3.111485380394495293e-01
3.111485380394495293e-01
3.111485380394495293e-01
1.785744622654471814e-01
2.034146372307632164e-02
6.956997245317296345e-03
6.043069661686063798e-02
2.516650068929382131e-02
6.639203356025628888e-03
9.861628087413986526e-03
1.182028229568683926e-02
1.146613824523043910e-02
6.763902117721354822e-03
2.196334038158852253e-03
1.191825888385172590e-03
5.836969646978755304e-03
3.111485380394495293e-01
3.111485380394495293e-01
1.651386642426908580e-01
1.973071105954424254e-01
1.728869028810122999e-01
1.125016565933844581e-01
7.193547564517287739e-03
6.732259832105480860e-03
1.088135524793761161e-01
6.524960781269572262e-03
1.050839783738957700e-02
1.760340479908195643e-02
2.287020858978506266e-01
3.111485380394495293e-01
1.218975820303169477e-01
6.653641379451785166e-03
3.495253982739628530e-04
1.448714312974445223e-03
2.716312062396891366e-02
7.165933946609556564e-03
1.064401430275535403e-02
1.275806111350617257e-02
1.237582054380708708e-02
7.300525860972982561e-03
2.370583306181201378e-03
1.286381081289842548e-03
6.300053891353225508e-03
1.247011742813011748e-02
8.754406464110896235e-02
2.695849000166053444e-01
2.825995110887700168e-01
2.825995110887700168e-01
2.825995110887700168e-01
4.074289182863759760e-03
2.773406815264164733e-03
7.999768066966176511e-03
7.042627775568791569e-03
1.134209644581607272e-02
1.899999582196319411e-02
2.468464894223215966e-01
2.825995110887700168e-01
1.315684991464959874e-01
7.181517431049377724e-03
3.772554902118510980e-04
1.563650112458257746e-03
2.825995110887700168e-01
2.825995110887700168e-01
2.825995110887700168e-01
2.825995110887700168e-01
2.825995110887700168e-01
2.825995110887700168e-01
7.370952010484191352e-02
4.914518924182689763e-02
1.810732227230685554e-01
2.065495239860595245e-01
1.228961605746579644e-01
8.513067156503256738e-02
1.502096523210353640e-01
3.390158901549523707e-01
3.390158901549523707e-01
3.238921867265070597e-03
6.674819314680794681e-03
6.022640290223796322e-02
2.988418798360797934e-01
1.292059578439998246e-01
2.232352454049013335e-01
1.842178174390532441e-01
2.176081692156617564e-01
1.779074216609508041e-01
8.056731447090427489e-02
1.257627676353696884e-02
6.051873889087076158e-02
4.516486312332432598e-03
6.524349938417437107e-03
1.966772545039117970e-02
6.160445035159803351e-02
3.390158901549523707e-01
3.390158901549523707e-01
2.253072693570815771e-02
6.527261462694131620e-03
1.423126330735371980e-02
1.748517926969418365e-02
1.309906425405896885e-02
3.476011521279503969e-02
1.702424370672901421e-01
3.390158901549523707e-01
1.385177058454846177e-01
1.107593983438539577e-02
1.721262898364678967e-03
4.127117275964310890e-03
1.786525142631072705e-01
7.724141355042017654e-02
1.334536440662303924e-01
1.101283939038303905e-01
1.300896868132873363e-01
1.063559371371560897e-01
4.816444504213599626e-02
7.518301869560499798e-03
3.617908195737837979e-02
2.806744785032343481e-01
2.806744785032343481e-01
2.131054758564001617e-01
2.698486936479612686e-01
2.806744785032343481e-01
2.029291825103278768e-01
3.520074952450842620e-02
4.271219880440312033e-02
2.806744785032343481e-01
1.045292326693123691e-02
7.830832695756229783e-03
2.078015966921170979e-02
1.017736852446282231e-01
2.806744785032343481e-01
8.280812727060632428e-02
6.621376161618419166e-03
1.028998829311764812e-03
2.467257529012211251e-03
2.806744785032343481e-01
2.806744785032343481e-01
1.877106829355048301e-01
8.810764116172470350e-02
1.036135446682064226e-01
2.100465691207348273e-01
3.226019494343548150e-02
2.604947074165750096e-02
2.624772577490073200e-01
2.707302062301670253e-01
2.707302062301670253e-01
2.003168447251298945e-01
2.536548563453273064e-01
2.707302062301670253e-01
1.907512389334882208e-01
3.308832421303252447e-02
4.014900537579751960e-02
2.707302062301670253e-01
9.841490149430469347e-02
9.708144889571569680e-02
1.016183049045293746e-01
9.028489926588821601e-02
1.623913914544145298e-01
1.429904118196606844e-01
5.346035714724248905e-02
4.038711268655600234e-02
1.604827578227426554e-01
2.707302062301670253e-01
2.707302062301670253e-01
1.764460137672728413e-01
8.282023069920381453e-02
9.739561245581229709e-02
1.974415054447360429e-01
3.032423467917427784e-02
2.448622103565577593e-02
2.467257862478183239e-01
2.398275878813845852e-01
3.682119483154744355e-02
5.998505846523777274e-02
9.497078012819977488e-02
7.239374095760219008e-02
2.915809389024876311e-02
1.954399209197882695e-02
4.368875155039645547e-02
2.707302062301670253e-01
1.070306715414593435e-01
1.055804813270846965e-01
1.105145181237209423e-01
9.818892517044526536e-02
1.766080076900125306e-01
1.555085619014085485e-01
5.814056448196258664e-02
4.392281785409127975e-02
1.745322819998711694e-01
2.844254565958313496e-01
1.720833692811405968e-01
1.083302282460796434e-01
1.660280605716768498e-02
8.488443804470660256e-03
2.486993848536021845e-02
2.779882193031592633e-02
7.422990287344362337e-02
2.844254565958313496e-01
2.608233854361823312e-01
4.004472036186004780e-02
6.523647326273694647e-02
1.032850332581569941e-01
7.873147859157293704e-02
3.171075032903274832e-02
2.125497832588409478e-02
4.751349995018292610e-02
2.844254565958313496e-01
2.844254565958313496e-01
2.844254565958313496e-01
2.688611945080898735e-01
2.436188406457847622e-01
2.844254565958313496e-01
1.432070810815411488e-01
1.561228452291628420e-03
5.384710329589466327e-02
2.844254565958313496e-01
2.654578403251350305e-01
1.210965799286275318e-01
7.623293406148781703e-02
1.168354059512043998e-02
5.973392536023520820e-03
1.750119436987648477e-02
1.956227540097984358e-02
5.223623528501757096e-02
2.654578403251350305e-01
2.654578403251350305e-01
2.654578403251350305e-01
1.955652103721617074e-01
2.336606437291619265e-01
2.047410501203273114e-01
1.332299146284012803e-01
8.518947693009702379e-03
7.972668401936864463e-03
1.288622829763098609e-01
2.654578403251350305e-01
2.190327118813502616e-01
1.891999864162549339e-01
1.714367200713279027e-01
2.067143444129651841e-01
1.007760820408161867e-01
1.098650188275343944e-03
3.789268001571494821e-02
2.654578403251350305e-01
2.636482556126664711e-01
1.552312268077076785e-01
8.284668146004747769e-02
7.250447598939258054e-02
2.509478235882979802e-01
1.798472763802998475e-01
1.597772891965098391e-02
1.298711155069889184e-02
1.221301579519837033e-01
2.822965996155113455e-01
2.822965996155113455e-01
2.327657043928633429e-01
2.781076666090416816e-01
2.436869761175904370e-01
1.585729632876219930e-01
1.013942539511938391e-02
9.489232634659453686e-03
1.533745189626167238e-01
9.197041161456786726e-03
1.481176219922517891e-02
2.481229296943631910e-02
2.822965996155113455e-01
2.822965996155113455e-01
1.718166770646468999e-01
9.378418613036261856e-03
4.926618845170658515e-04
2.041987011763328041e-03
2.822965996155113455e-01
1.847593740364354420e-01
9.860581097201191747e-02
8.629630696170462190e-02
2.822965996155113455e-01
2.140578985911364973e-01
1.901701902656090237e-02
1.545752520284369470e-02
1.453618063724475551e-01
6.400309479429569515e-02
9.801524897852507967e-02
1.351592302440843274e-01
9.637044004301260902e-02
2.822965996155113455e-01
1.011138553413061386e-01
6.542035232827456831e-03
4.666431824657136379e-03
3.812506981068917999e-02
7.210530939380698813e-03
1.161250316589272635e-02
1.945297438516192454e-02
2.527315521958575228e-01
2.740281673694768827e-01
1.347052213997030345e-01
7.352731860672723566e-03
3.862496316588432538e-04
1.600929067039295840e-03
2.740281673694768827e-01
2.740281673694768827e-01
2.740281673694768827e-01
2.740281673694768827e-01
2.740281673694768827e-01
2.740281673694768827e-01
7.546682746553949606e-02
5.031685882636222767e-02
1.853901862125049704e-01
5.017877892777475313e-02
7.684449518966939008e-02
1.059655811373448470e-01
7.555495592256405990e-02
2.487628102079383619e-01
7.927381964908669643e-02
5.128991664244018575e-03
3.658508259070501149e-03
2.989026477211934041e-02
2.150278812963887787e-01
2.740281673694768827e-01
2.740281673694768827e-01
9.882528310225616175e-02
7.750235906417822507e-02
7.655992076174909788e-02
8.851549972004083347e-03
2.149047561544245241e-02
1.899143580311541124e-01
2.709972530243043645e-03
3.914726601191294113e-03
1.180098687720744499e-02
3.696377153578410402e-02
3.273789055361168154e-01
3.283859943117535818e-01
1.351883895130069624e-02
3.916473567807673452e-03
8.539012401803930744e-03
1.049142015062940088e-02
7.859672729099057009e-03
2.085669054670754793e-02
1.021485057254013645e-01
3.040698119587322834e-01
8.311309983793439826e-02
6.645761909174992266e-03
1.032788510652187615e-03
2.476344147532437770e-03
2.484172811795313900e-03
8.052677904275719681e-03
7.526859590115530553e-03
1.597527581254053891e-02
4.096336869877066356e-01
4.096336869877066356e-01
1.462189896463528867e-03
2.260165952256862516e-03
1.056610587999151250e-03
7.161261583486022882e-03
7.309618873528597044e-03
1.139445638723342834e-02
2.961748000352081023e-02
4.096336869877066356e-01
4.096336869877066356e-01
5.008634977441585659e-03
5.813570395487403786e-04
4.686428146496545008e-04
9.746060322022458144e-03
7.301284614415032639e-03
1.937493316133876570e-02
9.489139547466253488e-02
2.824672624780969477e-01
7.720835434487756388e-02
6.173615728156015003e-03
9.594143576552978609e-04
2.300413013055295410e-03
3.464405059110454710e-01
3.566444032667641650e-01
1.750170351642261202e-01
8.214949671637407358e-02
9.660683721936204338e-02
1.958424912159079934e-01
3.007864861244985422e-02
2.428791513357075882e-02
2.447276347348403269e-01
6.652491881211119659e-03
6.790309171645339884e-03
1.058494061740239411e-02
2.751331493318288565e-02
3.566444032667641650e-01
3.566444032667641650e-01
4.652797993054239717e-03
5.400547013394090641e-04
4.353482250716948494e-04
5.724668830633587550e-03
5.393656279136484905e-03
2.365286668440147282e-03
3.119464871264323799e-02
3.566444032667641650e-01
3.566444032667641650e-01
1.309673103673453763e-02
8.868687149702137503e-04
5.852717260643345784e-03
3.036201671026990678e-01
3.036201671026990678e-01
1.913583304063840584e-01
8.981977394725788877e-02
1.056269925884170957e-01
2.141282538956144621e-01
3.288708424272978464e-02
2.655567147878441780e-02
2.675777906031786557e-01
2.600965917139032579e-01
3.993313431170296413e-02
6.505468948920109518e-02
1.029972258069505875e-01
7.851209050146587543e-02
3.162238718540834326e-02
2.119575056611632674e-02
4.738110187771121112e-02
3.036201671026990678e-01
6.259179676604564174e-03
5.897260568909668162e-03
2.586132872039996304e-03
3.410728498322326829e-02
3.036201671026990678e-01
3.036201671026990678e-01
1.431956942145286293e-02
9.696754171793013329e-04
6.399183955358536333e-03
3.036201671026990678e-01
1.633773679093801778e-01
7.286230220729797424e-02
2.854330540977817812e-02
1.009459076742119238e-01
1.239247216285192521e-01
9.571026023002533745e-02
1.291007575920505024e-01
3.036201671026990678e-01
2.173400592059414327e-01
3.336864092833247836e-02
5.436053572266520695e-02
8.606580735034585761e-02
6.560571319112250277e-02
2.642407367901881271e-02
1.771144194008230158e-02
3.959225847400458381e-02
2.606012829063976133e-01
2.914283582697924646e-01
2.593637379188563630e-01
2.240378401455338786e-01
2.030037803592305012e-01
2.447771594839918963e-01
1.193322271656032663e-01
1.300947319917700835e-03
4.486995136125049299e-02
2.914283582697924646e-01
2.670825907032485236e-01
1.365202311201123286e-01
6.088467738567772403e-02
2.385115332275555139e-02
8.435169952032076091e-02
1.035530921737274901e-01
7.997672513867790101e-02
1.078782544349976419e-01
2.914283582697924646e-01
2.914283582697924646e-01
2.914283582697924646e-01
1.181812744351150302e-01
5.866535836008728022e-02
4.462178137130055205e-02
3.385874119990944092e-02
5.115028413957480036e-03
2.433144087656649232e-02
2.360318179787407045e-01
2.850455285541623751e-01
2.201917463768411354e-01
1.902011579258403862e-01
1.723438953998428225e-01
2.078081949790723804e-01
1.013093492153969155e-01
1.104463810613994738e-03
3.809319309381901247e-02
2.753075957137777197e-01
2.650433779225094266e-01
1.560526490742820127e-01
8.328507333687890091e-02
7.288814100466535495e-02
2.522757402342132305e-01
1.807989570468742646e-01
1.606227674275198872e-02
1.305583420931347334e-02
1.227764224518853309e-01
2.850455285541623751e-01
2.850455285541623751e-01
1.003322261458539921e-01
4.980506455058954923e-02
3.788250449130320385e-02
2.874501815385632764e-02
4.342500028237668286e-03
2.065663651158585606e-02
2.003836720517170045e-01
1.652587953362110729e-01
1.511086988203179104e-01
1.388429159989575112e-01
6.949394444771803125e-02
2.850455285541623751e-01
2.850455285541623751e-01
9.483744134734684028e-03
1.216033928201215586e-04
1.598555392079025958e-02
2.922422501047531873e-01
1.993317745778069028e-01
1.063830800858786424e-01
9.310269693160738713e-02
2.922422501047531873e-01
2.309411417477146566e-01
2.051693544381006165e-02
1.667669608285415189e-02
1.568268293350110476e-01
6.905116739193241371e-02
1.057459390976399349e-01
1.458195523535965321e-01
1.039714002648093050e-01
2.922422501047531873e-01
1.090889397341837097e-01
7.058020731618580741e-03
5.034484130541743742e-03
4.113208253113469215e-02
2.110911229919414933e-01
1.930166855140001969e-01
1.773491510577031582e-01
8.876716512887494748e-02
2.922422501047531873e-01
2.922422501047531873e-01
1.211393436274628595e-02
1.553284755453197439e-04
2.041893456818911351e-02
8.960241698455899406e-02
7.860908724350673671e-02
1.184504225478954648e-01
1.485637533204570981e-01
2.922422501047531873e-01
2.922422501047531873e-01
1.036551544212341164e-01
3.182856044232366954e-02
1.354473789198497868e-01
6.207961102395333913e-02
9.506959859611482933e-02
1.310972925108853659e-01
9.347422107173863903e-02
2.765410072309975043e-01
9.807508260178729453e-02
6.345427574466645966e-03
4.526191639256961323e-03
3.697929782482318323e-02
2.660257486416400252e-01
2.765410072309975043e-01
2.765410072309975043e-01
1.222635397953913267e-01
9.588348714240650661e-02
9.471753204188312902e-02
1.095085992451166022e-02
2.658734220788232933e-02
2.349560855477894061e-01
8.055596166296509486e-02
7.067254245429409332e-02
1.064914097057740872e-01
1.335644329667057539e-01
2.765410072309975043e-01
2.765410072309975043e-01
9.318990409783932394e-02
2.861507960461645225e-02
1.217723163148245746e-01
2.765410072309975043e-01
1.333594043077322988e-01
2.765410072309975043e-01
2.765410072309975043e-01
1.020467327846725364e-01
4.492663854037218935e-02
2.679056970475496985e-02
7.757922663262224738e-02
2.765410072309975043e-01
1.970969814511271297e-03
6.389082514689836678e-03
5.971892526857246544e-03
1.267495814119867781e-02
3.530550787698316095e-01
3.530550787698316095e-01
1.160117418292732055e-03
1.793240327940377960e-03
8.383263695468405260e-04
5.681823079236375182e-03
5.799531371931716459e-03
9.040486026321063739e-03
2.349883180093373033e-02
3.530550787698316095e-01
3.530550787698316095e-01
3.973905641978384314e-03
4.612550185573060157e-04
3.718263226601069261e-04
6.119341992019043880e-04
1.349351687834877966e-02
0.000000000000000000e+00
2.962320389260829703e-02
3.530550787698316095e-01
3.530550787698316095e-01
4.785380107522100267e-03
4.342836040971987397e-04
3.131568025718961838e-04
8.365907643707239105e-03
6.645482986028596745e-03
3.910190587827294673e-03
2.203836921029203935e-02
3.530550787698316095e-01
3.530550787698316095e-01
5.024938778087749240e-03
2.313688341806919083e-03
1.121221101552484674e-02
6.185388649539646025e-03
6.313529129706145146e-03
9.841721375992484866e-03
2.558147366997414948e-02
3.526240022172427158e-01
3.526240022172427158e-01
4.326102821127999001e-03
5.021348811006980453e-04
4.047803466789732726e-04
5.322712487238382729e-03
5.014941908116294159e-03
2.199208593278828214e-03
2.900432342029890184e-02
3.526240022172427158e-01
3.526240022172427158e-01
1.217714699201457966e-02
8.245974262218693689e-04
5.441770025333346819e-03
9.107356822070974273e-03
7.234455290011339475e-03
4.256740863310065973e-03
2.399157398368428548e-02
3.526240022172427158e-01
3.526240022172427158e-01
5.470286358651073669e-03
2.518744671984418041e-03
1.220592084345426681e-02
4.369956523311104013e-03
1.022301041705797088e-02
3.030116470910077311e-02
3.524468489979774161e-02
3.526240022172427158e-01
3.526240022172427158e-01
1.061218723335445591e-02
1.642077341354181933e-03
3.212362620580975353e-03
5.063800659461082342e-03
4.771000913982108814e-03
2.092232851509090961e-03
2.759347088821148888e-02
3.341128208537868516e-01
3.341128208537868516e-01
1.158481603437325376e-02
7.844866692881742902e-04
5.177066901318885112e-03
2.585828053910811386e-01
1.321755351508504539e-01
5.894704945861516110e-02
2.309210091818958074e-02
8.166724399384357735e-02
1.002575608192869533e-01
7.743150123674158447e-02
1.044450767047140211e-01
3.061704170840955364e-01
4.157389447131334612e-03
9.725734203320537258e-03
2.882723013956990307e-02
3.353028349098218647e-02
3.341128208537868516e-01
3.341128208537868516e-01
1.009598035577270216e-02
1.562202043407685597e-03
3.056104194154184075e-03
3.341128208537868516e-01
3.341128208537868516e-01
1.300564475656964536e-01
6.512765043377169438e-02
1.237674349618687053e-01
1.150027260471176566e-01
6.907955332479552048e-03
8.469110401906697339e-02
2.332920236398179081e-01
2.104931722690955853e-01
1.075943454484134809e-01
4.798444126120980646e-02
1.879757460777967126e-02
6.647927433821280985e-02
8.161227885549648953e-02
6.303126885884693942e-02
8.502102639892913927e-02
2.492307338437059483e-01
3.006090919044067666e-01
3.006090919044067666e-01
9.314104409857125455e-02
4.623535121103600903e-02
3.516732516489268906e-02
2.668475629744808744e-02
4.031256976598492602e-03
1.917609890820986054e-02
1.860214325163148108e-01
3.006090919044067666e-01
2.979783381408177556e-01
1.058693526847201971e-01
5.301561223881044727e-02
1.007499318035911667e-01
9.361522932137884834e-02
5.623256463737741871e-03
6.894077555150628089e-02
1.899058139103778631e-01
3.006090919044067666e-01
3.006090919044067666e-01
1.328334112855229787e-01
2.433895707456704693e-01
3.485924456738086902e-02
1.473950000827161655e-01
3.909870299348351674e-02
5.650270949682992261e-02
3.006090919044067666e-01
2.790949121632798069e-01
2.790949121632798069e-01
9.306664734963530916e-02
4.619842055549846366e-02
3.513923513555747974e-02
2.666344175095689342e-02
4.028036995374459535e-03
1.916078192921470344e-02
1.858728472181193914e-01
1.532915456756887840e-01
1.401661313098843398e-01
1.287885776747910715e-01
6.446152616457398454e-02
2.790949121632798069e-01
2.790949121632798069e-01
8.796976852267296421e-03
1.127974581133829466e-04
1.482795674514438521e-02
2.790949121632798069e-01
2.790949121632798069e-01
1.327273101134204547e-01
2.431951624376722521e-01
3.483140061854740621e-02
1.472772677884124914e-01
3.906747276175830813e-02
5.645757775138602469e-02
2.790949121632798069e-01
2.466869273020764197e-01
7.534761641243518937e-02
2.493502494642224968e-02
6.880053918439461846e-02
2.790949121632798069e-01
2.678478207842229786e-01
4.531106584070086069e-02
3.296721182332307265e-02
1.176585676222223625e-01
1.898927393013157272e-01
1.736333893325931188e-01
1.595392341931675395e-01
7.985290858004383263e-02
2.964424988827371044e-01
2.964424988827371044e-01
1.089741788879510474e-02
1.397299388753747197e-04
1.836840585151361741e-02
8.060428201836887518e-02
7.071493438033139844e-02
1.065552870732365126e-01
1.336445497046482300e-01
2.964424988827371044e-01
2.964424988827371044e-01
9.324580274510382849e-02
2.863224395580609566e-02
1.218453597182078268e-01
2.964424988827371044e-01
9.333825435260946490e-02
3.088872364585796074e-02
8.522794126410977722e-02
2.964424988827371044e-01
2.964424988827371044e-01
5.612992142017097369e-02
4.083874379805656901e-02
1.457517282480915166e-01
1.219140359680494050e-02
1.060267350669596986e-02
1.046244542859453910e-02
4.197680390948991397e-02
2.964424988827371044e-01
2.964424988827371044e-01
1.232312825243873748e-02
5.984685141189576528e-03
1.475898207635223565e-02
6.584717379692016370e-02
5.776837728197053295e-02
8.704704429093690354e-02
1.091767790873399563e-01
2.898292999487027677e-01
2.898292999487027677e-01
7.617427294732247167e-02
2.339022563992479778e-02
9.953779596826739517e-02
2.898292999487027677e-01
1.090091868016534182e-01
2.898292999487027677e-01
2.374574803223266917e-01
8.341392505738566554e-02
3.672344187828557177e-02
2.189885469741126300e-02
6.341396358076704931e-02
2.898292999487027677e-01
9.959389890530500819e-03
8.661526008609666052e-03
8.546971019733904176e-03
3.429165093037514489e-02
2.898292999487027677e-01
2.898292999487027677e-01
1.006699827157012637e-02
4.889003322701271359e-03
1.205689367254364659e-02
1.620455729082426188e-01
4.380702249014369748e-02
6.186393066028074428e-02
1.628200713630820889e-02
2.898292999487027677e-01
2.898292999487027677e-01
2.177109132626228391e-02
3.237731259876384243e-02
2.898292999487027677e-01
1.725105609524496628e-03
3.803961551652483564e-02
0.000000000000000000e+00
8.351086648511578392e-02
4.698158561510752396e-01
4.698158561510752396e-01
1.349047998618153714e-02
1.224290262792460159e-03
8.828213188315170651e-04
2.358435633070646645e-02
1.873430181243228645e-02
1.102323048159156368e-02
6.212843537594594373e-02
4.698158561510752396e-01
4.698158561510752396e-01
1.416582058152988759e-02
6.522526020523361501e-03
3.160837904349974442e-02
5.964708673591535837e-02
2.836274461822849147e-02
3.345830404585415502e-02
3.229052209667796630e-02
1.124245526763830855e-01
1.949269951914643362e-01
6.312370801875173687e-02
1.246600426633986784e-02
5.992039067392967988e-02
6.220404789269735890e-02
9.208660158507903093e-02
1.004902080694713290e-01
6.021608182993287706e-02
5.329374680503928124e-02
6.396669430511801868e-02
5.146907246159539845e-02
3.048548963209165782e-02
2.963788996246179488e-02
2.340929584746260020e-02
1.859524201014076811e-02
1.094140793668269863e-02
6.166727231651839003e-02
4.631841492243320979e-01
4.631841492243320979e-01
1.406067141562622816e-02
6.474111022839628901e-03
3.137375834695328020e-02
1.123241431002553956e-02
2.627694071727203901e-02
7.788526825687000499e-02
9.059195461305638575e-02
4.631841492243320979e-01
4.631841492243320979e-01
2.727726994644858252e-02
4.220749778357076910e-03
8.256967243478479171e-03
6.174232358141555632e-02
9.140306692559035939e-02
9.974429564603096154e-02
5.976911366864898212e-02
5.289816131867944998e-02
6.349188633242863755e-02
5.108703105368514463e-02
3.025920384874927413e-02
2.941789568886774703e-02
9.632703627237053368e-02
1.045950378639161488e-01
1.249178307213660993e-01
1.574560753680455394e-01
1.021628597752643752e-01
8.424018830004526004e-02
3.393247554598646104e-02
2.539263574716974295e-02
5.502527659348943612e-02
4.134934364906215319e-03
9.673203122455379180e-03
2.867152718430475769e-02
3.334917818862926514e-02
3.267111294256326293e-01
3.267111294256326293e-01
1.004144948443744939e-02
1.553764206206464677e-03
3.039597424259048251e-03
3.267111294256326293e-01
3.267111294256326293e-01
1.293539807265578212e-01
6.477587998642322931e-02
1.230989366255440948e-01
1.143815680578696842e-01
6.870643767861685756e-03
8.423366655051407748e-02
2.320319560806164971e-01
3.546040606752572100e-02
3.850406551298144603e-02
4.598539697545572097e-02
5.796354363651621405e-02
3.760871955415567153e-02
3.101093317018463816e-02
1.249139814013147838e-02
9.347668209923736329e-03
2.025618899418710206e-02
3.267111294256326293e-01
3.267111294256326293e-01
3.267111294256326293e-01
2.125836324434963454e-01
2.324197117651648214e-01
7.936002239964035088e-02
2.932562286142463212e-02
1.446419723345557587e-02
1.506422596959724469e-01
2.657113295741831971e-01
2.406835131057659949e-01
8.551295336894614019e-02
4.282185034893330050e-02
8.137788700665622710e-02
7.561503434730694473e-02
4.542025199655648666e-03
5.568494730020007860e-02
1.533910106900435721e-01
2.657113295741831971e-01
2.631794331878644089e-01
1.072924034864376625e-01
1.965909914991499641e-01
2.815656164484470550e-02
1.190541119716154034e-01
3.158086340458545610e-02
4.563845381023921843e-02
2.510886513923691332e-01
2.387777210658594829e-01
2.657113295741831971e-01
2.603694600530602754e-01
1.405341694630168059e-01
1.536473470902461613e-01
5.246309279932087621e-02
1.938649747134872994e-02
9.561949439796265521e-03
9.958614691576767042e-02
1.351298451550900503e-01
1.833705552247940351e-01
2.026306031501735605e-01
1.632977126540475499e-01
1.523653863817685805e-01
2.386277589283210820e-01
2.657113295741831971e-01
8.333260727028210524e-02
1.516415225421654522e-01
2.456309538164458683e-01
2.456309538164458683e-01
1.297258720577612601e-01
2.376956520892075098e-01
3.404373837134989228e-02
1.439468032751491100e-01
3.818401780900315678e-02
5.518087047653397886e-02
2.456309538164458683e-01
2.411084556913327681e-01
7.364373796337871092e-02
2.437115506366000633e-02
6.724471351158131660e-02
2.456309538164458683e-01
2.456309538164458683e-01
4.428642097115183945e-02
3.222170553625265665e-02
1.149978875998975553e-01
1.633837665496063740e-01
2.217109917689484566e-01
2.449980692488556433e-01
1.974411746844854654e-01
1.842230388872886648e-01
2.456309538164458683e-01
2.456309538164458683e-01
1.007563890611395813e-01
1.833478243819536002e-01
1.190197864512221038e-01
2.026502232106054957e-01
1.963596641623416572e-01
1.151404047387018376e-01
2.404193449677376540e-02
1.254199256028822873e-01
9.913604964890190829e-02
3.575434295876121771e-02
7.762493868651318407e-02
3.105917625523420544e-01
1.358629879654341954e-01
4.496156820236799773e-02
1.240576314459512219e-01
3.105917625523420544e-01
3.105917625523420544e-01
8.170260833891687668e-02
5.944479887311808486e-02
2.121559422581816845e-01
1.774578420866035344e-02
1.543323166940489821e-02
1.522911594193974462e-02
6.110135703671402269e-02
3.105917625523420544e-01
3.105917625523420544e-01
1.793752237033109306e-02
8.711296466319870188e-03
2.148314662760181237e-02
2.195758154252311634e-01
3.105917625523420544e-01
3.105917625523420544e-01
2.124188675910030633e-01
4.435419965816019688e-02
2.313832284190082689e-01
1.828929423311893843e-01
6.596204920415360551e-02
1.432077784512752472e-01
1.217835017237730959e-02
2.578936131365279494e-02
6.657541035873801305e-02
8.932306523555581801e-02
5.959611095237137696e-02
5.748957625854613646e-02
2.149730223635167373e-02
1.140672011157196387e-02
2.094300632477547400e-02
1.783692430670861043e-02
1.551249479077569660e-02
1.530733075081019620e-02
6.141516586058612392e-02
4.097202616818150789e-01
4.097202616818150789e-01
1.802964721127089248e-02
8.756036580632788405e-03
2.159348134524529533e-02
2.902180404594636998e-01
7.845686862826024843e-02
1.107961693067244929e-01
2.916051405194552970e-02
4.097202616818150789e-01
4.097202616818150789e-01
3.899127479989598216e-02
5.798665183576136306e-02
4.097202616818150789e-01
1.224089663500333401e-02
2.592181220402151390e-02
6.691733322652185234e-02
8.978181717504836457e-02
5.990218902317555327e-02
5.778483543420993157e-02
2.160770965540717570e-02
1.146530358002586028e-02
2.105056695029766320e-02
3.371946796422502224e-02
3.122513110128702710e-02
2.339765710295750589e-02
5.847425606423195532e-02
1.019453554208052531e-01
8.810262082406403183e-02
2.699803006147037318e-02
8.261592309607759463e-03
2.150837301149775144e-02
1.468948022628658590e-01
6.984984498527326002e-02
8.239884336056277347e-02
7.952290912977846848e-02
2.478890256841359552e-01
2.478890256841359552e-01
1.554567895087176355e-01
3.070043034657416250e-02
1.475678766765421701e-01
1.531919128859259849e-01
2.267846406445604979e-01
2.474804730878983061e-01
1.482960848132492682e-01
1.312482273180268777e-01
1.575328389961692666e-01
1.267545430235863524e-01
7.507759752323850400e-02
7.299018650818588083e-02
6.581590186325511627e-02
2.413003741062893781e-01
1.968530606898282465e-01
2.478890256841359552e-01
2.478890256841359552e-01
2.478890256841359552e-01
7.008869484414752271e-02
4.188534664610023966e-02
3.641397417441475520e-02
1.090295937327942777e-01
1.247218925801184680e-01
1.847872080140289808e-01
2.478890256841359552e-01
2.478890256841359552e-01
2.478890256841359552e-01
1.308753930577071234e-01
4.017995198700904241e-02
7.146675338667263233e-02
1.400618696421964404e-01
2.073469818113942986e-01
2.262689792667954281e-01
1.355856618555852100e-01
1.199989722634745709e-01
1.440307359845864887e-01
1.158904406053459235e-01
6.864271409143817004e-02
6.673421458926344363e-02
2.185169591100537267e-01
2.372728415249666656e-01
2.397477365201329536e-01
2.397477365201329536e-01
2.317554688276117492e-01
1.910980602593723987e-01
7.697549575198561755e-02
5.760295096769542378e-02
1.248243128896903004e-01
9.968469259807273553e-02
1.140320081588945683e-01
1.689491393692503229e-01
2.397477365201329536e-01
2.397477365201329536e-01
2.397477365201329536e-01
1.196580935409408547e-01
3.673613764210132554e-02
6.534135456647045814e-02
1.486383052575571684e-01
1.535124401374787784e-01
1.439578948573142780e-01
1.704291190787854959e-01
2.397477365201329536e-01
2.397477365201329536e-01
5.462109242012255089e-02
2.290183994161546985e-02
1.351122447983777175e-01
5.572226740393599470e-02
6.050505542907136380e-02
7.226117439442192314e-02
9.108356153742813710e-02
5.909811421013217575e-02
4.873039263182891989e-02
1.962890740980175949e-02
1.468886923079125439e-02
3.183045274691397725e-02
3.357787869588421681e-01
3.357787869588421681e-01
3.357787869588421681e-01
3.340526329608127232e-01
3.357787869588421681e-01
1.247058587235086030e-01
4.608210621614299701e-02
2.272895196098696433e-02
2.367183348416137811e-01
3.790306906045719237e-02
3.914598333241104539e-02
3.670955492340961107e-02
4.345977074457835210e-02
1.329408688374615899e-01
7.328838162139061918e-02
1.392848925833847264e-02
5.840015596346110997e-03
3.445389623241774946e-02
6.643400026035352346e-02
1.962158911026194719e-01
1.720556448841777386e-01
1.116430204702030110e-01
3.039472867988707860e-01
3.357787869588421681e-01
9.573516783545608921e-02
5.159204884924913082e-02
5.312224813842479632e-02
2.512600612875043327e-01
2.512600612875043327e-01
2.512600612875043327e-01
1.668281354163385355e-01
1.823947907094459198e-01
6.227894599105530948e-02
2.301371429992184886e-02
1.135099173447856602e-02
1.182187311935349594e-01
1.604126611518118528e-01
2.176792159181016595e-01
2.405428219414464108e-01
1.938507412391048956e-01
1.808729749440024515e-01
2.512600612875043327e-01
2.512600612875043327e-01
9.892415163802359412e-02
1.800136760623302634e-01
3.317758729650087390e-02
9.799153792493939252e-02
8.592574819564513522e-02
5.575527656289116368e-02
1.517933227230664206e-01
2.354838551799832702e-01
4.781078778574675281e-02
2.576541677143003722e-02
2.652960860541126939e-02
2.332130122660908481e-02
2.748836169666069376e-02
2.512600612875043327e-01
2.512600612875043327e-01
2.512600612875043327e-01
2.512600612875043327e-01
6.028330707685035372e-02
1.155663923078173450e-02
1.822794187146446060e-02
1.941839898209857251e-01
2.518738694996742744e-01
2.518738694996742744e-01
2.346617161842383670e-01
2.189517689765030362e-01
2.518738694996742744e-01
2.518738694996742744e-01
1.197504381312400612e-01
2.179115637701701802e-01
1.414567523372822211e-01
2.408527463418519421e-01
2.333763251526911331e-01
1.368460505834636631e-01
2.857418984878684620e-02
1.490634110777730448e-01
1.178246411039266112e-01
4.249455815460172897e-02
9.225837194284483567e-02
2.823108405211348371e-02
3.327542669994314889e-02
2.518738694996742744e-01
2.518738694996742744e-01
2.518738694996742744e-01
2.518738694996742744e-01
7.297462060496616443e-02
1.398963335338681419e-02
2.206543082952897722e-02
1.077089666674734547e-01
1.064762883042535691e-01
1.163694604080258987e-01
1.857591787668994854e-01
1.054394215242323157e-01
3.179211154899142661e-02
1.125305741305569936e-02
2.832913344672745044e-03
1.810554845633041351e-02
2.721103454370854546e-01
2.721103454370854546e-01
2.721103454370854546e-01
2.721103454370854546e-01
7.076310282546494079e-02
2.721103454370854546e-01
2.721103454370854546e-01
1.052364670400077751e-01
2.284750222088516580e-01
1.942945317769714450e-02
4.114458699527751701e-02
1.062150291330116875e-01
1.425068493775981104e-01
9.508018992164590788e-02
9.171940487099872197e-02
3.429699600815997590e-02
1.819838739910535977e-02
3.341266715342017246e-02
2.667379451123298995e-01
2.636852550368155579e-01
2.721103454370854546e-01
2.721103454370854546e-01
2.611174863280881220e-01
7.873218700111093982e-02
2.786785077844398939e-02
7.015622817849385441e-03
4.483783421006221070e-02
2.848896959593853750e-02
2.027714139011758260e-02
3.455537920342284519e-02
1.131811872681719455e-01
1.712665949334399862e-01
1.356268269237868862e-01
5.090816293509026896e-02
1.770962026571851547e-02
4.327272923276720418e-02
4.830729255064507982e-02
1.022974544202748387e-01
2.500646242012714016e-01
2.500646242012714016e-01
2.363971084676832202e-01
2.280412157332542544e-01
8.527234424056295836e-02
4.524650364569610811e-02
8.307364454962518074e-02
1.330700072200617368e-01
1.232263932961237679e-01
9.233616624456850164e-02
2.307619350610924935e-01
2.500646242012714016e-01
2.500646242012714016e-01
1.065446245776753426e-01
3.260342510312137093e-02
8.488032358542484113e-02
7.083189506934706170e-02
5.041489290844274052e-02
8.591476029260404490e-02
2.500646242012714016e-01
2.500646242012714016e-01
2.500646242012714016e-01
1.265725544424606830e-01
4.403128586855550863e-02
1.075886372814480602e-01
1.649916570021673634e-01
1.507083539772295089e-01
1.494622703742641279e-01
2.500646242012714016e-01
2.500646242012714016e-01
2.500646242012714016e-01
6.279175384610774513e-02
2.460044511128347058e-02
4.675852716325976793e-02
5.861775584303758474e-02
2.149098624156807191e-01
1.753236576845156047e-01
2.447917204574825423e-01
2.447917204574825423e-01
2.303473809088054935e-01
6.242324249035538508e-02
3.730443484924490793e-02
3.243145481566683114e-02
9.710525760739652235e-02
1.110813229108787159e-01
1.645774218028352720e-01
2.447917204574825423e-01
2.447917204574825423e-01
2.447917204574825423e-01
1.165618280527020018e-01
3.578555559799151409e-02
6.365058568396507466e-02
2.447917204574825423e-01
8.413143095465584753e-02
2.104839399071132544e-01
1.167563973119617876e-01
2.447917204574825423e-01
1.664277822828247044e-01
8.509758750361562374e-02
8.827206522551987733e-02
1.565148348547657775e-01
2.447917204574825423e-01
2.447917204574825423e-01
1.286134657815631577e-01
1.265442474998207667e-01
1.018789316996815825e-01
1.851307070497931750e-01
9.017761651975551851e-02
7.064410477094612562e-02
1.748917101677680275e-01
8.613935595570855475e-02
9.853713228316850203e-02
1.459920242039230709e-01
2.485002142248638746e-01
2.514382544518782292e-01
2.506972100887258081e-01
1.033987349899682662e-01
3.174436469950100981e-02
5.646265292027573962e-02
1.284410630311912382e-01
1.326528916325046548e-01
1.243966352762611027e-01
1.472709015890487083e-01
2.514382544518782292e-01
2.483502754954346470e-01
4.719907941771148141e-02
1.978989643601126655e-02
1.167529481741843844e-01
2.514382544518782292e-01
2.514382544518782292e-01
1.140894054825260656e-01
1.122538598641651258e-01
9.037394862333118783e-02
1.642242682406462317e-01
7.999403945807491423e-02
6.266640794713657092e-02
1.551415407057884777e-01
2.514382544518782292e-01
4.372655665164872779e-02
2.129689298753647264e-01
2.514382544518782292e-01
2.514382544518782292e-01
2.514382544518782292e-01
1.065865445430570074e-01
3.620390080075426564e-02
1.096562295593569852e-01
7.645913668007306430e-02
7.896637829814236176e-02
7.405154640318638293e-02
8.766827156250009412e-02
2.681720586952526242e-01
1.478393841541777443e-01
2.809694017789347159e-02
1.178064367248364379e-02
6.950136826634342735e-02
1.340125333388796913e-01
2.969847173242458616e-01
2.969847173242458616e-01
2.252094401087129938e-01
2.969847173242458616e-01
2.969847173242458616e-01
1.931196724715193158e-01
1.040729316213889477e-01
1.071596926541753952e-01
1.853694355746662026e-01
2.602979680077442334e-02
1.267773727004662121e-01
2.124767535905673077e-01
1.857376601399612914e-01
2.540267891783484222e-01
6.344945288638123571e-02
2.155166684508406580e-02
6.527679268478399355e-02
1.103814093330818813e-01
2.794412922439045224e-02
1.179670838305278829e-01
2.031336746680645899e-01
2.717821991654444380e-01
1.999290804163847968e-01
8.026727521909556018e-02
2.571168615883520289e-02
3.172297048987916812e-02
7.643200484131398853e-02
2.257454598537574908e-01
1.979492102120314900e-01
1.284447699617127514e-01
3.418271531338075153e-01
3.418271531338075153e-01
1.101428603246455973e-01
5.935640954880733872e-02
6.111689663403629957e-02
5.372584185607497120e-02
6.332559916135145628e-02
3.418271531338075153e-01
3.418271531338075153e-01
3.418271531338075153e-01
3.418271531338075153e-01
1.388761026283002187e-01
2.662330740757593364e-02
4.199214755781526670e-02
6.295435361409983110e-02
1.593750798489882575e-02
6.728072739025481308e-02
1.158541937745686673e-01
1.550068329047070981e-01
1.140265023097750963e-01
4.577921643068523505e-02
1.466426812484034753e-02
1.809271247736249019e-02
1.652773767071577804e-01
8.268601106234355069e-02
1.012312935379122286e-01
1.351546048372644915e-01
8.279083014534749374e-02
7.163223927675348157e-02
1.144084548813995884e-02
1.022594689907241339e-02
4.089780801709056585e-02
5.817945726154278435e-02
6.857498854720775472e-02
3.527521276666846783e-01
3.527521276666846783e-01
3.527521276666846783e-01
3.527521276666846783e-01
1.503882675148666415e-01
2.883025229515015497e-02
4.547309580936913231e-02
2.219698404548541559e-01
2.194295002391616345e-01
2.398176434124812406e-01
3.527521276666846783e-01
2.172926943551649615e-01
6.551812858848669874e-02
2.319063524503757467e-02
5.838152036875231266e-03
3.731245249624085686e-02
1.789780809799764172e-01
8.954028602504095213e-02
1.096228837455378163e-01
1.463582753509000689e-01
8.965379410884463662e-02
7.757020941086005539e-02
1.238923687592042785e-02
1.107362900272762171e-02
4.428804075318652084e-02
1.425673221140192348e-01
2.154128647475245587e-02
9.005558056264816036e-03
1.744075263139698018e-02
4.329055694147673078e-02
1.142215797927539911e-01
7.809694428679976597e-02
2.947487955630051504e-02
5.456282887096609857e-02
2.837047268188245819e-01
2.837047268188245819e-01
2.837047268188245819e-01
2.837047268188245819e-01
2.837047268188245819e-01
1.318032010258956555e-01
4.665273604376170280e-02
1.174464446884747673e-02
7.506167808943527142e-02
4.769253249145908452e-02
3.394535633608736225e-02
5.784812749594429870e-02
1.894732427240451711e-01
2.837047268188245819e-01
2.270488171919826936e-01
8.522383397146167383e-02
2.964714596257609844e-02
7.244158262649413871e-02
2.837047268188245819e-01
4.333473151257147965e-02
1.811653361309264673e-02
3.508566368794126950e-02
8.708786563362110045e-02
2.297802175864538110e-01
1.571080778572493120e-01
5.929478694017242119e-02
1.097643607525938536e-01
2.543996406895413509e-01
6.712180761388013284e-02
3.228566832271545506e-02
8.876747818620236985e-02
1.736315967567665652e-01
2.754714521129248972e-01
1.098405627017214753e-01
3.222174025542168252e-02
4.792370286460145845e-02
7.166437868591545024e-02
5.100741654961087057e-02
8.692451204772749795e-02
2.529771730966448029e-01
2.529771730966448029e-01
2.529771730966448029e-01
1.280601551593043563e-01
4.454878330478991011e-02
1.088531209971249497e-01
1.669307954537123939e-01
1.524796215035776337e-01
1.512188927441706909e-01
2.529771730966448029e-01
2.529771730966448029e-01
2.529771730966448029e-01
6.352974209675814332e-02
2.488957287633031604e-02
4.730807772604184863e-02
2.529771730966448029e-01
1.008594508959175379e-01
4.851351437924365101e-02
1.333849523060864073e-01
2.529771730966448029e-01
2.529771730966448029e-01
1.650500669458030423e-01
4.841745394831517557e-02
7.201174294393226927e-02
2.529771730966448029e-01
1.221488295691194326e-01
4.059957324665813133e-02
1.873034592025485043e-02
1.527678358289193128e-01
2.529771730966448029e-01
1.550654986882523123e-01
8.182392558874861110e-02
1.831333466756046024e-01
