4.509779143068369522e-02
3.097480363155861657e-02
9.915523007613981366e-02
6.877708551265135362e-02
5.065017249184221998e-02
4.151966557715020684e-02
1.302557720114632181e-02
4.299407002727069320e-03
8.196293090656092337e-03
9.509899156200167514e-02
4.849560815211385184e-02
4.710525707442850957e-02
2.786147197423159694e-02
5.796531115990510331e-03
1.030266140101690660e-02
5.733688343790559194e-03
3.250543425731639013e-03
2.669506020899644824e-02
2.054940622397474770e-02
4.512661660828804627e-02
9.832408007116472115e-02
2.252179962570460825e-01
3.803509485429289461e-01
3.803509485429289461e-01
2.154455781758544616e-02
3.760081572036114411e-03
1.484356928866517773e-02
5.405234565335868824e-02
9.289923076040450256e-02
3.803509485429289461e-01
3.803509485429289461e-01
3.803509485429289461e-01
3.803509485429289461e-01
1.136321261916460185e-01
3.037461670122647631e-02
7.534896972588814301e-02
6.462693659815930969e-02
3.295642300573172617e-02
3.201157459597576971e-02
1.893397136221071364e-02
3.939180035133607420e-03
7.001435390844518505e-03
3.896473632174844281e-03
2.208989395511740724e-03
1.814130660350974852e-02
2.551662474789699250e-02
1.482525237210869512e-02
2.591410650867638152e-02
1.959560765478507091e-02
1.123900144547374143e-02
6.273050731889504364e-03
2.198887737962308079e-03
1.015037061234265372e-03
5.667902090105377856e-03
3.673264519575813319e-02
6.313203323987028048e-02
3.399686493949625188e-01
3.399686493949625188e-01
3.399686493949625188e-01
3.399686493949625188e-01
7.722159924391706898e-02
2.064184273146288037e-02
5.120530732480779723e-02
4.500140633477753282e-02
2.564404510463665354e-01
2.608964436601527992e-01
3.399686493949625188e-01
3.399686493949625188e-01
3.399686493949625188e-01
1.384454901245228686e-01
3.092256017812149496e-02
1.069397547995025177e-01
4.122288699491228475e-02
2.395064822422724587e-02
4.186503092535112658e-02
3.165730295173222603e-02
1.815695026673165222e-02
1.013430514376104270e-02
3.552370332364949371e-03
1.639823389038024774e-03
9.156669021356268409e-03
6.860771823675251846e-02
3.538186109800892098e-02
5.957702219342432548e-02
2.074976820341709050e-02
1.166270105187306935e-02
1.079394315162927540e-02
2.141928782765794084e-02
9.074420235723319045e-03
2.799182066352109283e-02
7.270114704741877099e-02
4.142873847482493876e-01
4.206382461517257920e-01
4.206382461517257920e-01
4.206382461517257920e-01
4.206382461517257920e-01
2.236629197922744561e-01
4.995634087228310871e-02
1.727644416500205560e-01
4.351259664175692599e-02
4.386767787157784537e-02
2.707708318707293185e-02
8.670601700724332728e-02
4.440141463104187169e-02
3.730995764669568088e-02
3.499802704313582490e-03
5.469845785850139391e-03
2.039961335422577071e-02
2.681646272130306374e-01
1.452541817662011125e-01
2.445832791780316873e-01
8.518462592673782530e-02
4.787922528385504112e-02
4.431268824943272733e-02
8.793322428130520563e-02
3.725348089212930647e-02
1.149156341822506200e-01
2.681646272130306374e-01
2.466650768093381907e-01
8.905439117842305075e-02
9.520549917534791573e-02
7.699411950374276947e-02
4.628151308631116984e-02
4.383586115180199833e-02
7.045521892084044557e-02
2.658879422489132671e-01
1.786335264901265374e-01
1.800912517735790697e-01
1.111603358585048773e-01
2.681646272130306374e-01
1.822824167905841286e-01
1.531696525146149790e-01
1.436784166751518994e-02
2.245551673525947312e-02
8.374712505673369278e-02
2.681646272130306374e-01
2.681646272130306374e-01
2.681646272130306374e-01
2.681646272130306374e-01
8.330375795305036690e-02
2.402428279387401958e-02
3.123175846440386441e-02
3.539911773774083448e-02
2.598251523226615678e-01
2.989822791427392268e-01
1.168232671073868439e-01
4.217712966219453602e-02
4.509036140876471199e-02
3.646525363392377067e-02
2.191942870613721589e-02
2.076114131137276470e-02
3.336835909471217582e-02
1.259274255592646996e-01
4.176719386345429941e-01
4.071484431667337089e-01
2.586349573509414204e-02
2.939051470180215411e-02
3.501520760086118678e-02
3.505065555441475023e-02
7.006046945954214414e-03
7.197479255167711296e-03
1.052648786044135254e-01
2.074185110810837784e-01
1.730735969090527182e-01
2.532197680225934944e-01
1.384341750977661767e-01
3.945356712949110028e-02
1.137816200897187949e-02
1.479170099195134536e-02
1.676540773560115938e-02
1.230560222129452458e-01
4.176719386345429941e-01
2.367624912789479952e-01
1.516575716387425221e-01
8.119588997243155915e-02
3.936862104524611883e-02
2.703812497210359572e-02
8.319565607822525938e-03
7.505305806908187279e-03
2.871469790357328300e-01
4.584338406408506872e-01
4.570024137430660494e-01
2.903039463159919065e-02
3.298928532160498583e-02
3.930270312922460457e-02
3.934249156660689362e-02
7.863914056002252809e-03
8.078786613781259451e-03
1.181542123320548088e-01
6.047581447847631686e-02
3.328503523921974572e-02
6.436578852232265058e-02
1.610916040803863636e-01
1.529011730753415121e-01
7.690573977525445859e-02
3.446867986568970949e-02
8.650870999682935131e-03
6.859050825229704232e-03
4.584338406408506872e-01
2.657532696348560708e-01
1.702275360854925423e-01
9.113805622049707400e-02
4.418917754782059754e-02
3.034885330576552256e-02
9.338268702434135426e-03
8.424305501353163833e-03
3.223071700770815950e-01
4.213035263354750204e-02
1.600768642659931157e-02
7.796224886652644570e-02
1.313949645448920234e-01
1.700576526079551343e-01
1.234998338511248822e-01
2.768744583170374210e-02
8.895288452825405104e-03
3.223220603387420141e-02
9.706037781133465547e-02
5.342066284914717689e-02
1.033035736017177270e-01
2.585432224288776726e-01
2.453980281947386599e-01
1.234295101739066591e-01
5.532034779973876021e-02
1.388417526687768001e-02
1.100840179276763899e-02
3.709551550896576511e-01
2.514547389289541468e-01
5.418254740833478023e-02
1.387176955056828032e-01
8.442508272685610160e-02
1.202453973720445518e-01
3.071561417398054050e-02
1.631247517678077741e-02
2.821028021532270280e-01
6.761691395478838795e-02
2.569146204726316732e-02
1.251251495372502909e-01
2.108817386126001781e-01
2.729332404065654138e-01
1.982104852427156172e-01
4.443683770497167118e-02
1.427645192408806898e-02
5.173092950164483866e-02
3.709551550896576511e-01
3.709551550896576511e-01
7.006062130845523706e-02
7.600782678675944981e-02
9.735023007131378414e-02
4.393826917236164087e-02
1.239493050825968799e-02
1.467393096723190390e-02
1.559313318823568884e-01
1.093948102357217636e-02
2.402316449749456601e-02
5.234284613264352654e-02
1.198948509444743155e-01
2.942804562830518278e-01
2.848626192458372230e-01
1.146925019817639224e-02
2.001680270273830699e-03
7.901977448184537359e-03
2.877477836146007106e-02
4.945492638236078514e-02
2.851810611344015034e-01
2.942804562830518278e-01
2.942804562830518278e-01
2.942804562830518278e-01
6.049208792667633977e-02
1.616993403019477069e-02
4.011204097471156305e-02
3.495218401207446368e-02
3.018524728430160495e-02
4.470486528056026587e-02
2.759422367141283194e-01
2.942804562830518278e-01
2.178304366176496143e-01
2.063526351766968928e-02
6.059070623314292275e-04
6.197576521392075127e-03
6.249588708112209859e-03
8.279992189336201139e-03
2.779545380977244476e-02
2.942804562830518278e-01
2.942804562830518278e-01
2.744750793421242840e-01
9.488474996561241728e-03
1.724343621168270392e-03
2.321553311967444570e-03
2.564695366134775098e-02
4.407916507021924363e-02
2.541818174281448295e-01
2.871997729196207327e-01
2.871997729196207327e-01
2.790587092511131462e-01
5.391658474115592486e-02
1.441225866521018105e-02
3.575185334940349929e-02
3.142025238892408312e-02
1.790482642845654948e-01
1.821594651107527330e-01
2.871997729196207327e-01
2.871997729196207327e-01
2.871997729196207327e-01
9.666347334703379035e-02
2.159031737986847818e-02
7.466597957436113542e-02
5.570257048933982200e-03
7.379955227757716875e-03
2.477408190257885875e-02
2.871997729196207327e-01
2.871997729196207327e-01
2.446395781977803163e-01
8.457075689576746061e-03
1.536907092482613264e-03
2.069199959299226725e-03
4.803794511420864111e-02
5.718161877784917746e-02
1.963375832940913307e-02
7.775706362236343983e-02
2.871997729196207327e-01
1.827716309637333336e-01
4.855753646284084735e-02
4.971096566906646995e-03
2.487929429841245418e-02
3.759332703731680519e-02
2.142255215329315621e-01
2.179479738127501620e-01
2.952944890606576389e-01
2.952944890606576389e-01
2.952944890606576389e-01
1.156547541731071244e-01
2.583212419983535804e-02
8.933545644242012196e-02
2.250010271130239645e-02
2.268371308527302593e-02
1.400139729300744172e-02
4.483516128473769013e-02
2.295970516194936056e-02
1.929275529374840578e-02
1.809726984686104573e-03
2.828424444761965494e-03
1.054851769752720818e-02
5.747586488247681535e-02
6.841597796956683242e-02
2.349116387458766511e-02
9.303383964055594868e-02
2.952944890606576389e-01
2.186804106763156064e-01
5.809753931249433956e-02
5.947758046643865024e-03
2.976727988816444542e-02
1.921665836432432384e-01
2.952944890606576389e-01
2.952944890606576389e-01
2.952944890606576389e-01
2.952944890606576389e-01
2.511751775915443408e-01
1.078820654643995042e-01
1.840972180324706650e-02
5.039139961948635969e-03
4.478733110838607756e-02
4.515281471170430605e-02
2.787032684197407115e-02
8.924613542980600056e-02
4.570218769368562112e-02
3.840298110728766756e-02
3.602332074608828420e-03
5.630089059947876104e-03
2.099723547415195679e-02
1.098039699142813047e-01
9.162233365241444216e-02
1.340504068066752097e-01
7.328478985948010116e-02
2.088607364655219872e-02
6.023413013627148052e-03
7.830484763562619785e-03
8.875332857253823149e-03
6.514384704824760508e-02
3.505583673319959681e-01
3.505583673319959681e-01
3.505583673319959681e-01
3.505583673319959681e-01
3.505583673319959681e-01
3.505583673319959681e-01
2.147434546680325740e-01
3.664526853920187927e-02
1.003060443203771315e-02
1.127692114778220539e-01
5.082533739085324381e-02
2.982666417355686606e-02
3.082499848308988682e-02
2.115022466242929070e-02
2.023760987262451516e-01
2.079547312341161192e-01
9.500691247907953885e-02
1.969683320794117509e-01
1.864346670720371801e-01
1.555643141517174810e-01
2.276023624954855440e-01
1.244292479548989999e-01
3.546218037268398376e-02
1.022707103130792577e-02
1.329527357751372763e-02
1.506930694479762488e-02
1.106068518807910989e-01
3.228838643916307483e-01
2.128100139504006949e-01
1.363148772501296402e-01
7.298157062129531636e-02
3.538582800252789567e-02
2.430276739116938797e-02
7.477902701133684778e-03
6.746018868285881889e-03
2.580972699024947636e-01
1.914693103924785533e-01
8.629564907976312871e-02
5.064228742738102057e-02
5.233734567317741698e-02
3.591067878981980821e-02
3.228838643916307483e-01
3.228838643916307483e-01
1.613109445078054205e-01
3.228838643916307483e-01
3.228838643916307483e-01
3.228838643916307483e-01
3.601838382798999705e-02
2.930113596930035078e-02
1.411766329643521917e-02
1.321665864704365916e-02
8.404423413698333678e-03
8.400366225055137109e-03
1.307090433421927989e-01
4.146088326291922921e-01
3.032993937527971862e-01
1.942776040562044226e-01
1.040142130234757573e-01
5.043230805439857800e-02
3.463659664988732317e-02
1.065759695088813047e-02
9.614507301676657181e-03
3.678433361172727123e-01
4.808260846575319880e-02
1.826928261407044854e-02
8.897690270871004559e-02
1.499586934279023009e-01
1.940837191199381306e-01
1.409481237505890716e-01
3.159918049872879192e-02
1.015203161453161369e-02
3.678603301032380701e-02
4.146088326291922921e-01
4.146088326291922921e-01
5.133383423174363303e-02
4.176033171929756371e-02
2.012066368273858138e-02
1.883654100986190474e-02
1.197808542416910899e-02
1.197230307007317134e-02
1.862881020859052661e-01
1.229189070347197904e-01
1.856468170598978285e-01
9.401303958848164499e-02
6.021133941921093941e-02
8.077619251990948712e-02
2.596754534967894018e-02
1.199215720409559094e-02
1.043993450339835392e-02
4.276912841077162852e-02
6.309110238844471696e-02
2.397185212588270886e-02
1.167501318694102869e-01
1.967667641791066846e-01
2.546649648520550868e-01
1.849436374347560863e-01
4.146254115261245599e-02
1.332088433803127643e-02
4.826841656837493888e-02
3.886779994216639778e-01
3.886779994216639778e-01
6.537124476466556200e-02
7.092038517659998709e-02
9.083427464723800582e-02
4.099734337148348146e-02
1.156529903623160042e-02
1.369175886544636220e-02
1.454943600640272727e-01
1.612867853192029299e-01
2.435945701980210820e-01
1.233582473120281853e-01
7.900569252494958616e-02
1.059896539608939509e-01
3.407304875316963244e-02
1.573538628963539951e-02
1.369865316586760251e-02
5.611907393814608708e-02
3.886779994216639778e-01
3.734202571524433134e-01
7.100651532980822161e-03
8.652500142537133607e-03
3.798832643981340379e-02
3.603642304523434203e-02
1.294579198721089452e-02
8.331272326645261864e-03
2.837938546089921465e-01
2.817019424979512465e-02
2.432821591872847550e-02
3.603050208333920951e-02
2.223994474071946115e-01
2.793260809560063063e-01
1.755634414981633029e-01
1.663127492941934849e-02
4.883391446240569400e-04
4.995022183027879314e-03
5.036942121500295917e-03
6.673373780585779846e-03
2.240212894312996680e-02
2.793260809560063063e-01
2.793260809560063063e-01
2.212169717098219912e-01
7.647367148648462863e-03
1.389758498207858050e-03
1.871087876419560850e-03
1.475632633924680269e-02
7.546447022284108463e-02
2.793260809560063063e-01
2.516515238661099496e-01
2.793260809560063063e-01
2.793260809560063063e-01
6.705104540218374820e-02
2.087958380236755798e-02
7.417306795866425960e-03
1.096254528131891497e-02
7.634636012990340947e-02
2.793260809560063063e-01
2.793260809560063063e-01
2.793260809560063063e-01
2.793260809560063063e-01
7.674253801165230315e-02
1.189045499590706163e-02
2.682635358985616461e-02
5.856768661481048799e-03
7.759550433913358844e-03
2.604836100548657551e-02
2.840392931690732814e-01
2.840392931690732814e-01
2.572228538754610105e-01
8.892073638857548798e-03
1.615959410092711671e-03
2.175631280477592026e-03
5.050882374641707528e-02
6.012281119682894026e-02
2.064363986807079415e-02
8.175657414578385573e-02
2.840392931690732814e-01
1.921726683405090008e-01
5.105514078362242275e-02
5.226789774778298724e-03
2.615898510367527241e-02
1.274683927370035691e-02
8.877270348577662173e-02
2.840392931690732814e-01
2.840392931690732814e-01
2.840392931690732814e-01
2.840392931690732814e-01
8.923336436815892947e-02
1.382577812310388336e-02
3.119268461240149240e-02
5.889482230923532430e-02
2.840392931690732814e-01
2.840392931690732814e-01
2.840392931690732814e-01
1.724617578430100440e-01
9.136831057167765779e-02
7.518258780342949865e-02
5.460596538573315312e-02
7.283633711723573601e-02
4.449886116485761434e-02
5.296889592441600403e-02
1.818728682019179685e-02
7.202849269452045455e-02
2.547755578230601614e-01
1.693063558774945965e-01
4.498017282859084753e-02
4.604862581901954938e-03
2.304637011913384173e-02
1.487788682006028762e-01
2.547755578230601614e-01
2.547755578230601614e-01
2.302860636798746141e-01
2.547755578230601614e-01
1.944643961175471225e-01
8.352425949734607058e-02
1.425314184103915367e-02
3.901393915786086249e-03
5.188702343228748792e-02
2.547755578230601614e-01
2.547755578230601614e-01
2.547755578230601614e-01
1.519408144809111516e-01
8.049654427529782941e-02
6.623673426797724306e-02
4.810849060101363150e-02
6.416966012530739283e-02
2.547755578230601614e-01
1.263175476366991956e-01
2.547755578230601614e-01
2.547755578230601614e-01
1.527368983910974976e-01
1.926851955043872855e-01
5.729069940877726946e-02
3.858495737443700530e-02
2.547755578230601614e-01
1.497384529027994959e-01
2.693559263897604694e-01
2.693559263897604694e-01
2.317713484283667746e-01
2.693559263897604694e-01
1.957186404997848794e-01
8.406296907784836792e-02
1.434507086990135898e-02
3.926556883915292839e-03
4.414437102191538786e-02
1.989596736283916201e-02
1.167587599814433851e-02
1.206668160533438949e-02
8.279417337938594496e-03
7.922167292883944278e-02
8.140547132553928311e-02
3.719118311781362957e-02
7.710476128133091078e-02
2.693559263897604694e-01
1.271322627087868029e-01
2.693559263897604694e-01
2.606461458047319435e-01
1.537220113505497754e-01
1.939279645090316029e-01
5.766020940301033737e-02
3.883382023567006486e-02
2.693559263897604694e-01
2.693559263897604694e-01
2.693559263897604694e-01
2.693559263897604694e-01
7.104114935980772316e-02
1.782362976858840181e-02
1.252059994622204131e-01
6.872665790641351025e-02
1.944592458794759671e-02
1.614130025327261964e-01
8.987586142247891430e-02
4.050725300131614859e-02
2.377153392160250359e-02
2.456719574171323597e-02
1.685650396862652112e-02
1.612915969348516498e-01
1.657377076740665922e-01
7.571949815244242987e-02
1.569816644684755291e-01
3.685512138143506866e-01
2.001289288561308444e-01
1.690706080755409457e-02
1.375397879952619182e-02
6.626843473968409975e-03
6.203911105100871903e-03
3.945043686202471221e-03
3.943139238312031586e-03
6.135493903439256935e-02
3.685512138143506866e-01
3.685512138143506866e-01
3.685512138143506866e-01
1.446364360245600000e-01
3.628807120916852091e-02
2.549135211676923363e-01
1.399242403739412444e-01
3.959098709619628120e-02
3.286292750714581157e-01
2.861541157859241458e-01
1.082892648632099719e-01
5.003459910744495476e-02
3.386714967243143609e-02
1.527345324887650381e-02
9.238531162592888285e-03
2.532983358814135024e-03
1.205503717028681698e-02
5.613467028594516794e-02
4.232144007103875727e-01
4.232144007103875727e-01
5.933267047929668969e-02
4.826742514150676733e-02
2.325586479130473117e-02
2.177165016862861804e-02
1.384451027438775121e-02
1.383782691407961507e-02
2.153155076119699363e-01
1.420721268129324089e-01
2.145742975757268522e-01
1.086621481161663128e-01
6.959346821336755140e-02
9.336273600214235746e-02
3.001380735429161339e-02
1.386077471856828579e-02
1.206668473115016411e-02
4.943341249802538778e-02
4.232144007103875727e-01
3.800241414937941542e-01
1.755885552904222768e-01
1.188514345846310577e-01
5.359978171319022128e-02
3.242117192468634695e-02
8.889106667843300544e-03
4.230525673159719197e-02
1.969957955703233177e-01
1.062619236538814016e-01
1.290281775999088665e-01
1.052663149138159948e-01
1.382714846556307720e-01
8.435932262033243867e-02
5.537728652461297585e-02
1.770506563791634028e-02
1.783060532210456114e-02
1.041814181953206880e-01
1.713385593964859843e-01
2.587759601751195571e-01
1.310462251590421012e-01
8.392951421628273845e-02
1.125951799749180665e-01
3.619656177076299025e-02
1.671605279426664065e-02
1.455238564316786894e-02
5.961654740775605005e-02
3.547242213260989874e-01
3.547242213260989874e-01
7.543180937170881721e-03
9.191744423860705171e-03
4.035584882666836543e-02
3.828229819419463886e-02
1.375260437453331916e-02
8.850496930434225556e-03
3.014805591049944389e-01
1.281515616467713004e-01
1.556075957153190692e-01
1.269508604883380909e-01
1.667549963386101008e-01
1.017370904038261137e-01
6.678484168050009828e-02
2.135225612843205320e-02
2.150365661154174726e-02
1.256424782953572128e-01
3.547242213260989874e-01
3.547242213260989874e-01
1.166778729189709013e-01
3.913584494795371155e-02
6.081177331025629934e-02
4.955630583660545346e-02
7.357386040290711353e-03
2.142604836230984147e-02
3.547242213260989874e-01
2.283300633290844331e-02
1.167689495945141154e-01
3.404137952721656424e-01
3.404137952721656424e-01
3.404137952721656424e-01
3.404137952721656424e-01
1.037505480089794124e-01
3.230774775697221879e-02
1.147707153864607581e-02
1.696274940514270330e-02
1.181335302746883281e-01
3.404137952721656424e-01
3.404137952721656424e-01
3.404137952721656424e-01
3.404137952721656424e-01
1.187465508785273544e-01
1.839853822564393657e-02
4.150940331110159615e-02
3.377018083433133006e-02
4.672592443264032835e-02
4.165048037885081544e-02
2.853356134003177252e-02
4.841298637927050202e-02
3.298481935027862411e-02
7.772496806800155596e-03
3.382071694856910674e-03
1.844322858437753843e-02
3.645616952537057004e-02
4.909121303451873669e-02
4.531051947938952162e-02
5.492450406729202685e-03
4.009460186530412057e-03
1.252295867333716971e-02
8.411162796110063095e-03
4.868932026961181846e-03
2.529758895045400996e-02
1.203709179174308058e-02
8.382981518125662279e-02
2.909515186517275254e-01
2.909515186517275254e-01
2.909515186517275254e-01
2.909515186517275254e-01
8.426482634026147278e-02
1.305595503219702039e-02
2.945586743884403766e-02
5.561554256491903908e-02
2.745974005192738376e-01
2.909515186517275254e-01
2.909515186517275254e-01
1.628590402018180172e-01
8.628089815778336447e-02
7.099640084093981895e-02
5.156549036285170556e-02
6.878079003188032614e-02
2.586999598185366067e-02
3.483606480004738243e-02
3.215321225812721451e-02
3.897547981658685667e-03
2.845189724135990892e-03
8.886531272428268777e-03
5.968722182582962728e-03
3.455087399836311111e-03
1.795165353407156966e-02
1.889967890757856539e-01
2.909515186517275254e-01
2.909515186517275254e-01
2.909515186517275254e-01
2.326634657246517968e-01
4.348736637093716939e-02
1.595527137816702204e-02
8.620051531332590875e-03
4.958366869323146270e-02
5.020933496092232218e-02
2.479046724389505629e-01
2.710506125121999732e-01
2.710506125121999732e-01
1.470280379151651107e-01
7.789381019301536146e-02
6.409506958745686545e-02
4.655297527719808037e-02
6.209483116264505331e-02
2.710506125121999732e-01
1.222332606727771220e-01
2.710506125121999732e-01
2.506022279842776701e-01
1.477983816554590268e-01
1.864550109665844002e-01
5.543829124279364695e-02
3.733737110193312281e-02
2.710506125121999732e-01
1.706250204817852112e-01
2.710506125121999732e-01
2.710506125121999732e-01
2.710506125121999732e-01
2.100470002625985655e-01
3.926009967695641423e-02
1.440431088276610504e-02
7.782124110573612405e-03
4.476380010325051867e-02
7.550657572164646072e-03
8.169447563185379402e-02
1.724855668087104943e-01
9.893893989516221177e-02
1.882274755345963446e-01
1.115413120889534315e-01
1.920518628153105450e-02
3.177628491352343845e-03
8.499133553058505972e-03
2.821193925814258208e-01
1.432369036410951757e-01
2.821193925814258208e-01
2.821193925814258208e-01
1.731949424810497740e-01
2.184940358477079347e-01
6.496438970100648636e-02
4.375314376220753448e-02
2.821193925814258208e-01
2.821193925814258208e-01
2.821193925814258208e-01
2.821193925814258208e-01
8.004037723069748478e-02
2.008146071895093240e-02
1.410666285499656836e-01
7.743269463129817676e-02
2.190926179608805938e-02
1.818601997445766227e-01
8.848105704930473575e-03
9.573223907865321958e-02
2.021241876104296065e-01
1.159398622119198197e-01
2.205710673785548359e-01
1.307077311343048387e-01
2.250526085679071045e-02
3.723648240404036063e-03
9.959560655354162545e-03
1.858275205813593733e-01
7.629131507919567623e-02
3.563982782730582693e-02
8.962278008953468433e-02
1.532055789514627508e-01
2.469257731418488255e-01
5.601235191947909892e-02
2.215122713678953012e-02
6.776824203301652638e-02
3.270699230390035073e-01
3.270699230390035073e-01
3.270699230390035073e-01
1.224292837515889298e-01
3.071648257504603491e-02
2.157746738854699753e-01
1.184405879964982450e-01
3.351227620392035339e-02
2.781722771430195085e-01
2.422186580447201198e-01
9.166277529776566124e-02
4.235239957435207869e-02
2.866726387256646885e-02
1.292840167435961585e-02
7.820067918162204243e-03
2.144074805062606143e-03
1.020413394385894998e-02
4.751587957803992540e-02
2.842406674388336940e-01
1.166947406393592790e-01
5.451446813338534786e-02
1.370864700270263969e-01
2.343423400381148547e-01
3.270699230390035073e-01
8.567615950857512819e-02
3.388238494627931335e-02
1.036578989288483715e-01
5.703164624338635108e-02
5.084402838215278109e-02
7.980035801466335565e-02
9.195332049475957170e-02
1.014031335593559152e-01
4.355999975941073771e-02
9.024822719952350913e-02
2.654963802952089447e-01
2.073585485251879801e-01
3.234745223356509380e-01
3.060955803324184044e-01
1.414301747254402830e-01
9.573049411945634690e-02
4.317266851705480607e-02
2.611407105963040043e-02
7.159851091130477359e-03
3.407534073879793513e-02
1.586729257018248684e-01
8.559010240828378302e-02
1.039274893074744605e-01
8.478817589415119094e-02
1.113726358876112182e-01
6.794835641867254250e-02
4.460438378824107403e-02
1.426078438058931384e-02
1.436190201573557708e-02
8.391433117117329255e-02
1.904495559672200189e-01
1.697868335702941434e-01
2.664826241392294626e-01
3.070658171640847089e-01
3.234745223356509380e-01
1.454627940548713361e-01
3.013718861214041977e-01
3.234745223356509380e-01
3.234745223356509380e-01
7.435688107352664278e-02
9.499306347681758800e-02
1.137354936817462359e-01
5.736813043425793845e-02
5.258694596471057831e-02
2.189167206057229809e-02
8.493782510723007356e-03
2.608718055805168967e-02
2.684718230897825686e-02
3.561857492852344570e-02
4.324973286482862445e-02
3.528485083161155000e-02
4.634805269220126922e-02
2.827691001961302880e-02
1.856224658458073898e-02
5.934667709316536303e-03
5.976748113039755117e-03
3.492119775882037563e-02
2.367221944444772297e-01
1.033055615250219883e-01
3.242956625468330911e-02
1.087745640987188879e-02
1.690208590791931337e-02
1.377372987062952699e-02
2.044919332910599338e-03
5.955177597590575848e-03
1.182976812044962966e-01
3.094383655875125247e-02
3.953164506100111802e-02
4.733136297011604487e-02
2.387391760129681240e-02
2.188421350603470331e-02
9.110284246192116783e-03
3.534712779540834845e-03
1.085625754889800454e-02
1.117253453127683635e-02
3.484188853981995959e-01
3.829002107169087177e-01
3.829002107169087177e-01
3.544374980426723831e-01
3.829002107169087177e-01
3.829002107169087177e-01
9.455041917751425386e-04
1.578897739798476932e-02
2.622489428673107081e-01
9.960780916257237771e-02
1.378217957038479491e-01
1.228513735670726942e-01
8.416198736481279863e-02
1.427979178410009597e-01
9.729132358581676909e-02
2.292559173569443456e-02
9.975686941331572688e-03
5.439975587299080567e-02
1.075303444389565793e-01
1.447984007989203681e-01
1.336469472728369634e-01
1.620041523118506688e-02
1.182621873018942227e-02
3.693745330544505323e-02
2.480938739239798435e-02
1.436129864232303655e-02
7.461723183573577833e-02
4.254426805844534198e-02
5.048358912830563927e-02
7.154821648564345382e-02
1.098537946716730274e-01
2.922268714301435311e-01
4.441557147071377165e-01
1.097593125437180961e-01
1.191938351515983534e-02
3.535054407097076162e-02
4.441557147071377165e-01
4.441557147071377165e-01
3.472546560029715623e-01
6.875650979438339971e-02
1.042604407131260125e-01
6.155552498201531664e-02
2.617889233528090942e-02
1.833657378237644325e-02
6.100325431309743668e-02
3.168008235899781588e-02
4.265982115741359659e-02
3.937443257271125430e-02
4.772889842878342420e-03
3.484184723137476961e-03
1.088233808748218304e-02
7.309224572545009249e-03
4.231057997114809864e-03
2.198337652771570339e-02
2.314431686694838897e-01
3.343737352924303630e-01
3.343737352924303630e-01
3.343737352924303630e-01
2.849168496685129393e-01
5.325409981406908910e-02
1.953863122650063150e-02
1.055601023838483032e-02
6.071955747363361189e-02
2.419622866778747272e-01
3.343737352924303630e-01
1.023065271400179777e-01
2.025671827211382794e-02
3.071671876260281472e-02
1.813519812715402510e-02
7.712701652507451475e-03
5.402234789058046882e-03
1.797249075030088461e-02
3.343737352924303630e-01
3.343737352924303630e-01
2.631769343472782352e-01
1.063136065752807724e-01
7.065688271344312821e-02
9.670754830736459640e-02
3.458493615477500199e-02
1.704375307542288151e-02
1.217416466255468871e-01
2.301226310645141104e-01
3.228888373929414968e-01
3.228888373929414968e-01
3.228888373929414968e-01
2.832912090568684427e-01
5.295024966447268305e-02
1.942715030687549096e-02
1.049578116116311327e-02
6.037311191007688205e-02
1.018360133740887560e-02
1.101816581340423346e-01
2.326319571572554312e-01
1.334393343902286755e-01
2.538631308957225441e-01
1.504362029544091817e-01
2.590210969476097747e-02
4.285679948408427885e-03
1.146281459469368144e-02
3.228888373929414968e-01
3.228888373929414968e-01
2.616753344488489952e-01
1.057070165592103178e-01
7.025373808312446178e-02
9.615576725909059930e-02
3.438760603256655474e-02
1.694650709924954216e-02
1.210470293534788577e-01
5.233024782552663651e-02
1.518575000187528390e-01
1.314444915446097151e-01
4.808363796029504339e-02
6.943588991718764591e-02
3.129304391715421324e-02
3.026506179855592560e-02
1.674615219316467896e-02
6.453241885243651832e-02
1.773829091536817046e-02
1.919197581252304607e-01
2.498647146115129392e-01
2.324311070850724192e-01
2.498647146115129392e-01
2.498647146115129392e-01
4.511755143042094074e-02
7.465005274290469929e-03
1.996648663402413384e-02
2.498647146115129392e-01
1.529454536733997061e-01
7.144915027655088235e-02
1.796717849998520633e-01
2.498647146115129392e-01
2.498647146115129392e-01
1.122910853843046564e-01
4.440780028948106833e-02
1.358587738542590406e-01
9.115136471344710556e-02
2.498647146115129392e-01
2.289563930272817682e-01
8.375441360570501370e-02
1.209468020703118318e-01
5.450774222580773848e-02
5.271715309418991552e-02
2.916926040930103645e-02
1.124056982545003636e-01
2.486046351949972033e-01
2.182222616178457197e-01
2.498647146115129392e-01
2.498647146115129392e-01
1.060938660759690733e-01
1.184859244540411860e-01
6.075584939384803818e-02
2.821075312905863691e-02
9.905864621713465767e-02
2.455611056223258593e-01
1.440438124668124709e-01
6.729070891721807002e-02
1.692146335997779527e-01
2.455611056223258593e-01
2.455611056223258593e-01
1.057555857745952621e-01
4.182320365416773017e-02
1.279516015220890923e-01
7.039782351069491517e-02
6.276004941790765124e-02
9.850270664873192472e-02
1.135038886969377131e-01
1.251683998262768382e-01
5.376890511107275394e-02
1.113991825421295351e-01
2.455611056223258593e-01
2.455611056223258593e-01
2.341354946507741563e-01
2.055214180846984540e-01
2.440020625274898491e-01
2.455611056223258593e-01
9.991905337414996868e-02
1.115898764696864193e-01
5.721977323390955300e-02
2.656884749217233721e-02
9.329329323764591619e-02
2.455611056223258593e-01
2.455611056223258593e-01
1.902521342618993527e-01
8.711231912400983768e-02
1.556237876780809659e-01
1.266868509464201542e-01
4.277589320197393991e-02
1.844885534771933677e-01
2.455611056223258593e-01
7.439198278931363761e-02
6.632086452849160485e-02
1.040914518699576768e-01
1.199437555506239761e-01
1.322700757109017411e-01
5.681958992688860427e-02
1.177196347435188334e-01
2.855898095033057027e-01
2.704781395801228450e-01
2.904472939827132047e-02
3.710548080504797591e-02
4.442650887546756300e-02
2.240871053884196593e-02
2.054111997941676995e-02
8.551161397507795608e-03
3.317777871126335616e-03
1.018997958404442745e-02
1.048684579036159546e-02
2.855898095033057027e-01
2.783990076992809981e-01
2.010464641068232527e-01
9.205480825733225458e-02
1.644534100233479845e-01
1.338746791483781118e-01
4.520286781870922616e-02
1.949558752056546329e-01
2.855898095033057027e-01
2.789485414125146279e-01
2.855898095033057027e-01
2.855898095033057027e-01
4.877838145879281190e-02
3.632238449475812953e-02
3.127220657402233778e-03
1.784009588202057836e-02
2.627985334600698719e-01
2.855898095033057027e-01
1.347954219101734838e-02
1.722050452497578613e-02
2.061816423127404985e-02
1.039979250667741849e-02
9.533051233377210637e-03
3.968559639834881234e-03
1.539767376759685995e-03
4.729128574250287924e-03
4.866902987579051730e-03
1.517758490274872252e-01
2.295477169513967519e-01
2.403626842295651656e-01
1.543976358546806649e-01
2.958993874599986640e-01
2.958993874599986640e-01
4.118740615960362760e-04
6.877886217666337801e-03
1.142390887186184312e-01
1.294588970526450722e-01
1.621566417885872691e-01
2.293269492580548297e-01
2.263785080822510939e-02
1.685707267441737683e-02
1.451330539666976496e-03
8.279516804443146430e-03
1.219637432643229241e-01
2.958993874599986640e-01
1.351751196198823224e-01
2.958993874599986640e-01
1.180716488731078512e-01
2.197922919690787624e-01
2.958993874599986640e-01
2.958993874599986640e-01
2.958993874599986640e-01
6.628023195495130748e-02
1.385522526908115892e-01
1.131630118340171305e-02
1.342807211091756603e-02
1.903102824038466895e-02
2.921988515436335643e-02
7.772909117730759931e-02
1.287204775711416893e-01
2.919475396125132544e-02
3.170423183511481089e-03
9.402850770747024287e-03
2.184519151488756028e-01
3.091716719319812512e-01
9.236586863522545932e-02
1.828846537173648215e-02
2.773211533462319883e-02
1.637308366057592390e-02
6.963293619411039560e-03
4.877324280393834609e-03
1.622618581723665049e-02
1.100803326980277080e-01
1.991800229891142748e-01
8.410776944105985420e-02
1.562439541958084432e-01
3.091716719319812512e-01
3.091716719319812512e-01
1.956329629591088137e-01
7.978129495696111365e-03
1.190053324881002947e-02
2.302823971828691085e-01
3.091716719319812512e-01
3.091716719319812512e-01
3.091716719319812512e-01
3.091716719319812512e-01
2.176215837423140509e-01
1.150213793209053370e-01
3.759199996621759299e-02
1.051567815050522547e-01
2.093930185564531476e-01
3.009346382371279049e-01
8.853558473926810557e-02
1.753006819071954367e-02
2.658210314574275743e-02
1.569411469077240315e-02
6.674535533688007519e-03
4.675068437163126985e-03
1.555330849635071233e-02
3.009346382371279049e-01
3.009346382371279049e-01
2.277520743171632667e-01
9.200329233149383279e-02
6.114613213609542547e-02
8.369025493725736065e-02
2.992964018261095108e-02
1.474958330487611234e-02
1.053546452257400484e-01
2.207329069817277056e-01
3.009346382371279049e-01
3.009346382371279049e-01
3.009346382371279049e-01
3.009346382371279049e-01
2.085971198365739743e-01
1.102516029585613733e-01
3.603311209762541378e-02
1.007960762716052505e-01
6.240559127151622254e-02
1.048670066773286919e-01
1.521089001651176331e-01
1.535741114894875747e-01
1.773893054620172272e-01
1.166198516068942675e-01
2.320488452471974883e-02
2.206236677695275553e-02
7.725909298627176014e-02
3.251879096547194425e-01
3.251879096547194425e-01
3.251879096547194425e-01
1.552867977970703861e-01
1.032048616573309208e-01
1.412557242973626614e-01
5.051643115585791738e-02
2.489493041186858699e-02
1.778217395873701034e-01
7.687471349833585599e-02
2.230832509228169724e-01
1.930959253645500862e-01
7.063631543423114223e-02
1.020034180171029703e-01
4.597042600758717568e-02
4.446028924859198039e-02
2.460060300767565739e-02
9.480007102538004493e-02
1.053306266287743764e-01
1.769986839472265372e-01
2.567354213582833111e-01
2.592084630168102199e-01
2.994046898820990621e-01
1.968356007343123604e-01
3.916612242648007808e-02
3.723773575703558103e-02
1.304009546453742951e-01
2.350282040949894236e-01
2.619378849529353515e-01
1.200490631061526536e-01
5.877827394067568906e-02
1.565028266130088011e-02
4.103683516701128395e-03
9.250695490349798711e-03
1.298334808332404430e-02
7.169075122354930107e-02
1.268364189328835268e-01
2.514466258567743528e-01
2.514466258567743528e-01
1.165436186826945691e-01
1.682965395439604828e-01
7.584710168380233430e-02
7.335551075756092942e-02
4.058880023208997351e-02
1.564116596506406331e-01
2.514466258567743528e-01
2.514466258567743528e-01
2.514466258567743528e-01
2.514466258567743528e-01
1.476287939969336549e-01
1.648722473760801943e-01
8.454129447833107214e-02
3.925504476579240454e-02
1.378393399815685816e-01
2.514466258567743528e-01
2.514466258567743528e-01
1.980702440076315962e-01
9.697890812760844026e-02
2.582157015895444885e-02
6.770711694470778197e-03
1.526282226287507468e-02
2.142136603453601712e-02
1.182833436641044927e-01
2.514466258567743528e-01
2.459208362013723392e-01
2.102639438967293939e-01
1.934799071642554213e-01
1.570456834418032244e-01
7.241979907019321927e-02
3.196083832231749744e-02
2.842379292065031968e-02
1.455160636069662838e-01
2.424687982254754570e-01
2.245921809929048718e-01
2.424687982254754570e-01
2.424687982254754570e-01
1.091907516461302491e-01
1.219445348646202576e-01
6.252931585566935679e-02
2.903422650711616482e-02
1.019501733469866250e-01
2.424687982254754570e-01
2.424687982254754570e-01
2.079060283382514196e-01
9.519565369750603023e-02
1.700644449358205690e-01
1.384423892280351176e-01
4.674515793868090630e-02
2.016076328190435085e-01
2.424687982254754570e-01
2.100412025842473274e-01
1.818905392590991488e-01
1.555176158835282207e-01
1.431036312071163608e-01
1.161557698435638358e-01
5.356388872688593039e-02
2.363920929765759432e-02
2.102310280814343249e-02
1.076281119126446945e-01
2.424687982254754570e-01
1.807494709211508455e-01
2.151594533863254166e-01
2.115176280021382471e-01
7.452233326436366601e-02
4.950398302640821036e-02
6.844483899225299595e-02
8.294096776203803423e-02
2.424687982254754570e-01
2.312326377245582654e-01
1.449191977563738798e-01
1.046537217603440706e-01
4.791866563216872626e-02
8.560539222405121051e-02
6.968778826622595846e-02
2.353012460321233026e-02
1.014832964606438431e-01
2.035581164114998454e-01
1.452052547560737927e-01
1.818800948978124277e-01
2.572204680216584327e-01
2.539134017495598902e-02
1.890743384855999784e-02
1.627858923144654075e-03
9.286571832583039379e-03
1.367984496615835266e-01
3.312550400328727607e-01
1.626741097262124347e-01
9.098391705764337367e-02
1.083048805692441857e-01
1.064716937997080559e-01
3.751232993442474989e-02
2.491883524053323251e-02
3.445309976376915301e-02
4.175002058420350382e-02
2.000456098151073281e-01
3.312550400328727607e-01
3.312550400328727607e-01
2.759983909576595451e-01
1.457226496289739381e-01
2.224718677312700066e-01
1.200161909923184861e-01
4.112007689152496342e-02
5.453552150877993138e-02
3.312550400328727607e-01
8.217325741166196795e-02
1.029279545096510179e-01
1.455639037705539762e-01
1.436923984416932192e-02
1.069992564140797436e-02
9.212233437842661226e-04
5.255373567249055702e-03
7.741575355823945848e-02
2.450487179554598494e-01
8.580159535624468092e-02
2.133124535065721028e-01
7.494527001820322498e-02
1.395118373187565763e-01
2.860341082170284044e-01
2.860341082170284044e-01
2.021000454247824374e-01
4.207097917359861605e-02
8.794521029093747833e-02
2.860341082170284044e-01
2.860341082170284044e-01
1.561905377561386421e-01
8.246605688469564599e-02
1.258992870791418861e-01
6.791848802266882423e-02
2.327030567089910865e-02
3.086225394906206426e-02
2.860341082170284044e-01
6.451726884506137072e-02
6.864720410328374600e-02
2.860341082170284044e-01
2.860341082170284044e-01
2.860341082170284044e-01
2.146581736833579612e-01
5.324152145711698314e-02
1.381594936468127054e-02
3.351821219115371647e-02
8.154950731788067342e-02
1.475561741522374293e-01
6.230856131530587705e-02
1.157483555306694917e-01
2.789668204137643603e-01
2.789668204137643603e-01
1.449284477384066017e-01
5.910343053531910001e-03
8.816130906169615186e-03
1.705973771514587012e-01
2.789668204137643603e-01
2.789668204137643603e-01
2.789668204137643603e-01
2.594862637969063690e-01
1.612180168877758724e-01
8.520992428660198459e-02
2.784883549315215340e-02
7.790205128099765564e-02
2.548773338625467781e-03
2.470576968371181875e-02
7.836339333146138952e-02
1.248953625072131146e-01
2.789668204137643603e-01
2.306230542594775168e-01
5.980746818824011352e-02
7.351096663995350562e-03
4.048160405379890719e-02
2.789668204137643603e-01
2.789668204137643603e-01
8.720959301083891502e-02
7.565854663269173941e-02
1.851339607877481030e-01
1.642790014084243300e-01
4.447162402019971816e-02
3.102102848046950009e-02
1.253872123786245740e-01
2.063539758414630887e-01
2.952156986248233861e-01
2.952156986248233861e-01
2.952156986248233861e-01
2.952156986248233861e-01
1.950087352898334514e-01
1.030696189548070962e-01
3.368585157944593844e-02
9.423004196463961868e-02
5.834038091420908761e-02
9.803578477880223185e-02
1.422002579458735982e-01
1.435700228185697314e-01
1.658338530234333696e-01
1.090230286466356835e-01
2.169327739164122679e-02
2.062518526643459041e-02
7.222629931178414786e-02
2.952156986248233861e-01
2.952156986248233861e-01
1.054884110751910381e-01
9.151630678460979940e-02
2.239373752968785714e-01
1.987112911929303505e-01
5.379271699205285390e-02
3.752292484516316778e-02
1.516679226025595129e-01
2.096018626788181960e-01
2.249755152102463351e-01
1.827120949722517429e-01
4.970552352693918818e-02
4.642342485595669921e-02
4.027084285450441975e-02
3.183381399320604072e-02
1.107283888607639780e-02
6.881057416221210421e-02
1.207668503409001365e-01
2.029378753259175883e-01
2.546669325536721207e-01
2.546669325536721207e-01
2.546669325536721207e-01
2.256818961062557194e-01
4.490592524605708374e-02
4.269493313709558924e-02
1.495112397790134551e-01
2.546669325536721207e-01
2.546669325536721207e-01
1.376422765318044972e-01
6.739224135927471271e-02
1.794383461337716035e-02
4.705079130066413401e-03
1.060638670431228101e-02
1.488606025699148669e-02
8.219704468629747407e-02
2.546669325536721207e-01
2.546669325536721207e-01
2.546669325536721207e-01
1.028923607770265564e-01
9.609828928158192785e-02
8.336220600382371337e-02
6.589722915849571816e-02
2.292120578660805652e-02
1.424405562922083923e-01
6.019261497126481009e-02
2.226219535143099670e-01
9.948191616097758205e-02
2.546669325536721207e-01
2.546669325536721207e-01
2.462779611779132016e-01
1.059833268145112528e-01
2.264611634054334091e-02
1.501735094390680564e-02
2.624200869999688268e-01
2.624200869999688268e-01
1.483212203969675735e-01
7.262085265921149058e-02
1.933600282935219947e-02
5.070121595050052117e-03
1.142928073862732076e-02
1.604099176396285575e-02
8.857428319327935451e-02
2.126541028151506807e-01
1.841532468906582898e-01
1.574522458963640292e-01
1.448838319792682405e-01
1.176007408021702699e-01
5.423022035849248135e-02
2.393327967371844736e-02
2.128462897303801116e-02
1.089669993071569615e-01
6.486264494005121450e-02
2.398940257630055584e-01
1.072001973827827470e-01
2.624200869999688268e-01
2.624200869999688268e-01
2.624200869999688268e-01
1.142060184628427288e-01
2.440310998565160122e-02
1.618246860814696875e-02
2.355049131100211413e-01
2.624200869999688268e-01
1.815059687170408331e-01
2.624200869999688268e-01
2.624200869999688268e-01
2.624200869999688268e-01
5.112988676394344262e-02
3.120575448777230393e-02
1.028811353090828412e-01
1.810853570876809204e-01
1.568154859492081055e-01
1.340782792099934062e-01
1.233756607696549212e-01
1.001427758036163157e-01
4.617968188037978317e-02
2.038035682651246489e-02
1.812490136346799063e-02
9.279072314660158360e-02
2.786183274436676571e-01
1.558317229308263385e-01
1.854980164266830378e-01
1.823582455530041446e-01
6.424883862856224648e-02
4.267946637757415868e-02
5.900917513909964551e-02
7.150689759720940675e-02
2.877605858603380362e-01
2.005439383575018664e-01
2.287009617890745083e-01
1.545611992600082196e-01
2.534420056623440942e-01
2.877605858603380362e-01
2.877605858603380362e-01
4.353959636767344016e-02
2.657322440433134217e-02
8.760831264669094454e-02
2.270717241173773604e-01
2.193406091619586884e-01
2.877605858603380362e-01
1.577751688030062382e-01
1.281570106510376283e-01
4.194617461882074738e-02
2.658004992112952825e-02
3.778931167483184222e-02
1.917134016092937876e-01
1.052801767504376040e-01
5.888338891417564669e-02
7.009324955554219194e-02
6.890683933059521538e-02
2.427740180944478257e-02
1.612708612915581680e-02
2.229751519055404169e-02
2.701996988849107370e-02
1.294664356542653272e-01
3.273985878581680553e-01
3.273985878581680553e-01
1.786219050576839384e-01
9.430945302421646359e-02
1.439803641536328005e-01
7.767262917160799862e-02
2.661228003901446731e-02
3.529454904216074163e-02
3.273985878581680553e-01
8.580250793062975390e-02
8.288118844510884708e-02
3.273985878581680553e-01
5.961774952428079005e-02
4.842607755542178982e-02
1.585000067437069768e-02
1.004367652123586661e-02
1.427926672629981943e-02
7.244182747071761796e-02
3.273985878581680553e-01
3.273985878581680553e-01
3.273985878581680553e-01
3.273985878581680553e-01
3.252317093875579934e-02
4.101022671468369796e-02
1.327231583766659562e-02
3.919487802301548258e-03
3.236716276609502563e-02
2.695850065794718753e-01
2.457128052257471773e-01
1.188241181157653342e-01
6.273719666109144055e-02
9.577962899352809867e-02
5.166993186008549122e-02
1.770320782137268720e-02
2.347888778184302819e-02
2.695850065794718753e-01
4.908240719243479877e-02
5.222431272642859973e-02
2.470467793324904182e-01
2.695850065794718753e-01
2.662487936004265809e-01
1.633041831515387732e-01
4.050422596124829411e-02
1.051067512011174231e-02
2.549944485529119509e-02
2.695850065794718753e-01
2.695850065794718753e-01
2.695850065794718753e-01
2.695850065794718753e-01
2.163529217694737036e-02
2.728111102345599434e-02
8.829103150900451460e-03
2.607349201787869091e-03
2.153151132470933551e-02
2.495464485941459587e-01
2.695850065794718753e-01
2.695850065794718753e-01
1.091549114874371257e-01
4.410667376954417740e-02
3.834426491365828388e-02
1.626182144945166261e-02
1.974721956311312199e-02
9.290684844957541877e-02
4.260915471693008105e-03
4.130190577957888048e-02
1.310041148031067804e-01
2.087940007786982521e-01
3.210322977979473968e-01
3.210322977979473968e-01
9.998322042378622598e-02
1.228920635462255571e-02
6.767517943545496573e-02
3.210322977979473968e-01
3.210322977979473968e-01
1.457927617605772608e-01
1.264822834685241648e-01
3.094979635504730431e-01
2.746336554010430642e-01
7.434550101703969738e-02
5.185944869917087641e-02
2.096162515042089558e-01
4.328112480525188495e-03
5.618937178488330082e-03
2.552197421169207295e-02
7.288811777319845198e-02
7.111525425945272594e-02
6.336284170456203679e-02
1.812544724850720726e-02
2.864150163001503557e-03
5.135969380689485789e-03
3.210322977979473968e-01
1.291808968484816911e-01
7.118930180032416455e-02
4.277803402348236139e-02
1.004508534233214956e-01
3.217768671561835325e-02
2.293515395348899241e-02
5.659178425142760704e-02
3.049121804140600966e-01
2.818803341987914379e-01
2.818803341987914379e-01
1.199742747051523312e-01
1.040834952225380278e-01
2.546888696756289261e-01
2.259986930659432236e-01
6.117963233838933507e-02
4.267564225520057569e-02
1.724952421295753713e-01
2.383847779621569019e-01
2.558695688811557511e-01
2.078024576418155411e-01
5.653117791046995133e-02
5.279837538222639792e-02
4.580090944578277951e-02
3.620529218334050253e-02
1.259338159276200686e-02
7.825976941933517061e-02
2.818803341987914379e-01
1.063042102913814985e-01
5.858236545574215665e-02
3.520245822428341720e-02
8.266197949365773623e-02
2.647932982938947660e-02
1.887356016576192258e-02
4.656992698296907179e-02
2.509151843492629097e-01
5.890805920694724279e-02
5.620569331871631477e-03
3.462169972388046829e-02
2.751892952990328545e-01
2.004718105022805230e-01
2.818803341987914379e-01
2.818803341987914379e-01
1.143105778638955627e-01
1.496708099536524783e-01
2.600410483177622023e-01
2.791142601187067696e-01
2.266804507826560011e-01
6.166680142978840651e-02
5.759488924266989440e-02
4.996173248981089499e-02
3.949439311725405632e-02
1.373743818394020794e-02
8.536934553824952754e-02
3.607542879705675359e-02
1.334247139204892962e-01
5.962280895710194567e-02
1.744741167842490948e-01
2.552413378920788678e-01
1.476025432189563558e-01
6.351931980355622620e-02
1.357256796308226390e-02
9.000396061143896287e-03
6.425961255366374747e-02
6.131174791011976058e-03
3.776693783765787404e-02
3.001891037134377660e-01
2.186838446935084057e-01
3.036415755516821968e-01
3.036415755516821968e-01
1.246952207084943837e-01
1.632677835205354755e-01
2.374576571934070013e-02
5.350304554131472649e-03
5.235500629155077218e-02
2.582574263588060526e-01
3.036415755516821968e-01
3.036415755516821968e-01
1.227941841512048687e-01
4.922185846257388746e-03
2.103531787352222113e-02
3.067158455138026957e-02
1.134386348469373917e-01
5.069173360089744562e-02
1.483391273068413174e-01
2.170079895710907147e-01
1.254927255281394205e-01
5.400457466384674110e-02
1.153949321575344078e-02
7.652200347728292835e-03
1.113631561185264990e-01
1.269989066773563047e-01
8.582868723947698064e-02
1.407377449287651461e-01
2.889121989311554395e-01
2.311209802502939281e-01
2.417777823325303541e-02
1.475625821527849074e-02
4.864937967440272765e-02
2.018881785425780118e-02
4.548866748912124523e-03
4.451259640440800858e-02
2.195722893038000167e-01
3.644422050293753546e-01
3.644422050293753546e-01
1.044004832984470610e-01
4.184877197451575964e-03
1.788437593777223583e-02
0.000000000000000000e+00
3.722906833005905792e-03
7.968086574538425781e-02
3.133950151722963429e-01
3.644422050293753546e-01
3.644422050293753546e-01
4.614063784503396465e-02
4.148503614529186652e-03
7.129739065608074050e-03
1.008796004902828558e-01
1.150434256252465121e-01
7.774890709911785880e-02
1.274889108495304291e-01
2.617144504590367959e-01
2.093636079041893694e-01
2.190171950871514991e-02
1.336712684314001962e-02
4.406960216205096231e-02
1.142238703359136631e-01
1.103348882283778781e-01
3.209305493727379055e-01
7.936562992874333922e-02
6.446681031793938255e-02
2.110018070004652038e-02
1.337056028228248740e-02
1.900915428201080740e-02
9.643757633054007850e-02
0.000000000000000000e+00
3.372438130044165712e-03
7.217983203133183923e-02
2.838924921684027325e-01
3.209305493727379055e-01
3.209305493727379055e-01
4.179702941626220469e-02
3.757969887462418116e-03
6.458556434706242202e-03
1.761564385136905886e-01
3.209305493727379055e-01
3.209305493727379055e-01
1.873211648165738763e-01
1.398465008982512914e-01
1.393277299938705804e-01
1.487591665161831223e-01
9.772493905015645910e-02
2.324445085126521648e-01
7.540161645796826517e-02
7.283441630600390182e-02
3.008473871411069256e-01
5.239094744586501873e-02
4.255591840450461544e-02
1.392867994806950768e-02
8.826192417293944256e-03
1.254834874836023573e-02
6.366050389666354226e-02
3.008473871411069256e-01
3.008473871411069256e-01
3.008473871411069256e-01
3.008473871411069256e-01
2.858074571787176318e-02
3.603900935034368841e-02
1.166345940738528798e-02
3.444371535384061628e-03
2.844364869491776762e-02
1.162846274981697986e-01
2.124407668177494823e-01
3.008473871411069256e-01
1.236547017923824432e-01
9.231566215282993593e-02
9.197321039868577852e-02
9.819910308829364609e-02
6.451031952400425318e-02
1.534415847325853455e-01
2.396496686511838670e-01
3.008473871411069256e-01
3.008473871411069256e-01
2.016891214448267577e-01
1.126609726128407901e-01
7.263757459628583657e-02
3.180612981688891311e-02
2.830929774041937227e-02
8.160858907370679982e-02
2.761759789888366123e-01
2.761759789888366123e-01
2.761759789888366123e-01
2.761759789888366123e-01
2.412024158846830246e-02
3.041451824665991621e-02
9.843181190598239774e-03
2.906819660130738857e-03
2.400454085247797839e-02
2.761759789888366123e-01
2.761759789888366123e-01
2.761759789888366123e-01
1.216920397520759728e-01
4.917260272171047886e-02
4.274834495811099394e-02
1.812959394406721617e-02
2.201531195729941950e-02
1.035777844597222802e-01
2.022483234525402629e-01
2.761759789888366123e-01
2.761759789888366123e-01
1.702121555202512904e-01
9.507834063665852875e-02
6.130126431820989014e-02
2.684225046996683087e-02
2.389115761496097418e-02
6.887220171169204652e-02
4.906202929858680811e-02
1.170068240043600494e-01
1.496165913696705929e-01
2.483859219045262134e-01
2.643688403140826981e-01
9.706632220286225132e-02
3.734491535722182093e-02
3.569040198817419185e-02
9.944091973683846786e-02
9.104652974543648442e-03
1.182004241481494911e-02
5.368823464461165013e-02
1.533280434089164257e-01
1.495986331552517090e-01
1.332905944096389184e-01
3.812883975372800827e-02
6.025049815236555549e-03
1.080406738721944107e-02
3.515588773971133896e-01
2.717459959827631666e-01
1.497544001706160866e-01
8.998822384342637648e-02
2.113092405826557663e-01
6.768924615234089837e-02
4.824657829569889422e-02
1.190469423190615716e-01
3.515588773971133896e-01
1.550953661235424975e-02
1.184218414756340459e-02
2.238941588170352895e-02
7.786926009089766010e-02
3.515588773971133896e-01
3.515588773971133896e-01
1.722170489655918540e-02
7.520868206540357297e-04
1.712171694949736608e-03
7.933598596958374048e-05
7.071793972312571648e-04
5.396205004913268155e-02
9.264437428348235026e-02
3.515588773971133896e-01
3.515588773971133896e-01
3.397865359036376237e-02
5.354964099254999436e-03
6.539704446799438943e-03
2.853629773387332258e-01
1.731035578129149488e-01
9.539430148334894499e-02
5.732294841080255721e-02
1.346050425189082578e-01
4.311838815607645092e-02
3.073331154367620402e-02
7.583349733508330803e-02
2.853629773387332258e-01
9.592465439163451457e-02
9.152417816888839056e-03
5.637725338730079777e-02
2.853629773387332258e-01
2.853629773387332258e-01
2.853629773387332258e-01
2.853629773387332258e-01
1.861409597009613115e-01
2.437208237820698564e-01
5.053741963801208406e-05
4.504768110014326782e-04
3.437409562044090039e-02
5.901492951837034040e-02
2.853629773387332258e-01
2.552551285462816288e-01
2.164457218555531845e-02
3.411138898989588691e-03
4.165824422515978197e-03
2.329347492497249872e-01
1.163955582144784590e-01
1.977415419719951925e-02
4.185287437119680765e-02
1.177777662278356174e-01
1.165417368146708516e-01
3.491174486393618104e-02
6.378990537621739842e-02
2.853629773387332258e-01
6.656549160852172353e-02
6.351184638106232086e-03
3.912215906394914816e-02
3.105221848501867332e-01
2.265310519373034681e-01
3.105221848501867332e-01
3.105221848501867332e-01
1.291697590109543992e-01
1.691264519343652073e-01
2.459785401613933872e-02
5.542293810185267185e-03
5.423370284179571121e-02
2.675246840738285670e-01
3.105221848501867332e-01
3.105221848501867332e-01
1.272005060389407582e-01
5.098812576422075311e-03
2.179014500318049094e-02
1.616416154413363171e-01
8.077097178752781770e-02
1.372198110722711029e-02
2.904318160349165720e-02
8.173013454394199850e-02
8.087241025969289787e-02
2.422648770034934243e-02
4.426605900181695280e-02
2.058178219191105773e-01
2.855955989101270909e-01
2.783912154970467068e-01
2.367364141965104807e-01
1.027427755625975742e-01
3.058628026693041568e-02
2.771141366042504522e-02
8.027950845294387280e-03
1.824395305465868755e-02
6.218566552562544703e-02
1.929230920736756463e-02
4.346868870512764563e-03
4.253596122645127847e-02
2.098219187075926750e-01
3.621087967985618383e-01
3.621087967985618383e-01
9.976445474579764827e-02
3.999042711214043783e-03
1.709019879534648401e-02
0.000000000000000000e+00
3.557586694330592755e-03
7.614254142901664968e-02
2.994783340162966989e-01
3.621087967985618383e-01
3.621087967985618383e-01
4.409170753620066802e-02
3.964284340823845051e-03
6.813134459606307210e-03
2.239950931826152625e-01
2.183446330911625044e-01
1.856744129112181119e-01
8.058204564008954185e-02
2.398908360158811051e-02
2.173430090931558617e-02
6.296391136696214384e-03
1.430888984316426062e-02
4.877275419226179132e-02
1.296533902954291329e-01
3.621087967985618383e-01
1.535184099209802588e-01
6.603274915956440505e-02
3.120478508680228635e-02
2.495933855065393323e-02
3.773354106058073379e-03
1.039341628019125122e-02
3.808888540558725416e-02
0.000000000000000000e+00
2.748968614655907406e-03
5.883579926866380067e-02
2.314087081257045486e-01
2.994584271990547997e-01
2.994584271990547997e-01
3.406992734056468047e-02
3.063226329765431164e-03
5.264549934014328865e-03
1.435900384441913813e-01
2.623251115024147206e-01
2.994584271990547997e-01
1.526907190243411427e-01
1.139927930519832877e-01
1.135699283827593525e-01
1.212577559992194659e-01
7.965833025216194352e-02
1.894720181395976311e-01
1.001839537104889377e-01
2.994584271990547997e-01
1.186245977693772130e-01
5.102390203683977027e-02
2.411212493216361233e-02
1.928623086758797164e-02
2.915693390147567048e-03
8.031055209091832875e-03
2.943151061196738749e-02
2.739365952208391297e-01
2.994584271990547997e-01
1.772787911256100413e-01
1.447370798104895828e-01
2.305335430192470558e-01
2.381057342745377392e-01
2.332038870921667936e-02
2.031602198718871627e-02
1.760654437783503168e-01
1.261078092351290703e-01
2.303867697046967644e-01
2.648298650469946280e-01
1.341004729529358397e-01
1.001140577447945934e-01
9.974267726731465833e-02
1.064945042672490599e-01
6.995984975192350019e-02
1.664036125196111382e-01
2.598941523719551228e-01
2.648298650469946280e-01
2.648298650469946280e-01
2.187268755912324114e-01
1.221780449245351563e-01
7.877365734034830203e-02
3.449296298015923357e-02
3.070073487646048094e-02
8.850250118414862421e-02
2.405845437951953381e-01
2.648298650469946280e-01
1.556949229552009595e-01
1.271151971805132841e-01
2.024658561301866944e-01
2.091161256103028221e-01
2.048110831709246127e-02
1.784252621516533091e-02
1.546293018476221637e-01
1.424149916158313767e-01
1.384076435053190057e-01
2.473755406129838075e-01
1.978626441430205163e-01
1.542210370707682576e-01
1.718987274536951937e-01
1.365873469481997393e-01
2.111298706818454107e-02
4.740129335478701633e-02
2.721726779773156468e-01
2.797765470124881082e-01
2.797765470124881082e-01
2.290604807070713012e-01
1.279502650354047144e-01
8.249526615629845794e-02
3.612255997297845328e-02
3.215117058593542493e-02
9.268374272810142589e-02
6.602449737652038575e-02
1.574601958980399452e-01
2.013443060875445279e-01
2.797765470124881082e-01
2.797765470124881082e-01
1.306255617073703301e-01
5.025636528451320889e-02
4.802982848699738350e-02
1.338211410768689880e-01
1.491432927537483522e-01
1.449466201588816561e-01
2.590626327689063424e-01
2.072105325825319422e-01
1.615071069391221803e-01
1.800199679945302389e-01
1.430403249069785721e-01
2.211045603759535100e-02
4.964073579268760139e-02
2.797765470124881082e-01
2.797765470124881082e-01
6.509132375149412342e-02
6.715968375350762909e-02
7.558272635097802727e-02
4.961893571551385246e-02
2.158089138986783381e-02
1.205423980879978194e-02
8.637551233518489524e-02
1.203686776575121041e-02
9.190655285493976381e-03
1.737630498294863088e-02
6.043391302770498991e-02
3.497518306068395089e-01
3.497518306068395089e-01
1.336567234223814092e-02
5.836905276309683121e-04
1.328807223547586900e-03
6.157223107624596001e-05
5.488381183713642031e-04
4.187965617830689130e-02
7.190079951213748655e-02
3.497518306068395089e-01
3.109899134309410118e-01
2.637064990063510764e-02
4.155958773244953705e-03
5.075429371017885910e-03
1.049020769681593447e-02
1.058277322061196291e-02
1.628636181474126671e-02
9.461688529394789160e-02
3.497518306068395089e-01
3.497518306068395089e-01
2.002223775559316965e-02
0.000000000000000000e+00
4.769768663540192161e-03
5.518310570834814542e-03
1.126755159873448799e-04
7.614211005819626621e-02
1.260322721270711599e-01
3.497518306068395089e-01
3.497518306068395089e-01
5.827821391441509458e-02
0.000000000000000000e+00
1.532361387752477792e-03
5.649450573711431477e-05
5.035766559877028967e-04
3.842593381590982821e-02
6.597130004127205183e-02
3.384879000895679169e-01
2.853432649980265912e-01
2.419592088937010804e-02
3.813226070491981031e-03
4.656869967310766321e-03
2.603918763981339368e-01
1.301156564467036703e-01
2.210502783367302923e-02
4.678627180046720374e-02
1.316607918948490552e-01
1.302790658139876268e-01
3.902695833375745271e-02
7.130912502181024903e-02
3.315562561000542363e-01
5.063227736821089391e-03
1.033834160808108876e-04
6.986283911317099637e-02
1.156386701649220888e-01
3.384879000895679169e-01
3.384879000895679169e-01
5.347213886499686125e-02
0.000000000000000000e+00
1.405990942646104377e-03
1.061569597780437912e-01
2.007174859222874974e-01
7.758628674125329916e-02
1.236629493679392150e-01
3.384879000895679169e-01
3.384879000895679169e-01
8.203465600483235420e-02
4.700769202625447278e-03
1.552519318518111660e-02
2.187771301333643059e-01
1.093211136099505737e-01
1.857229425842326503e-02
3.930908450652079861e-02
1.106193119396700481e-01
1.094584075720580335e-01
3.278983223362581106e-02
5.991279735908353055e-02
2.785683147673359561e-01
3.174097533363139934e-01
3.174097533363139934e-01
3.174097533363139934e-01
1.390592980535954870e-01
4.139762275935880698e-02
3.750657611292292776e-02
1.086559325697061991e-02
2.469264910950246319e-02
8.416645306336435761e-02
8.919139615712620706e-02
1.686396524541373954e-01
6.518676921012168946e-02
1.038996513285203177e-01
3.174097533363139934e-01
3.174097533363139934e-01
6.892421860647415799e-02
3.949511827309327115e-03
1.304402140651547172e-02
3.174097533363139934e-01
2.741739382151217597e-01
1.573664656399119954e-01
4.065011568910936041e-02
4.024280213484531660e-02
6.933655455116843891e-02
5.641844160670084207e-02
2.001240970972084296e-02
1.705148090586659781e-01
3.279355711494298942e-01
3.279355711494298942e-01
3.279355711494298942e-01
1.433718821683142297e-01
4.268146880775695873e-02
3.866975086359468461e-02
1.120256306433255883e-02
2.545843124554432110e-02
8.677666980941314834e-02
2.306798052655897324e-01
3.279355711494298942e-01
2.731405389751940249e-01
1.174857185189769754e-01
5.551967234158707021e-02
4.440775010436235487e-02
6.713565980806262060e-03
1.849200578631727751e-02
6.776788981856643468e-02
3.279355711494298942e-01
2.826767725251345675e-01
1.622468017943959062e-01
4.191077963345608143e-02
4.149083424523044433e-02
7.148685825550218920e-02
5.816812162418856513e-02
2.063304566444946336e-02
1.758029089352185215e-01
1.754875585428812834e-01
1.521914626862656550e-01
1.591372732407171364e-01
1.870382476361937552e-01
7.814952658491811088e-02
2.056251315714113445e-02
1.573498233574227578e-02
5.989222796891986202e-03
8.857153130881045833e-02
1.511179519602730836e-01
2.973768703846934591e-01
1.789339071087452382e-01
7.696469635357935934e-02
3.637084385478102366e-02
2.909144230986520155e-02
4.398045768252355561e-03
1.211408184972417000e-02
4.439463049771714270e-02
2.973768703846934591e-01
2.973768703846934591e-01
2.674081711559602170e-01
2.183220991345424244e-01
2.973768703846934591e-01
2.973768703846934591e-01
3.517658517289416753e-02
3.064478412936107177e-02
2.655779522502041967e-01
1.149616040770284481e-01
9.970037091243159899e-02
1.042505597097746345e-01
1.225284410504755284e-01
5.119562326047878004e-02
1.347046774157677033e-02
1.030796043013283529e-02
3.923529768277922436e-03
5.802306100424488300e-02
2.973768703846934591e-01
1.535566170181406620e-01
2.251717539613052113e-02
3.098517463034779554e-02
3.592217005453592765e-02
1.542479921438817403e-01
2.973768703846934591e-01
1.230475390134343344e-01
5.836705542960411025e-02
2.599691032888568620e-01
2.824296052610754670e-01
1.682396918305255895e-01
1.373572188142546113e-01
2.187790879433315350e-01
2.259651879566673405e-01
2.213132763877414741e-02
1.928014770771440886e-02
1.670882106945688061e-01
1.538897598375026932e-01
1.495595286496544385e-01
2.673072694291590556e-01
2.138049824847081393e-01
1.666470508998918743e-01
1.857490814982487859e-01
1.475925657840892469e-01
2.281411860164053035e-02
5.122054614890904356e-02
2.405077200324268194e-01
9.661005426271250529e-02
1.416666750743923904e-02
1.949430418894865236e-02
2.260041192359112106e-02
9.704503251184808110e-02
1.977141697908815776e-01
7.741528598260770389e-02
3.672159820727651652e-02
1.494252568013247073e-01
1.132803450622346247e-01
1.980233087149984861e-01
1.370934114322931996e-01
2.824296052610754670e-01
2.824296052610754670e-01
2.178377586840846147e-01
3.750152672803196835e-02
4.093934604879942429e-02
1.604366854452060898e-01
1.559222334132877863e-01
2.786793113973767833e-01
2.229008789001796498e-01
1.737367094069738327e-01
1.936513968930637097e-01
1.538715901289113286e-01
2.378469869383106547e-02
5.339961969855223228e-02
3.002920596452607893e-01
3.002920596452607893e-01
7.002015337808796536e-02
7.224513324076532739e-02
8.130598345233455704e-02
5.337616888115623293e-02
2.321503447868837264e-02
1.296700806839928659e-02
9.291601819177547350e-02
1.557822492433380279e-01
1.180996260379184037e-01
2.064478060442381524e-01
1.429257706932423322e-01
3.002920596452607893e-01
3.002920596452607893e-01
2.271052213285092714e-01
3.909695260901961678e-02
4.268102693317103041e-02
8.466446993330545290e-02
3.002920596452607893e-01
2.817324891876274440e-01
2.225501757608101122e-02
7.785849749312224316e-03
1.236763581266535177e-02
2.805267227802013541e-03
7.066681942712575541e-03
6.726338598144149250e-02
1.652201484202365719e-02
1.666780499244001693e-02
2.565092316593471644e-02
1.490210325966329352e-01
4.458884914476524686e-01
4.458884914476524686e-01
3.153490559284598260e-02
0.000000000000000000e+00
7.512357326914530925e-03
8.691306386803239817e-03
1.774632687244734374e-04
1.199233712852378897e-01
1.985000803453559060e-01
4.458884914476524686e-01
4.458884914476524686e-01
9.178784091690141145e-02
0.000000000000000000e+00
2.413460088066228006e-03
2.555088830585504692e-02
9.035475388944891328e-02
1.218826526464486387e-01
1.265419431583945098e-01
1.062186342280043438e-01
4.537378886608153111e-02
9.391410405536614048e-03
5.329620379292867270e-03
1.110023209748094673e-02
9.484099793895689814e-03
2.259774708128420295e-02
5.426128709225884472e-02
1.117033207746438300e-01
1.921478475914585871e-01
1.030289656463152514e-01
2.738813768161567005e-02
1.182401196649560463e-02
1.619627289627950315e-02
5.887737768063346089e-03
1.202186579568238371e-04
8.123949737425856243e-02
1.344695915665248542e-01
3.700062047921950370e-01
3.700062047921950370e-01
6.217969009077865122e-02
0.000000000000000000e+00
1.634946402740676064e-03
1.234438531932176009e-01
2.334028773742936880e-01
9.022065261024045379e-02
1.438005666244928094e-01
3.700062047921950370e-01
3.700062047921950370e-01
9.539340664794650204e-02
5.466255482046241190e-03
1.805335865264882586e-02
6.424798536315320073e-03
1.530835561908632479e-02
3.675813682531188509e-02
7.567100171978491385e-02
1.301664087039993423e-01
6.979474721560569028e-02
1.855350225252829638e-02
8.009921492455281122e-03
1.097181521273694373e-02
3.700062047921950370e-01
3.700062047921950370e-01
8.704914845388958544e-02
3.420874997903251141e-02
4.504854647946288787e-02
2.576690288556255509e-02
1.852141738288802172e-02
3.574819811417555022e-03
2.245698688671764545e-02
8.121493724566834771e-02
1.535580715326632095e-01
5.935706355937458295e-02
9.460782122557238882e-02
3.561534392509688174e-01
3.561534392509688174e-01
6.276026982434765311e-02
3.596303780701878058e-03
1.187748399066480137e-02
3.561534392509688174e-01
2.496543405073693989e-01
1.432930549601778014e-01
3.701474286717284373e-02
3.664385569448425778e-02
6.313573023101608228e-02
5.137289460649976935e-02
1.822268367507467665e-02
1.552655313608993781e-01
2.556117197455919365e-01
2.645636670225819387e-01
5.727049947076620628e-02
2.250627642391618208e-02
2.963788621869726386e-02
1.695230136401129975e-02
1.218542447875183357e-02
2.351909464413901116e-03
1.477467474931168194e-02
3.561534392509688174e-01
3.561534392509688174e-01
2.329080039073208597e-01
4.310254835581095456e-02
6.879962492692067583e-03
1.131667253298847438e-02
1.562235846381912182e-03
1.216604401364413356e-02
7.285252386780356748e-02
3.902425219966991765e-01
3.215553894873433016e-01
1.845617985447809972e-01
4.767507761026205937e-02
4.719737404209109477e-02
8.131897199841769952e-02
6.616841149532366739e-02
2.347086028920985015e-02
1.999823768705497884e-01
1.996236540178471797e-01
1.731234746440981076e-01
1.810245936436910563e-01
2.127629943926105105e-01
8.889800613890347369e-02
2.339062692706817687e-02
1.789913026227221357e-02
6.812964687467687290e-03
1.007534258760598156e-01
3.902425219966991765e-01
3.902425219966991765e-01
2.999860677724828784e-01
5.551618568410477544e-02
8.861408195426939693e-03
1.457590137087327355e-02
2.012163517900449929e-03
1.566989387557643151e-02
9.383422551291892288e-02
1.015911318409888908e-01
1.936297076176622944e-01
1.509297367652839561e-01
5.355032119174175237e-02
3.998095560605706422e-02
2.070601767558304107e-02
2.077181805150110291e-02
1.339415208917949830e-02
6.550424701563797858e-02
2.754980383651063902e-01
2.389254815220250294e-01
2.498297142693252093e-01
2.936314730848972321e-01
1.226869953179369893e-01
3.228110349067747631e-02
2.470235954731415939e-02
9.402484971446720824e-03
1.390485076730285929e-01
3.039076966752045639e-01
3.039076966752045639e-01
5.396095244983245554e-02
7.425396416129868837e-02
8.608515393723463471e-02
3.039076966752045639e-01
3.039076966752045639e-01
2.948754577323160486e-01
1.398728680336538688e-01
1.402046149049104296e-01
2.672258700018877997e-01
2.082961892185387631e-01
7.390410978464136138e-02
5.517720280005678629e-02
2.857610877850349368e-02
2.866691903131798197e-02
1.848509709076328472e-02
9.040156912355798435e-02
6.472337634611850798e-02
1.024050940522696629e-01
6.062058778461928976e-02
5.419167916008112151e-02
1.098779828702926842e-01
4.510316327662079045e-02
2.195047087366186825e-02
1.046049482485999528e-02
3.691686922438226770e-02
3.116129386860071460e-01
1.251724597919746940e-01
1.835499040440580557e-02
2.525772318301549788e-02
2.928214019107152830e-02
1.257360377530453710e-01
2.561676334551509782e-01
1.003028292023455115e-01
4.757820301599231805e-02
1.936022817874376578e-01
1.467712604628596540e-01
2.565681681597887787e-01
1.776245719062445327e-01
3.228449146960599703e-01
3.228449146960599703e-01
2.822406870397702328e-01
4.858871452175549110e-02
5.304291242056491384e-02
2.201586328332942252e-02
3.483341997047200572e-02
2.062028664395047783e-02
1.843347283216857993e-02
3.737534698103628372e-02
1.534198511266814287e-02
7.466522808929842991e-03
3.558170740483991654e-03
1.255739103204699808e-02
3.228449146960599703e-01
3.228449146960599703e-01
2.265834091942278417e-01
3.333522119186184407e-02
1.579735428109397266e-01
2.069175784499440451e-01
1.952978655057046806e-02
1.027777283532236262e-02
9.197799309808768475e-02
1.528663847458573699e-01
1.158890885190268921e-01
2.025836056545849140e-01
1.402505481787149899e-01
3.033398649949559100e-01
3.033398649949559100e-01
2.228543644094395926e-01
3.836515282678480687e-02
4.188214200401552817e-02
8.307975714814773427e-02
3.033398649949559100e-01
2.764591427890538133e-01
2.183845782067821498e-02
7.640117594480669641e-03
1.213614377580568039e-02
2.752759453936733710e-03
6.934410858607502164e-03
6.600437912978628086e-02
3.033398649949559100e-01
3.033398649949559100e-01
1.789079461622356537e-01
2.632115025327179045e-02
1.247342962699019009e-01
1.633800070225345236e-01
1.542052003354897442e-02
8.115224480153086437e-03
7.262488412466854004e-02
1.857341495949054247e-02
9.894538826206469156e-03
1.592385835163364141e-02
2.692157996095359204e-02
2.770042484612016964e-01
3.033398649949559100e-01
2.237963912814261713e-01
5.453562880697991437e-03
1.692156906750672679e-02
7.130481736719006258e-02
2.521528467903871307e-01
2.625222149246687620e-01
2.625222149246687620e-01
2.625222149246687620e-01
1.266245497856915148e-01
2.620859188029341785e-02
1.487336186643843303e-02
3.097739745756416391e-02
2.646725998723770817e-02
6.306349154098422893e-02
1.514268748666391107e-01
2.625222149246687620e-01
2.625222149246687620e-01
2.625222149246687620e-01
7.643202584731853544e-02
3.299724861719342123e-02
4.519890921497780878e-02
1.734813993680238420e-01
9.184226738393766465e-02
9.898720674217760529e-02
1.211780301693218681e-01
2.625222149246687620e-01
2.625222149246687620e-01
8.448190315493443736e-02
4.000220761691178351e-02
1.029703978751396048e-01
1.604924889192157478e-01
1.793904857771881911e-01
1.682053759427729446e-03
1.495964735380583555e-01
2.625222149246687620e-01
2.601924409802534588e-01
1.268037753973879633e-01
5.750548694282447970e-02
8.264425818858216199e-02
1.325177786535102105e-02
3.157498667098654344e-02
7.581726667379279361e-02
1.560788715741249222e-01
2.684809996649575314e-01
1.439585196394304878e-01
3.826842026019412757e-02
1.652124961381183296e-02
2.263044625555760830e-02
3.959334389179914870e-01
3.959334389179914870e-01
1.795474164922973015e-01
7.055890596586041064e-02
9.291705066368549648e-02
5.314676738694688873e-02
3.820224206598175909e-02
7.373416891096813350e-03
4.631974062155674171e-02
8.035628974213000764e-02
8.981824600744453546e-02
8.421802176826391571e-04
7.490081095368834874e-02
1.583299016782597213e-01
1.302746272858005538e-01
6.348883355754662838e-02
2.879217340112304180e-02
4.137879598756714211e-02
3.959334389179914870e-01
3.959334389179914870e-01
6.400206393289745166e-02
5.653527581286754006e-02
5.424417591321902682e-02
6.734731391396596434e-02
5.229933058247360905e-03
4.731541183988054178e-02
3.293821305311986358e-01
2.845417631985140972e-01
2.945068886817668319e-01
6.375235421478520070e-02
2.505352877821125784e-02
3.299229163098845591e-02
1.887095679802660436e-02
1.356456648371724173e-02
2.618097740407479904e-03
1.644686717822612179e-02
3.565949668483461843e-01
3.565949668483461843e-01
2.592684488833120193e-01
4.798087943588182774e-02
7.658634198614456580e-03
1.259748950197446885e-02
1.739049143379890316e-03
1.354299254446734643e-02
8.109794658648133980e-02
3.565949668483461843e-01
2.139784053251722329e-01
2.272537433309407967e-02
2.007412303483149460e-02
1.926061641247294939e-02
2.391318068473397354e-02
1.857005527357752416e-03
1.680040267003181376e-02
1.169545441972229816e-01
3.565949668483461843e-01
3.565949668483461843e-01
1.338362515627667115e-01
9.863084377445384410e-02
3.601744597489605487e-02
2.116648697368561649e-02
1.757557942676424984e-02
1.116865334703368191e-02
1.482184784940134004e-01
4.077317387337456300e-01
4.077317387337456300e-01
3.154522428429991643e-01
5.837839543075492438e-02
9.318269714161615813e-03
1.532738107820247504e-02
2.115903246446632774e-03
1.647777580094598668e-02
9.867197204616717787e-02
1.068287958509598068e-01
2.036125410842448413e-01
1.587111172456908692e-01
5.631117821681531910e-02
4.204222619599256444e-02
2.177354356690760356e-02
2.184273636748462408e-02
1.408470516276251298e-02
6.888140436074026429e-02
4.077317387337456300e-01
4.077317387337456300e-01
1.628387330236851782e-01
1.200042697680965553e-01
4.382247112285948820e-02
2.575329091416500224e-02
2.138422925472639388e-02
1.358891435896778660e-02
1.803376063423613729e-01
7.928628883879235145e-02
1.683743235641348701e-01
1.069046417632661533e-01
5.112252963357856450e-02
6.335886537232866822e-02
3.780674708535774337e-02
1.533672027293321409e-02
1.895618544787606649e-02
3.864648517779250420e-02
2.683783241732753955e-01
2.683783241732753955e-01
2.683783241732753955e-01
1.767387287941121210e-01
1.319540781928692785e-01
6.833862357739357851e-02
6.855579267246386665e-02
4.420637189159665192e-02
2.161917443353212065e-01
1.547833712091225833e-01
2.448976951022137638e-01
1.449717161200697324e-01
1.295972377433542155e-01
2.627688104429685145e-01
1.078624147605910244e-01
5.249367497894431855e-02
2.501585586093283547e-02
8.828521927655695600e-02
2.488486006493554337e-01
2.683783241732753955e-01
2.683783241732753955e-01
1.604535935190204154e-01
1.988586578783177461e-01
1.186605684927991011e-01
4.813595685163062077e-02
5.949604012800815273e-02
1.212961774016639016e-01
8.303973821926900756e-02
1.620894562608039824e-01
5.814583106986198624e-02
6.153364262544794988e-02
2.147649721799479161e-01
2.506665905638033043e-01
5.845370356831610520e-02
2.652810439551654340e-02
6.535627510992456091e-02
2.654219104462541765e-02
4.199495952965961315e-02
2.485969232526516123e-02
2.222328287702467209e-02
4.505949129330743402e-02
1.849620406085003554e-02
9.001594544953906568e-03
4.289709031525206114e-03
1.513911435156100119e-02
4.391716076294712168e-01
4.391716076294712168e-01
2.731675818013274415e-01
4.018874018259427361e-02
1.904519436428013524e-01
2.494585757111010549e-01
2.354499203665141177e-02
1.239082050055015545e-02
1.108881097821519668e-01
1.423962134235785999e-02
2.779503560870983173e-02
9.970824027470423165e-03
1.055176460803229979e-02
3.682781216589676998e-02
4.298420743311242437e-02
1.002361788127733438e-02
4.549028809860090547e-03
1.120726810885273872e-02
4.391716076294712168e-01
4.391716076294712168e-01
8.454706097981271734e-03
3.316311002830781007e-02
2.595859084728653274e-02
1.020145549461084003e-02
2.091251473359658029e-03
4.303878213595204588e-03
1.669791254956919657e-01
3.506133239894925202e-01
3.773468185798078411e-01
2.064479943012552943e-01
3.037287495638889279e-02
1.439351679893993152e-01
1.885297745698841509e-01
1.779426515310643386e-02
9.364434912873051062e-03
8.380433617131151369e-02
2.143249837676096392e-02
1.141764655525067187e-02
1.837508444287301243e-02
3.106573131927727396e-02
3.196446705384674014e-01
3.773468185798078411e-01
2.582463054492426524e-01
6.293052615421110274e-03
1.952637694051359910e-02
3.773468185798078411e-01
3.507713173861977118e-01
6.389693479822516897e-03
2.506321396187987868e-02
1.961835654132216070e-02
7.709809531306885400e-03
1.580475506675032681e-03
3.252681079703733085e-03
1.261954486745604231e-01
2.915666419350061711e-02
5.458896998474478679e-02
3.593890832855850537e-02
4.169636417862874339e-02
9.250974351869571677e-02
1.165702936908306203e-01
4.518567343125943353e-02
9.015438154514531996e-03
1.635497755233859471e-02
1.434406271416036049e-01
7.593847224918733041e-02
8.184616371448669159e-02
1.001943303811942826e-01
2.710330051074737456e-01
2.710330051074737456e-01
6.985265979410605619e-02
3.307525630137428396e-02
8.513960863837087556e-02
1.327009313157087589e-01
1.483264711770575228e-01
1.390782222285194504e-03
1.236917160032234841e-01
2.614670920627891193e-01
2.151364183576643940e-01
1.048458977918352159e-01
4.754759381242592425e-02
6.833322919579740140e-02
2.547604620800515696e-02
1.778635145805062268e-01
2.710330051074737456e-01
2.710330051074737456e-01
2.710330051074737456e-01
2.710330051074737456e-01
4.843405446039392159e-02
1.855847180534410043e-02
4.790186904389885647e-02
1.558953500729849950e-01
7.983795598403296834e-02
6.024436356942968612e-02
2.237373613175633880e-01
2.710330051074737456e-01
2.710330051074737456e-01
1.967327534017734025e-01
1.403434887912676822e-02
8.948993218064653365e-02
3.907033231863924622e-02
4.367086547984677658e-02
4.094795949718080686e-04
3.641780356319632150e-02
7.698217394554274229e-02
6.334131400388096078e-02
3.086914333123576965e-02
1.399915036604755698e-02
2.011893923135943049e-02
3.110978977465062023e-01
2.930084259537705238e-01
3.111868299247853853e-02
2.748822800085782420e-02
2.637426374564237966e-02
3.274518950327807293e-02
2.542865322001430350e-03
2.300540343898174050e-02
1.601501181920326755e-01
4.589932469871900456e-02
2.350620633186021810e-02
1.773738346555152681e-02
6.587363760074733954e-02
1.097746378823459545e-01
1.538871057304326551e-01
5.792283427974929261e-02
4.132048427593029705e-03
2.634797928548113233e-02
3.110978977465062023e-01
3.110978977465062023e-01
3.110978977465062023e-01
3.110978977465062023e-01
3.110978977465062023e-01
3.110978977465062023e-01
1.153944253698435118e-01
1.831283359165038760e-01
3.110978977465062023e-01
2.881880713309117881e-01
1.450663381558374432e-01
1.540663335962713480e-02
1.360922152834726645e-02
1.305770593689428889e-02
1.621190488975557051e-02
1.258954105109635034e-03
1.138980772934268873e-02
7.928915738760439202e-02
2.881880713309117881e-01
2.881880713309117881e-01
9.073408551302100666e-02
6.686663223719854776e-02
2.441797334344944850e-02
1.434978801823321055e-02
1.191533764602659314e-02
7.571771743620501691e-03
1.004844946361830443e-01
2.881880713309117881e-01
2.665159337462806866e-01
1.994730768112263630e-01
2.758078445101203591e-01
1.613620154789461303e-01
2.306826860495814202e-01
5.713093975884978720e-02
9.066550566764505770e-02
2.147856022718044045e-01
2.881880713309117881e-01
2.081549842543159445e-01
2.488799694859835168e-02
1.034198330760340151e-01
2.644203140377532346e-01
1.309232274267949081e-01
2.416265664503817329e-02
3.855089713570979126e-02
2.551186144334874339e-01
3.228031591392308552e-01
3.228031591392308552e-01
8.805082980375729396e-02
6.488920256790463303e-02
2.369586691550670116e-02
1.392542543818469682e-02
1.156296843895592528e-02
7.347853690714181707e-03
9.751289259268945686e-02
4.287200836486867311e-02
9.104405709980566141e-02
5.780591780801837276e-02
2.764318459324436109e-02
3.425966640655842693e-02
2.044301985917770445e-02
8.292934496754264528e-03
1.025006660028865597e-02
2.089708649605058130e-02
3.228031591392308552e-01
2.019992705910979847e-01
2.415199063380631811e-02
1.003614250259242946e-01
2.566006802884795990e-01
1.270514685890672402e-01
2.344810063196773112e-02
3.741084139754085464e-02
2.475740574475699118e-01
3.228031591392308552e-01
3.228031591392308552e-01
2.246758457660791020e-01
1.855795494127286949e-01
1.492475005229080276e-01
1.521211613386560524e-01
4.528896264127609678e-02
8.285498584474873529e-02
3.228031591392308552e-01
7.693830921688352142e-02
1.633880959783654552e-01
1.037387738178263824e-01
4.960858996559725648e-02
6.148255955778906406e-02
3.668714023999801455e-02
1.488253951614460467e-02
1.839481805645692622e-02
3.750201037660264719e-02
2.567399229785352968e-02
5.011436139905235676e-02
1.797736422407848061e-02
1.902479825566253183e-02
6.640042899746569083e-02
7.750039021643898018e-02
1.807255137571858045e-02
8.201884573970200792e-03
2.020666899693136093e-02
3.941524625675419391e-01
3.941524625675419391e-01
3.941524625675419391e-01
3.330419381226525921e-01
2.678402711473640285e-01
2.729973564545137288e-01
8.127578680595967664e-02
1.486919499275786427e-01
3.941524625675419391e-01
1.114309043195053084e-01
6.330100524984307031e-02
3.398558609586195545e-02
5.174333685196377819e-02
4.404990365771294797e-02
2.559878414797921511e-02
1.706876568829963914e-02
1.206945817466686249e-02
3.721485772168540984e-02
1.684753048157526523e-02
3.288554508547551769e-02
1.179692617454218898e-02
1.248426286023664351e-02
4.357262550156661141e-02
5.085653105125358120e-02
1.185938893530436890e-02
5.382158674943496660e-03
1.325981825917135759e-02
5.078913641675761870e-01
5.078913641675761870e-01
1.000313949885648854e-02
3.923675311532093951e-02
3.071276546220183534e-02
1.206979653950760942e-02
2.474252797527836875e-03
5.092110081385522839e-03
1.975604434232541007e-01
7.312207370527709638e-02
4.153875264464610556e-02
2.230168144640694294e-02
3.395449506716408800e-02
2.890598727202307872e-02
1.679817814155853961e-02
1.120069472952736622e-02
7.920099146824080560e-03
2.442076177946038082e-02
5.078913641675761870e-01
3.974145764515575954e-03
1.022290712994004466e-02
2.078684317841049747e-02
1.118549837675472669e-01
1.782127907989873861e-01
8.284969701241511053e-02
1.217116709558126175e-01
3.173818581692403606e-01
4.094113710047677657e-01
4.094113710047677657e-01
7.706440232976419571e-03
3.022807917992529139e-02
2.366118071740754003e-02
9.298597272039847705e-03
1.906169688786476298e-03
3.922972583399460950e-03
1.522009914802918418e-01
3.516508119047008496e-02
6.583831225952087307e-02
4.334496638172816163e-02
5.028888153864100041e-02
1.115735538247773218e-01
1.405923467386493708e-01
5.449724510016147605e-02
1.087328140720003611e-02
1.972530566869527824e-02
4.094113710047677657e-01
3.061690463766574780e-03
7.875749689700664233e-03
1.601422879336898003e-02
8.617332061236283869e-02
1.372955181921960977e-01
6.382758517157234579e-02
9.376693366956299902e-02
2.445116676911135156e-01
9.132686063646960895e-02
4.803534515668937688e-02
3.447066186528432996e-02
4.271513869532574809e-02
3.724727660539006724e-01
3.948685361157841522e-01
1.141169220994684014e-01
5.805413977539206072e-02
5.201382169871793248e-02
1.581131011719430143e-02
1.103882119150348812e-01
2.453942520226078672e-01
3.075017022685092583e-01
2.905025541371797360e-01
1.810039017271845574e-01
3.005983931155425254e-02
1.151802562374449994e-02
2.972954674608513717e-02
9.675401377855892548e-02
4.955018023125568744e-02
3.738972317101327270e-02
1.388590982961538656e-01
2.314007209457101255e-01
3.100696426793367877e-01
1.220991102327145250e-01
8.710199400998298869e-03
5.554052848397948716e-02
5.707348398537984840e-02
2.695800241760459501e-02
7.084851736709421588e-02
3.100696426793367877e-01
3.100696426793367877e-01
3.100696426793367877e-01
3.806801285298056642e-02
3.618161653486798041e-03
2.804536680228518833e-02
5.022865385888537065e-02
4.286932256733474306e-02
2.961841364631470630e-02
4.648253646093937486e-02
3.100696426793367877e-01
3.100696426793367877e-01
9.304633416565204207e-02
4.037642299080541203e-02
6.168523934206514986e-02
4.902727643943860514e-02
2.510810961684489112e-02
1.894615243657805231e-02
7.036280080202075848e-02
1.172555708133816571e-01
1.643742195039658016e-01
6.187016534620855268e-02
4.413639674450481158e-03
2.814354399610452875e-02
3.063518167432400241e-01
3.063518167432400241e-01
3.063518167432400241e-01
3.063518167432400241e-01
3.063518167432400241e-01
3.063518167432400241e-01
1.232583361370320624e-01
1.956081839505447173e-01
3.063518167432400241e-01
2.545190635250073677e-02
2.172277971940781566e-02
1.500826784156943441e-02
2.355367054737914079e-02
1.741584030552408568e-01
2.681589649523097862e-01
4.714851786155788843e-02
2.045957551835019331e-02
3.125719712649843024e-02
1.515590644974653123e-01
6.632369568107340796e-02
2.303542695200437931e-02
7.710793554917577675e-02
1.712939728046510846e-01
9.977897621112837012e-02
4.983464427937132901e-02
8.673353364594255099e-02
2.119575549845398033e-01
2.826439465045032517e-01
2.826439465045032517e-01
2.155485896707679816e-01
2.826439465045032517e-01
1.743661621855625288e-01
2.492733778128266020e-01
6.173511577825432223e-02
9.797222858773309284e-02
2.320951498386290279e-01
2.826439465045032517e-01
2.249301710597244874e-01
2.689371782778272532e-02
1.117544258096628412e-01
2.826439465045032517e-01
1.414743156225412302e-01
2.610992243061380225e-02
4.165770960664015587e-02
2.756785949210553976e-01
7.590980608072510349e-02
3.321885691496536536e-02
1.153751376541787069e-02
3.862024653049288964e-02
8.579422353597020157e-02
4.997525393967254537e-02
2.496015791528101088e-02
4.344131934035298792e-02
1.061609673401628234e-01
6.517066731310321159e-02
1.903168309917060708e-01
1.865105625821014967e-01
1.972779004520773261e-01
2.100588606612250331e-01
1.830502724852813845e-01
7.912878314001313418e-02
9.420654235498440721e-03
4.197373371270314568e-02
2.906466253817615586e-01
1.470791213047718260e-01
1.758547716428169455e-02
7.307486884736402732e-02
1.868353409029560874e-01
9.250834572758274976e-02
1.707296282369676760e-02
2.723947301354749315e-02
1.802629025376807081e-01
2.906466253817615586e-01
2.698690667053422199e-01
1.635903232570268540e-01
1.351236416838947352e-01
1.086696559329564521e-01
1.107620174868936824e-01
3.297566773677784030e-02
6.032813127545023912e-02
2.722097901383596641e-01
4.261431198001319753e-02
1.244458764241833520e-01
1.219570034975446804e-01
1.289976356423854775e-01
1.373549511067193862e-01
1.196943616096106389e-01
5.174135528069620515e-02
6.160051986557561060e-03
2.744611735837631031e-02
2.906466253817615586e-01
2.331327689569147044e-01
1.080716206968369980e-01
1.867028705087316609e-01
2.906466253817615586e-01
2.906466253817615586e-01
9.889738611919261790e-02
2.993172277540335005e-02
2.356964868358452925e-01
2.997053018202138208e-01
2.997053018202138208e-01
1.953573188548694550e-01
1.613627984082969535e-01
1.297718116895502094e-01
1.322704811408597358e-01
3.937908984007848501e-02
7.204302640187074114e-02
2.997053018202138208e-01
5.398960458709736732e-02
3.067009340250478888e-02
1.646642254392221075e-02
2.507026496567258886e-02
2.134270465723359100e-02
1.240291678955647917e-02
8.270020923987091155e-03
5.847796698861672249e-03
1.803104323193742420e-02
2.997053018202138208e-01
2.784039530814870211e-01
1.290576462182498052e-01
2.229580055770627733e-01
2.997053018202138208e-01
2.997053018202138208e-01
1.181019011964717369e-01
3.574405254351657735e-02
2.814655097870219502e-01
1.550565794046905310e-01
1.197940991963876295e-01
1.162796067579735387e-01
1.196912216238085747e-01
3.382202771373470085e-02
3.293428440346635178e-02
1.740390755779386289e-02
3.727729569594220860e-02
2.037252216265146021e-01
1.091570783975388814e-01
6.200930374654269051e-02
3.329208632477138191e-02
5.068747769564137251e-02
4.315103441305674636e-02
2.507642296530765078e-02
1.672046552763018293e-02
1.182317239758156474e-02
3.645546239337299488e-02
3.203695567199713601e-01
5.932629078996794376e-03
1.526081822475846596e-02
3.103072650275985264e-02
1.669778031936263174e-01
2.660371429713071501e-01
1.236785339054720378e-01
1.816919260518768398e-01
3.203695567199713601e-01
3.134959650765239969e-01
2.422016974850687288e-01
2.350960383575112778e-01
2.419936979017925371e-01
6.838193683667354028e-02
6.658708268174956535e-02
3.518750908139890027e-02
7.536785497596784622e-02
3.203695567199713601e-01
5.109270262656186862e-02
1.239613268242919647e-01
2.609334543216218494e-01
2.133032119182740605e-01
1.689129187347857830e-01
2.223270157320873242e-01
8.852137934888397452e-02
3.934231883376918676e-02
1.204539041004312055e-01
3.038721445807711641e-01
3.619508280326047978e-03
9.310654213090366338e-03
1.893190523555617760e-02
1.018734751898872776e-01
1.623097667217990037e-01
7.545650867576914056e-02
1.108505895204832531e-01
2.890599217386432551e-01
1.079659528622703840e-01
5.678703696554102814e-02
4.075096667225608371e-02
5.049752743874846156e-02
3.038721445807711641e-01
3.038721445807711641e-01
1.349081983801218854e-01
6.863118336454326895e-02
6.149036310427807156e-02
3.117175501090804421e-02
7.562904117319259323e-02
1.591959965733936166e-01
1.301366951275653439e-01
1.030540928606280687e-01
1.356421349906046236e-01
5.400706183932688781e-02
2.400282351886640769e-02
7.348915590098467621e-02
3.038721445807711641e-01
7.600029884578453354e-02
1.723836918595672840e-01
2.422187301467556841e-01
3.038721445807711641e-01
2.748971904945380906e-01
5.946317275764280430e-02
3.632374396281497220e-02
3.038721445807711641e-01
6.760611527208774951e-02
3.193296942265976684e-02
8.392326344057170207e-02
3.479078842089655121e-01
3.479078842089655121e-01
3.479078842089655121e-01
4.509327774307931441e-02
4.285875624507805466e-03
3.322100156648876562e-02
5.949810534810650448e-02
5.078064559482589613e-02
3.508434648324723626e-02
5.506066037465462415e-02
3.479078842089655121e-01
3.479078842089655121e-01
1.102175783566965439e-01
4.782769363948787683e-02
7.306894744001010689e-02
2.273384478056865166e-01
2.488544602666757297e-02
5.110229541653896201e-02
2.700046139995077379e-02
2.220404881116160856e-01
2.355576573317484101e-01
5.235620795172580416e-02
2.068379161013980672e-02
1.305207265634781566e-01
1.420270227504879246e-01
5.074617245508251245e-02
5.440044069918187342e-02
1.097679941770775408e-01
2.471747578351476959e-01
2.534359266361028151e-01
4.572632228412358557e-02
1.539612401456997258e-02
5.301920332247447853e-02
6.387140460786919216e-02
5.451318394190102223e-02
3.766315711270749184e-02
5.910779336905315484e-02
2.757431122712955540e-01
2.757431122712955540e-01
1.183189195846238578e-01
5.134318066156975946e-02
7.843974659204067112e-02
2.757431122712955540e-01
1.664389120117442944e-01
5.780726420997247400e-02
1.935018965467397434e-01
2.757431122712955540e-01
2.503947355720867463e-01
1.250597375368787956e-01
2.176572765845466717e-01
2.757431122712955540e-01
1.524664589279421667e-01
5.447617691716014066e-02
5.839904545556118959e-02
1.178362895433185675e-01
2.653428856964977212e-01
2.720642702425133397e-01
4.908735185349948071e-02
1.652778791146540874e-02
5.691628275528643616e-02
1.841185589448470494e-01
1.739557966862338365e-02
6.926211860732657544e-02
1.556685416242998277e-01
2.757431122712955540e-01
2.066940121562230726e-01
1.025967943675200889e-01
1.672162631038838498e-02
6.500826917478577660e-02
2.361583650023739989e-01
1.033451584363616477e-01
3.589365495330008871e-02
1.201490920281202968e-01
2.669091729118191481e-01
1.554749625946980351e-01
7.765202399812956569e-02
1.351476374218893717e-01
3.071389783268852480e-01
2.027484857807332064e-01
3.071389783268852480e-01
3.071389783268852480e-01
3.071389783268852480e-01
3.071389783268852480e-01
3.071389783268852480e-01
2.461727280807514961e-01
2.930802245947128695e-02
1.305819213409102897e-01
1.143227951639528284e-01
1.080125383671927571e-02
4.300619689587468347e-02
9.665762593176195627e-02
1.971715425149184464e-01
1.283403332546710351e-01
6.370434558131464475e-02
1.038278308523660036e-02
4.036489902714470585e-02
7.483435336404080374e-02
3.418089698012131972e-02
2.019399738839558478e-02
2.731695721066017268e-02
8.330267528460957860e-02
8.495293007229587356e-02
5.692010442256277558e-02
2.249016987226562167e-02
3.385389932557911902e-02
7.342541771091645741e-02
2.144230432051180968e-01
2.101346591909975525e-01
2.222658266829496687e-01
2.366656691395972179e-01
2.062360763432985189e-01
8.915151853668094872e-02
1.061390807966318232e-02
4.729027732576784882e-02
3.370295560110503352e-01
3.370295560110503352e-01
1.862098324169288444e-01
3.216932438416554296e-01
3.370295560110503352e-01
3.370295560110503352e-01
1.704024199598789535e-01
5.157303134735866101e-02
3.370295560110503352e-01
2.710128084913754343e-02
1.237862087519327192e-02
7.313261491381281738e-03
9.892843273577521870e-03
3.016808587080720833e-02
3.076572607832200185e-02
2.061363086033371830e-02
8.144820963281869733e-03
1.226019858817694805e-02
4.150039165037831823e-02
1.217862907730044193e-02
2.211205106572551593e-02
2.357826202523283232e-02
3.400288250787739108e-02
1.235836296755450127e-02
1.307627473936150662e-02
5.823261069942527179e-03
2.152257294509705640e-02
3.397516020846044760e-01
3.397516020846044760e-01
1.883348865082646040e-01
3.253644546209560895e-01
3.397516020846044760e-01
3.397516020846044760e-01
1.723470775271467859e-01
5.216159039305881540e-02
3.397516020846044760e-01
2.262753439277635781e-01
1.748165160114402428e-01
1.696877882380890268e-01
1.746663859221067039e-01
4.935676372226331654e-02
4.806127259494861331e-02
2.539766570013527597e-02
5.439906475868706848e-02
2.972978945316844812e-01
4.197400024517696643e-02
1.231761338984539537e-02
2.236439705613398748e-02
2.384734063151781533e-02
3.439092842174077541e-02
1.249939842978300790e-02
1.322550311669065323e-02
5.889716984761731930e-03
2.176819172418840986e-02
2.113558650785892293e-02
5.011872072845776835e-03
3.966218687754905631e-03
1.311317397046863654e-02
3.419866081202944941e-02
5.354289274348002226e-02
3.597700167439300128e-02
8.682132483537744957e-03
1.474539991574306402e-02
2.872619128309675807e-01
2.872619128309675807e-01
2.872619128309675807e-01
2.872619128309675807e-01
1.155535539806488710e-01
1.125205633098264740e-01
5.946075700946459180e-02
1.273585379596988698e-01
2.872619128309675807e-01
8.633776175537259678e-02
2.094730353268023371e-01
2.872619128309675807e-01
2.872619128309675807e-01
2.854333903947157136e-01
2.872619128309675807e-01
1.495857014325883416e-01
6.648166128929722252e-02
2.035461022827351196e-01
4.948242048833739748e-02
1.173374399854460078e-02
9.285670912572718122e-03
3.070042972794616298e-02
8.006555738633694408e-02
1.253540767326082606e-01
8.422899095324296037e-02
2.032652039848164074e-02
3.452178053484293574e-02
9.421373814049115170e-02
1.991374731372956217e-02
4.313619947119810838e-02
1.188851715639810541e-01
1.335099822843801853e-01
9.805388132252949862e-02
7.503611034603484276e-02
1.087669585700504551e-02
1.222551485838787796e-02
4.233874118315218704e-02
1.027224292966905789e-01
2.162264554548272155e-01
1.767569343307330565e-01
1.399722461556572595e-01
1.842346459122292113e-01
7.335458053220299257e-02
3.260160784256591754e-02
9.981595038108423412e-02
3.279234448468796304e-01
1.032266865162994596e-01
2.341385177473800927e-01
3.279234448468796304e-01
3.279234448468796304e-01
3.279234448468796304e-01
8.076529154145838107e-02
4.933638141023970192e-02
3.279234448468796304e-01
4.620100166980885270e-02
9.765402488560833566e-03
2.115334412085606922e-02
5.829950194474225328e-02
6.547128939156050820e-02
4.808415019005006508e-02
3.679658113367206135e-02
5.333768231360758692e-03
5.995208804308108964e-03
3.279234448468796304e-01
1.187220832172273671e-01
2.168197252519264012e-02
3.048204643057355473e-02
1.061140885417191093e-01
1.180713351979164050e-01
7.641484655770972717e-03
5.666305030385042352e-02
2.490444262710437007e-01
