2.559635925522281696e-01
2.710438634952859194e-01
2.710438634952859194e-01
2.604566090790457200e-01
4.665029566820626944e-02
3.454021286128348273e-02
9.258850719303234056e-03
8.079297113697691060e-03
2.185670958679068743e-02
2.710438634952859194e-01
1.822682049685267480e-01
2.144192088968901178e-01
2.710438634952859194e-01
2.710438634952859194e-01
1.012979141881774903e-01
7.058559122192331614e-03
2.890124950001284401e-02
1.488453896978587099e-01
2.276800464179609129e-01
2.710438634952859194e-01
2.213402332063812983e-01
4.212276525799607541e-02
8.000262435106143821e-02
1.128613114244425009e-01
3.134943905143994236e-02
2.498467138174805327e-02
7.973700554883007829e-02
2.710438634952859194e-01
2.710438634952859194e-01
1.131984918455300054e-01
6.546306937032829454e-02
6.471399911153756512e-02
5.034156329657631795e-02
3.685906306707683461e-02
3.693729199786135314e-02
7.860405370713109685e-02
2.569257326458478929e-01
1.163996233018614601e-01
1.369318096296106291e-01
2.171426687452606696e-01
1.868169476474705049e-01
6.469059732499243820e-02
4.507717750438031655e-03
1.845683702945066090e-02
9.505523628787160284e-02
4.341726012324685358e-01
3.129591710579164299e-01
7.630622021564961721e-02
1.143061775267841529e-01
2.947702841098013768e-02
1.702620698430603111e-02
7.637912404403866470e-03
3.539396934472417190e-03
2.517921475753166494e-01
3.113074515207132076e-01
2.644544096892499918e-01
7.229051172931531821e-02
4.180584658857865177e-02
4.132747738554116285e-02
3.214899167498869170e-02
2.353883419770410115e-02
2.358879254384680171e-02
5.019790611911296996e-02
4.341726012324685358e-01
2.227476112361477245e-01
1.816553242144619551e-02
1.901828484147899401e-02
1.158464549757164987e-02
6.944854234158161915e-03
2.447133733467774137e-03
2.294179221072301794e-02
1.279359438808515548e-01
5.114795907271952879e-01
3.810712074212607714e-01
9.291340903363078108e-02
1.391836287736702982e-01
3.589237142273823955e-02
2.073176903997196729e-02
9.300217955860353922e-03
4.309706786361951203e-03
3.065918706627756563e-01
1.323455429684169404e-01
1.219874637230963788e-01
8.863259631225206547e-02
1.338619584711447374e-01
1.423961605445514533e-01
5.950752327594345525e-02
1.906852192311562708e-02
3.564107230860725020e-03
1.551973219760153025e-02
5.114795907271952879e-01
2.712261183368611661e-01
2.211905581769803633e-02
2.315740019097464741e-02
1.410591302496112635e-02
8.456323485997303130e-03
2.979724810049702664e-03
2.793481471910599576e-02
1.557797601599364978e-01
2.887232962781032669e-02
3.334050143612957845e-02
2.743957665196186668e-02
9.781879190300889204e-02
8.728163376637732007e-02
4.274984279177235225e-02
2.717394916731353388e-02
2.348390999938722995e-02
4.702011134794328168e-02
2.419863933696590752e-01
2.419863933696590752e-01
2.252637795841711532e-01
2.419863933696590752e-01
2.419863933696590752e-01
1.512410801958990192e-01
4.846351678959984893e-02
9.058340825744009422e-03
3.944410610120650112e-02
2.419863933696590752e-01
2.419863933696590752e-01
2.419863933696590752e-01
2.404106933401556068e-01
2.036276154231956292e-01
1.061123835981699071e-01
3.522916306333361697e-02
1.278868161673568649e-02
5.630536679920368492e-02
7.338034050641409345e-02
8.473640262409684598e-02
6.973893357511924684e-02
2.419863933696590752e-01
2.218302467551397650e-01
1.086506721520080210e-01
6.906382922702460070e-02
5.968542664867425296e-02
1.195037541424487371e-01
1.223153180025565862e-01
9.876028074849899085e-02
2.419863933696590752e-01
2.419863933696590752e-01
2.419863933696590752e-01
1.222701605488709237e-01
6.095122754026861128e-02
2.407123031357346135e-02
1.347346692310631977e-01
1.908931836766899481e-01
1.234185622595765225e-01
1.383244092702229089e-01
1.138612239241600516e-01
9.644034212753799240e-02
5.025602522972105746e-02
1.668493014384973480e-02
6.056864280981275050e-03
2.666685865002359213e-02
4.424956335459569456e-01
3.835585578151237685e-01
2.534312198718214823e-02
8.156594099503443329e-03
2.153412157501844587e-02
1.271864157430014838e-02
9.563626057880377992e-03
1.405118112816910667e-02
2.843444849965494070e-01
5.792991825342293233e-02
4.677398615213560623e-02
1.225870392009649618e-01
1.685770988784055791e-01
1.347262584511236261e-01
5.790853117253016991e-02
2.886719085159668297e-02
1.140040697351970417e-02
6.381186348462362934e-02
4.424956335459569456e-01
4.424956335459569456e-01
4.689175540096032768e-02
0.000000000000000000e+00
1.078708249044030634e-02
1.767169338372745827e-02
2.923292423728999882e-03
3.882821696784637643e-03
9.053906777342159151e-02
4.394622110010901750e-01
3.803400890356304909e-01
2.513046593967987671e-02
8.088151503395590858e-03
2.135342713717874874e-02
1.261191849384633856e-02
9.483376950517553514e-03
1.393327660784338812e-02
2.819585289829604768e-01
1.261283917743342142e-01
4.734948279073104838e-02
9.687177063000944333e-02
1.172856392775434159e-01
9.267611727947094868e-02
6.266151879215954568e-02
3.571872978814413790e-02
2.357650706572499838e-02
4.241138343226909940e-02
4.394622110010901750e-01
4.394622110010901750e-01
4.649828314568511811e-02
0.000000000000000000e+00
1.069656726790149670e-02
1.752340887207352177e-02
2.898762856581039212e-03
3.850240647156580927e-03
8.977934762895897758e-02
5.628976460491514483e-02
1.822294927483106564e-01
2.157291078900931136e-01
1.594338913754479448e-01
1.224426873187513948e-01
5.606751567386199231e-02
4.506137327048544833e-03
5.848965360949541330e-03
1.535362970836967253e-02
2.500339710533190374e-01
9.386450618247224598e-02
1.920363302255020388e-01
2.325043055219444266e-01
1.837189652481125979e-01
1.242187278806166223e-01
7.080797371847166732e-02
4.673751565592712542e-02
8.407533362042791947e-02
2.511357106508669834e-01
2.375418585756265688e-01
2.279767458920632373e-01
1.253083892707946290e-01
5.734627528613479852e-02
5.347091685704431080e-02
2.052381858251311683e-02
4.407938385793597202e-02
1.638726124969787368e-01
1.115875115493819986e-01
2.511357106508669834e-01
2.511357106508669834e-01
2.511357106508669834e-01
2.427275168268423766e-01
1.111469304715466400e-01
8.932861143662065156e-03
1.159485200103149358e-02
3.043667608903154881e-02
2.511357106508669834e-01
2.511357106508669834e-01
2.511357106508669834e-01
7.185948347096900168e-02
1.466218863441233755e-01
1.863542320172679179e-01
1.682694430217565248e-02
3.282082446504227397e-02
1.603803509315090137e-01
2.986320570561713517e-01
2.986320570561713517e-01
2.986320570561713517e-01
5.752160886556316466e-02
1.092492299105830705e-01
1.541200861825884061e-01
4.280987157958317246e-02
3.411833211929808651e-02
1.088865086895115103e-01
2.986320570561713517e-01
2.986320570561713517e-01
1.545805298448249820e-01
8.939444142367759805e-02
8.837153311803622180e-02
6.874495764679086629e-02
5.033365202663295929e-02
5.044047915279614713e-02
1.073393829891312878e-01
2.433233293727369018e-01
1.395228629876231752e-01
9.577468090566916559e-02
9.908879492720581994e-02
1.195495615060590960e-01
1.371031584511866186e-01
3.366415548074212089e-02
2.457640983048587496e-02
1.466743390997934104e-01
2.986320570561713517e-01
2.986320570561713517e-01
1.245926619727854984e-01
1.037140118560667956e-01
2.405185611715340843e-01
6.655849336387566206e-02
4.033511370797342177e-02
1.534384229547282145e-02
1.281990365846762403e-01
3.660184076165066136e-01
3.109311436291853914e-01
8.499526066495667609e-02
4.915304571947713003e-02
4.859060517045316052e-02
3.779903976558925821e-02
2.767568385564125877e-02
2.773442216792058185e-02
5.901997389926958576e-02
5.022170528948872725e-01
2.618945533323052688e-01
2.135804722284768975e-02
2.236066724156818286e-02
1.362059750613063037e-02
8.165382728547353197e-03
2.877207043946762577e-03
2.697371428733340640e-02
1.504201400494531993e-01
2.340549291655029673e-01
1.788037747530840382e-01
6.850659518341833953e-02
5.702658336831881863e-02
1.322478181570242439e-01
3.659682431292165389e-02
2.217804213118785076e-02
8.436727942483243994e-03
7.048954058088099939e-02
5.022170528948872725e-01
1.770951793956498099e-01
1.201812928096475906e-02
0.000000000000000000e+00
0.000000000000000000e+00
8.757554469352780459e-05
1.076551671284613860e-03
1.765594424497816993e-03
5.225848823082512168e-02
3.964406013870854228e-01
1.155639340150027700e-01
9.424479923485384880e-03
9.866897347640511337e-03
6.010242715686247954e-03
3.603067489730384879e-03
1.269600152975575852e-03
1.190245653595432308e-02
6.637458823798393637e-02
1.230191257548303788e-02
1.420570972890830563e-02
1.169144566552598151e-02
4.167859821990560487e-02
3.718892939643726053e-02
1.821483875459313506e-02
1.157826719548518159e-02
1.000601653787933434e-02
2.003431335636717686e-02
3.964406013870854228e-01
7.814525107777202384e-02
5.303135485398676602e-03
0.000000000000000000e+00
0.000000000000000000e+00
3.864369968568711765e-05
4.750406021091151489e-04
7.790885109054838725e-04
2.305964904114684091e-02
2.326970825453752306e-02
1.640818317334271081e-01
3.964406013870854228e-01
3.964406013870854228e-01
3.964406013870854228e-01
3.964406013870854228e-01
3.495283440669492720e-03
1.126200668461403579e-03
1.214279956893002214e-02
1.567627582373336617e-02
1.810227658633113690e-02
1.489836038960638993e-02
5.311086366716015472e-02
4.738969743369401272e-02
2.321109296215415063e-02
1.475413753785213139e-02
1.275062509038152672e-02
2.552964184930289065e-02
2.613027752723679972e-02
2.109820410696361739e-02
5.529497455098170838e-02
7.603957525296352327e-02
6.077057640809080397e-02
2.612063051967879537e-02
1.302103871585150174e-02
5.142347980508564335e-03
2.878342923062626041e-02
2.965249205744839925e-02
2.090887929932807032e-01
4.335367399263539423e-01
4.335367399263539423e-01
4.335367399263539423e-01
4.335367399263539423e-01
4.454025092591041950e-03
1.435112808951224690e-03
1.547351878391831081e-02
7.281977810183551392e-02
3.543295765791162205e-02
1.169730613592111744e-02
4.991550608174686807e-03
1.434691349637751308e-02
2.235576264067091479e-01
2.898726217599301713e-01
9.032709332993843487e-02
1.773017320439448097e-01
4.289304353164626743e-02
3.463285785067764244e-02
9.076710907583455945e-02
1.248195243258925086e-01
9.975534996130286380e-02
4.287720789749717432e-02
2.137413121173730238e-02
8.441202185966674432e-03
4.724821164614198543e-02
3.855877216558250553e-01
3.855877216558250553e-01
3.472005772371095089e-02
0.000000000000000000e+00
7.987078400798125477e-03
1.308465015037958354e-02
2.164493114563144100e-03
2.874957277467991758e-03
6.703783282294858981e-02
1.195342035242879797e-01
5.816346166593889394e-02
1.920121440608802896e-02
8.193667185650170548e-03
2.355056445548433380e-02
3.669714947075996547e-01
3.855877216558250553e-01
1.482725907617955252e-01
2.910421025138424933e-01
3.855877216558250553e-01
1.734301988923757920e-01
1.639254700665937134e-02
6.078471452366744111e-03
5.873113598895764696e-03
5.830195649062742611e-03
3.984002498744934617e-03
2.645874975836716436e-03
2.596877922446583220e-01
4.707157583290221270e-01
4.707157583290221270e-01
4.509271280795295461e-02
0.000000000000000000e+00
1.037322677766848965e-02
1.699370364297143193e-02
2.811137791488541818e-03
3.733853897352978034e-03
8.706545843926921657e-02
5.458821310464354731e-02
1.767209803401321722e-01
2.092079545372757809e-01
1.546144543256020853e-01
1.187414364827101415e-01
5.437268241099503518e-02
4.369923846976542237e-03
5.672160290706072805e-03
1.488951350805765676e-02
4.707157583290221270e-01
2.252426598225194532e-01
2.128983829014079177e-02
7.894421423318375569e-03
7.627712687315882194e-03
7.571972953196576088e-03
5.174227587167474357e-03
3.436333008446464197e-03
3.372698031957114262e-01
8.992106815164628564e-02
7.758859716257075767e-02
9.569193782873229581e-02
4.058609702231338184e-02
4.611026251767343792e-02
5.625929557832986400e-02
3.581243094970181645e-02
2.223348506063668392e-02
9.435274720374428603e-02
1.167261662502072639e-01
2.498707946387845602e-01
2.498707946387845602e-01
2.498707946387845602e-01
2.498707946387845602e-01
1.162652962171359938e-01
9.344223385460823442e-03
1.212880010967899540e-02
3.183829860476606460e-02
2.498707946387845602e-01
2.498707946387845602e-01
2.498707946387845602e-01
7.516864475084536479e-02
1.533738896377237759e-01
1.949359275589813145e-01
1.760183259602056752e-02
3.433223807737660616e-02
1.677659376588328255e-01
1.922785332860149632e-01
1.659079676075382037e-01
2.046184040204633570e-01
8.678539265229405497e-02
9.859773497551629906e-02
1.202994477252281869e-01
7.657784585924409804e-02
4.754193855978433580e-02
2.017548080417231604e-01
1.798270025342608158e-01
2.043840917937294888e-01
1.501166948831987036e-01
2.290313141934699759e-01
2.130440878181555919e-01
1.575852064354609228e-01
4.529181107829032688e-02
5.505036210020240045e-02
1.625732275285146633e-01
2.441217941720420781e-01
1.485734791526257259e-01
1.019874252304448503e-01
1.055165203188381945e-01
1.273045428096013232e-01
1.459968124056735539e-01
3.584789328006029313e-02
2.617064067786501608e-02
1.561888596308508570e-01
2.441217941720420781e-01
2.441217941720420781e-01
1.326747808194409239e-01
1.104417673804431177e-01
2.441217941720420781e-01
7.087603217477825290e-02
4.295158547701233981e-02
1.633917183601539883e-02
1.365150949568008643e-01
2.356098102356652957e-01
2.257752844235354495e-01
2.171230050940518297e-01
2.441217941720420781e-01
2.441217941720420781e-01
1.899384430063045248e-01
5.167220319529443329e-02
2.929802821465500237e-02
1.358290945174797926e-01
2.441217941720420781e-01
2.049374961717774779e-01
9.303571606111910031e-02
2.441217941720420781e-01
2.441217941720420781e-01
1.534002200818490036e-01
8.402556923481770135e-02
3.879804668726235389e-02
7.834560767071692411e-02
2.597698270457031167e-01
1.984483975976583658e-01
7.603320487945315620e-02
6.329191934308954492e-02
1.467774807063758624e-01
4.061760526080314404e-02
2.461467566255433684e-02
9.363645389842707029e-03
7.823401041162679481e-02
4.571516139569907766e-01
1.965520841037522726e-01
1.333852431931288607e-02
0.000000000000000000e+00
0.000000000000000000e+00
9.719720144148100681e-05
1.194829104656962900e-03
1.959574873812378742e-03
5.799996820315708040e-02
2.831660974786424090e-01
1.174454899240930661e-01
5.331686712947009826e-02
1.484930399659849520e-01
1.608176820554512443e-01
8.791053047157071365e-02
4.815333615992999083e-02
2.223436748472812016e-02
4.489826629176547207e-02
4.571516139569907766e-01
4.153008616467979697e-01
8.961504900526914841e-02
4.491702214134196680e-02
5.572376663296842864e-02
1.570669122573059226e-02
6.739292919002800100e-03
1.344673282855127043e-02
2.231549444854314390e-01
2.914997302577397309e-01
3.966451472560182656e-02
2.691734848265004993e-03
0.000000000000000000e+00
0.000000000000000000e+00
1.961454565817708179e-05
2.411183622516420585e-04
3.954452418689292557e-04
1.170448333513571595e-02
1.181110397615830337e-02
8.328370747081095815e-02
2.914997302577397309e-01
2.914997302577397309e-01
2.914997302577397309e-01
2.871279949202590331e-01
1.774115759953355824e-03
5.716304238847873514e-04
6.163371998543052885e-03
2.612387827768199999e-01
8.380835653540687213e-02
1.808445556358855011e-02
9.064324574726959072e-03
1.124514233597577635e-02
3.169634594587230313e-03
1.359999739737318683e-03
2.713571492875985810e-03
4.503301311707778865e-02
2.914997302577397309e-01
2.914997302577397309e-01
3.091915667338526654e-03
2.723845806259079239e-01
2.914997302577397309e-01
2.717293906593105657e-01
4.898697218081467936e-02
2.557268649715776707e-02
2.914997302577397309e-01
9.864633129110605275e-03
6.955854605040409644e-02
2.658278867519519029e-01
2.658278867519519029e-01
2.658278867519519029e-01
2.398092791921016820e-01
1.481741345757377117e-03
4.774256859006618058e-04
5.147647817391930170e-03
2.422529594228185409e-02
1.178764763843210411e-02
3.891397505686930262e-03
1.660562471431930578e-03
4.772854770609391388e-03
7.437196048967503748e-02
9.643327995148662235e-02
3.004953632876718878e-02
5.898379591101026581e-02
2.658278867519519029e-01
2.658278867519519029e-01
2.582367726675828794e-03
2.274955807116007811e-01
2.658278867519519029e-01
2.269483661020770537e-01
4.091391538378980064e-02
2.135830578830228213e-02
2.636154636235624182e-01
2.658278867519519029e-01
1.998702289472109039e-01
1.553660388957583960e-01
1.486877028590075089e-01
2.372931841949733056e-01
2.198381881888749612e-01
9.367833678970451800e-03
3.672538117727381594e-03
2.389014907296121426e-01
5.103036908269808353e-02
2.483057424929542220e-02
8.197194017188547122e-03
3.497959983809671020e-03
1.005397585658438994e-02
1.566638691322617682e-01
2.031358411267353004e-01
6.329907932907979928e-02
1.242488381734863090e-01
3.091900364416348967e-01
7.403911850021581420e-02
6.998145294751007342e-03
2.594961379484094117e-03
2.507292020023097704e-03
2.488969910068963929e-03
1.700811248522990154e-03
1.129550978571484694e-03
1.108633637385912502e-01
3.091900364416348967e-01
3.091900364416348967e-01
3.091900364416348967e-01
3.091900364416348967e-01
3.091900364416348967e-01
3.091900364416348967e-01
1.973325780135601684e-02
7.736168675273272059e-03
3.091900364416348967e-01
3.091900364416348967e-01
1.217630435817483869e-01
1.970762783712075306e-02
3.994851848355655474e-03
1.009001240103901643e-03
3.124174768979006735e-03
2.216566512752371921e-03
5.839297984315817459e-03
1.318551383044601344e-01
4.538129049707408935e-01
2.342743192254027329e-01
2.214350681070667570e-02
8.210967700717237278e-03
7.933564620822489491e-03
7.875589864731016507e-03
5.381700990638742590e-03
3.574121246925038558e-03
3.507934669268240047e-01
9.352667492848443231e-02
8.069970313011710916e-02
9.952894184365551622e-02
4.221349657924784726e-02
4.795916710069206279e-02
5.851515064730295618e-02
3.724841860400247839e-02
2.312499142344109221e-02
9.813605307103438757e-02
4.538129049707408935e-01
3.852821956793555658e-01
6.235880692009593274e-02
1.264049621521540386e-02
3.192678187034866336e-03
9.885502852679197219e-03
7.013651989810943364e-03
1.847668621319237953e-02
4.172155664246418594e-01
5.477562625897706289e-02
5.169267617999918213e-02
8.667216856474961595e-02
1.146482645314910870e-01
5.069684286807905893e-02
8.552516153291965517e-02
4.118968868988275717e-02
5.431240018429532579e-03
1.484426394627352298e-02
2.193579835704017322e-01
2.027697900765267902e-01
2.193579835704017322e-01
1.060675753164675439e-01
1.205044116404333510e-01
1.470278619726657632e-01
9.359209176814746456e-02
5.810491829061859709e-02
2.193579835704017322e-01
2.193579835704017322e-01
2.193579835704017322e-01
1.834699752362296543e-01
2.193579835704017322e-01
2.193579835704017322e-01
1.925978582515811000e-01
5.535485219284527747e-02
6.728158103352985253e-02
1.986941296032280480e-01
1.376317608000963977e-01
1.298853984705742870e-01
2.177764817426301458e-01
2.193579835704017322e-01
1.273832218357522084e-01
2.148944590580428582e-01
1.034951084702075419e-01
1.364678376346078678e-02
3.729838112753995627e-02
9.370179926616241384e-02
2.193579835704017322e-01
1.550876274727358561e-01
1.909676430772384581e-01
2.193579835704017322e-01
2.193579835704017322e-01
8.186311736005098816e-02
3.950752934902904828e-02
1.293828482043128947e-01
1.234917247475430524e-01
1.183370898306039809e-01
1.138021135648588922e-01
1.525378974507341223e-01
1.601804138156008306e-01
9.955368963308490471e-02
2.708329287184529227e-02
1.535616888070581547e-02
7.119299971458278864e-02
2.589827417559077971e-01
1.074152423550690100e-01
4.876342384902582899e-02
1.358112251589757291e-01
1.470833005518676628e-01
8.040266971741161228e-02
4.404087613042437926e-02
2.033547625819723259e-02
4.106380039088296241e-02
1.111891975823777745e-01
8.103777124367350648e-02
2.184229769620290862e-01
2.293619877194666701e-01
2.852364744585595413e-01
2.852364744585595413e-01
1.146982045382908544e-01
3.980019450476930676e-02
3.120588532581784064e-02
2.760316815377691357e-01
1.730379057670257403e-01
2.852364744585595413e-01
2.852364744585595413e-01
2.852364744585595413e-01
2.852364744585595413e-01
1.690642686225840574e-01
1.547361879535326043e-02
5.722556098718657724e-02
1.447221783806977857e-01
6.002472504352335259e-02
2.724949499292766975e-02
7.589268775323729233e-02
8.219163761634555587e-02
4.492982594220348846e-02
2.461048751038677485e-02
1.136367003662756836e-02
2.294686744323636701e-02
3.070059894712842130e-01
2.122543832615366166e-01
4.580098120225616076e-02
2.295645329208006666e-02
2.847962720999497321e-02
8.027467234181065101e-03
3.444357077588569571e-03
6.872434533579573936e-03
1.140513287781252938e-01
1.542492985570599606e-01
9.669533380969629055e-02
1.634518930997084230e-01
3.070059894712842130e-01
3.070059894712842130e-01
2.130756984967052403e-01
9.447482513896769685e-02
8.646814858445867405e-03
3.197822290772082271e-02
3.070059894712842130e-01
3.070059894712842130e-01
3.059179080401888684e-01
3.070059894712842130e-01
2.863827956794781082e-01
1.553340173231750887e-01
2.285083057930214004e-02
1.705073096895840662e-02
1.263084630715964884e-01
2.842120248377810743e-01
9.117843245198348212e-02
1.967479590581081017e-02
9.861437929646471590e-03
1.223403599926862172e-02
3.448371090034987700e-03
1.479597614492849864e-03
2.952201967619933615e-03
4.899319965629045370e-02
2.870860967532998798e-01
2.870860967532998798e-01
3.363817589031866100e-03
2.870860967532998798e-01
2.870860967532998798e-01
2.870860967532998798e-01
5.329486841957819382e-02
2.782153910167390470e-02
2.870860967532998798e-01
2.534125983884775724e-01
2.359438111017857775e-01
1.314136126919225600e-01
2.870860967532998798e-01
1.230218852964593684e-01
6.672706583658526147e-02
9.816065423154812092e-03
7.324507970205214845e-03
5.425851514263817926e-02
1.542531623998091243e-04
7.079119257407017612e-03
3.162582199389871954e-03
2.391117566609360923e-01
2.870860967532998798e-01
1.658719510602920388e-01
1.714045464823597126e-02
2.198794494392528227e-04
0.000000000000000000e+00
2.697690019310740039e-01
2.697690019310740039e-01
2.881623171080067904e-03
2.538587087830184164e-01
2.697690019310740039e-01
2.532480806830511022e-01
4.565518898476306209e-02
2.383339453123187526e-02
2.697690019310740039e-01
2.697690019310740039e-01
2.230320170879604713e-01
1.733704975693982908e-01
1.659182483529271501e-01
2.647916990489261324e-01
2.453139459687982138e-01
1.045341696044754798e-02
4.098127012430129862e-03
2.665863827915008200e-01
1.321413766409364643e-04
6.064346101732074994e-03
2.709234346096073710e-03
2.048357142546842202e-01
2.697690019310740039e-01
1.420946424580541156e-01
1.468341548550477181e-02
1.883603077688993338e-04
0.000000000000000000e+00
5.015084237503549111e-04
3.001812949553119697e-04
6.864639862212422623e-03
9.957707136858950925e-03
5.795596805866983642e-02
1.982050120207927979e-01
1.344776745277521668e-01
2.196697533719908172e-03
1.728528207571473907e-03
3.045010118528323484e-01
3.045010118528323484e-01
3.045010118528323484e-01
3.045010118528323484e-01
3.045010118528323484e-01
3.045010118528323484e-01
2.004033611814025687e-02
7.856554760484132233e-03
3.045010118528323484e-01
3.045010118528323484e-01
1.236578544054857814e-01
2.001430731422247644e-02
4.057017578603763427e-03
1.024702773300464193e-03
3.172791492028757907e-03
2.251059525544691665e-03
5.930165990717786717e-03
1.339069968641301289e-01
9.614461391967217725e-04
5.754801583104072766e-04
1.316026048604408694e-02
1.909000652549439070e-02
1.111078879128741814e-01
3.045010118528323484e-01
2.578083135991774411e-01
4.211307851987942941e-03
3.313776385318487235e-03
1.188782527994511895e-01
9.500093481706156640e-02
2.365337291436326456e-02
2.292693716340840279e-02
2.445185658657833203e-02
2.862386381955616885e-02
4.167208463950029113e-02
7.826248642393525412e-02
1.358650388747950633e-01
3.601017157278328940e-01
3.601017157278328940e-01
7.208597968093125030e-02
1.461225123332593988e-02
3.690694968126143494e-03
1.142751429941765012e-02
8.107691596384650201e-03
2.135881189391234530e-02
3.601017157278328940e-01
6.331992025720478701e-02
5.975606957232413446e-02
1.001919133903015485e-01
1.325319209211449079e-01
5.860489905713688746e-02
9.886598799701547258e-02
4.761475096480573960e-02
6.278443686590173475e-03
1.715977841879800028e-02
3.601017157278328940e-01
3.421669983065420695e-01
8.519288389654265659e-02
8.257646395451337384e-02
8.806880045299264603e-02
1.030952125043068657e-01
1.500912821724484925e-01
2.818797531966508174e-01
3.601017157278328940e-01
1.863380255365946342e-02
1.580674819511366722e-02
6.145416302741055908e-02
1.598642102010532917e-01
9.462563696173606487e-02
5.071148913390936125e-02
3.386269520418348777e-02
1.143617010581047568e-02
1.754047212426344815e-02
1.642286923918595543e-01
1.549853684034471213e-01
2.401320001993544895e-01
2.401320001993544895e-01
1.519996535184421349e-01
2.401320001993544895e-01
1.234952327443008951e-01
1.628398445096442687e-02
4.450618320436985909e-02
1.118093954388729994e-01
2.401320001993544895e-01
1.850578537827251846e-01
2.278715765126522741e-01
2.401320001993544895e-01
2.401320001993544895e-01
9.768292319306791371e-02
4.714224279995922473e-02
1.543857017813716759e-01
4.832926218550290254e-02
4.099691813423484571e-02
1.593896011718275718e-01
2.401320001993544895e-01
2.401320001993544895e-01
1.315270378717557365e-01
8.782743458389570546e-02
2.966123859314913347e-02
4.549356330839467860e-02
2.661476778042704688e-02
1.285003550489808022e-01
2.401320001993544895e-01
2.401320001993544895e-01
1.934710905930792091e-01
2.401320001993544895e-01
1.583106919066728790e-01
1.881027197053428135e-02
4.884725281363198196e-02
5.007139556325069379e-02
3.649342191268131752e-02
9.836156314974524306e-02
1.032876849908576228e-01
2.159718835143518700e-01
1.441487105730725748e-01
5.165159291284977111e-02
1.792306560235906038e-02
1.405282403349322751e-02
1.243042652954390731e-01
7.792348191629029641e-02
1.317203233529904427e-01
2.712710514403722795e-01
2.712710514403722795e-01
1.717104609337827548e-01
7.613404947491705932e-02
6.968174106329537779e-03
2.577016259511592453e-02
2.575668815298663428e-01
2.708670895447028437e-01
2.712710514403722795e-01
2.712710514403722795e-01
1.205689994510383417e-01
4.740553844895289970e-02
1.089648114026325366e-02
1.985619405431951132e-02
5.133071350386197995e-02
2.712710514403722795e-01
2.712710514403722795e-01
2.712710514403722795e-01
2.703979066786634800e-01
2.215990813009507399e-01
1.175772574959585981e-01
7.527145609225330269e-02
1.784132572022880184e-02
1.164206362416942975e-01
1.115284684938099846e-01
6.991462905294071328e-02
1.181823157729365442e-01
2.740656462210409039e-01
2.740656462210409039e-01
1.540623299352998354e-01
6.830911166232531140e-02
6.251996135692307333e-03
2.312154583142210854e-02
2.740656462210409039e-01
2.740656462210409039e-01
2.211909946282920314e-01
2.740656462210409039e-01
2.070663199372196617e-01
1.123127639419125440e-01
1.652207278841102273e-02
1.232836667302219039e-02
9.132611672117940671e-02
2.487761785181931695e-01
2.740656462210409039e-01
2.740656462210409039e-01
2.426068352854019172e-01
1.988234763979345177e-01
1.054928519714097429e-01
6.753517427029188946e-02
1.600762233497830811e-02
1.044551064297833537e-01
1.575075125360627937e-01
1.500262091300413603e-01
1.259980503157427933e-01
1.800367064799401340e-01
9.701858791885389910e-02
5.523510497818523435e-02
2.692896357316443279e-02
1.520740065146096789e-02
6.786347472668857739e-02
3.120838733108423635e-01
3.120838733108423635e-01
2.654081945718825830e-01
3.120838733108423635e-01
2.484599258823164125e-01
1.347646542088846988e-01
1.982491880705396919e-02
1.479286960215362226e-02
1.095826699317573871e-01
3.115358637579952955e-04
1.429727273134260429e-02
6.387277653594499935e-03
3.120838733108423635e-01
3.120838733108423635e-01
3.120838733108423635e-01
3.461754858679996771e-02
4.440773410281464474e-04
0.000000000000000000e+00
1.889940619144789002e-01
1.800172080720636725e-01
1.511856986315172624e-01
2.160269558162067616e-01
1.164130949486806843e-01
6.627688217544386307e-02
3.231219976046614123e-02
1.824743705239105854e-02
8.142972698709131929e-02
2.161722769507760655e-01
1.267242557206815778e-01
1.049411516986521187e-01
4.263330791417669491e-02
2.477503873317112720e-02
4.388013037886397127e-02
5.217290064987335080e-02
1.863984682882292160e-02
7.994893231729713334e-02
4.240532882116536265e-04
1.946101948279797475e-02
8.694171062859053570e-03
3.502347387883869012e-01
3.502347387883869012e-01
3.502347387883869012e-01
4.712037044782286382e-02
6.044647778644089307e-04
0.000000000000000000e+00
1.609384596734243777e-03
9.633081508702691451e-04
2.202923247780189803e-02
3.195515713376909095e-02
1.859857937877340828e-01
3.502347387883869012e-01
3.502347387883869012e-01
7.049395398017819191e-03
5.546998894820084382e-03
2.942472296941904264e-01
1.724932618874135959e-01
1.428427530292307457e-01
5.803118199704405261e-02
3.372304078779652520e-02
5.972831939749921604e-02
7.101618994757202818e-02
2.537200129762288980e-02
1.088240924470151444e-01
1.525724224103161553e-01
6.456418310314575304e-02
5.872101474017499961e-02
1.306248599591524340e-01
1.873435972632552238e-01
2.743649963600198194e-01
7.076368547116843044e-02
1.892846050700218094e-02
1.475903600682169914e-01
1.785390339410627839e-03
1.068657591186885671e-03
2.443839647173720944e-02
3.544984148397498092e-02
2.063255981013156770e-01
2.732398330322979296e-01
2.732398330322979296e-01
7.820332360484901629e-03
6.153630561414261645e-03
2.207550433261735445e-01
1.764152398584396819e-01
4.392394100314795519e-02
4.257496125370413553e-02
4.540671260774452322e-02
5.315406433764296307e-02
7.738440491385929765e-02
1.453322047933871819e-01
2.522992375562244094e-01
1.692580689442483854e-01
7.162506029833100307e-02
6.514287054209307037e-02
1.449102741079904000e-01
2.078318938698552609e-01
2.732398330322979296e-01
7.850255350876757243e-02
2.099851744430345293e-02
1.637311576056069973e-01
2.732398330322979296e-01
2.732398330322979296e-01
2.732398330322979296e-01
2.283193405644736440e-01
1.948645816036040646e-01
1.390033110909290881e-01
8.285030199240379922e-02
4.109635648724085932e-02
2.732398330322979296e-01
2.996205974102507663e-01
2.812981086388786078e-01
7.003772201350499937e-02
6.788674315014156524e-02
7.240203503006265029e-02
8.475536340650742517e-02
1.233911920414645369e-01
2.317355029276525480e-01
2.996205974102507663e-01
1.531899172344726619e-02
1.299484869383287118e-02
5.052193786412094434e-02
1.314255909867641237e-01
7.779246051730229206e-02
4.169030341976438098e-02
2.783878095051668666e-02
9.401762989296047132e-03
1.442015640785993154e-02
2.996205974102507663e-01
2.996205974102507663e-01
2.996205974102507663e-01
2.996205974102507663e-01
2.996205974102507663e-01
2.216439381075920034e-01
1.321066891348171568e-01
6.552907425167052435e-02
2.996205974102507663e-01
8.324329400237506782e-02
4.193234510740296433e-02
1.807296073843638051e-02
1.097726946359278179e-02
1.540933348342827906e-02
1.916306052578731298e-03
2.498390329960441855e-03
5.032291816933811765e-03
4.955379873908515032e-02
6.339464335048088095e-02
5.377663316300915208e-02
2.090751330173292455e-01
2.699931513468085686e-01
2.699931513468085686e-01
1.725271456622048116e-01
1.152053360645737823e-01
3.890735254200202581e-02
5.967498964930025712e-02
3.491122427691754904e-02
1.685569737744494478e-01
2.699931513468085686e-01
2.699931513468085686e-01
2.537806337638631726e-01
2.699931513468085686e-01
2.076599020582990396e-01
2.467388139137095121e-02
6.407410398455994083e-02
2.699931513468085686e-01
1.735287877246070309e-01
7.479140409396291267e-02
4.542727714523427801e-02
6.376850500907066399e-02
7.930256830653788919e-03
1.033909847184713050e-02
2.082515290361894658e-02
2.050686790905117129e-01
2.699931513468085686e-01
2.699931513468085686e-01
1.235712949499667285e-01
1.032482995313943747e-01
1.418060459003682716e-01
9.081216612141268518e-02
3.425220823259036984e-02
6.181032544450330152e-02
1.801374799604035237e-01
1.590131282086348352e-01
1.672242292232637983e-01
2.207651710813775814e-01
2.589043602722345128e-01
7.443524436767183505e-02
2.926658473484150536e-02
6.727120902687707196e-03
1.225854625463143437e-02
3.168985577240779339e-02
1.711796154164631489e-01
2.842275219628118132e-01
2.842275219628118132e-01
1.669345715048969336e-01
1.368078182898597173e-01
7.258824352562032178e-02
4.647006488937985291e-02
1.101463432453675222e-02
7.187418447151854017e-02
2.842275219628118132e-01
2.842275219628118132e-01
2.842275219628118132e-01
1.554156799066989392e-01
1.470205249893376531e-01
6.035456491070448348e-02
1.885356848358281032e-02
4.164209464532157845e-02
1.996944455445138766e-01
2.842275219628118132e-01
2.842275219628118132e-01
1.759395718696669386e-01
3.248470463287458920e-02
1.845650877484689514e-04
5.794008757444066467e-03
2.134140919972660547e-02
4.769297448822604202e-02
2.076865837084522770e-01
2.348889165929195499e-01
2.929323426209132220e-01
2.929323426209132220e-01
2.290639603745562858e-01
1.877246898900066241e-01
9.960399687564763793e-02
6.376520457364764916e-02
1.511403981638340110e-02
9.862418069138252641e-02
1.487150787314465150e-01
1.416513989924525763e-01
1.189645476016532866e-01
1.699866409393293309e-01
9.160278585100928295e-02
5.215175361041773233e-02
2.542572651588590263e-02
1.435848835886390819e-02
6.407517853891757376e-02
2.929323426209132220e-01
2.929323426209132220e-01
2.414204245157664241e-01
4.457479974173995940e-02
2.532561683623551878e-04
7.950411831776063934e-03
2.928421397193907774e-02
6.544325432311821900e-02
2.849829783732025223e-01
2.096867769973933260e-01
2.472158402131155730e-01
2.769726938961298290e-01
2.150076862596188021e-01
8.455322618609344143e-02
1.059098269217103455e-02
7.540950422831402093e-03
1.024945254754997849e-02
8.061586546747312454e-02
2.675602060521243275e-01
2.639389012186802996e-01
2.216665151300818981e-01
2.675602060521243275e-01
1.706833735357155823e-01
9.717430708393086369e-02
4.737572919874342287e-02
2.675415610121632121e-02
1.193912120829372508e-01
2.675602060521243275e-01
1.858014640427165243e-01
1.538633587788847679e-01
6.250840442809710296e-02
3.632484122443299657e-02
6.433647939308928532e-02
7.649523186364726168e-02
2.732950223800027084e-02
1.172200900982018068e-01
2.675602060521243275e-01
2.675602060521243275e-01
2.675602060521243275e-01
2.675602060521243275e-01
1.575479365031977885e-01
1.973416679595678055e-02
1.405104490957207082e-02
1.909779404040678683e-02
1.502114564601760294e-01
2.675602060521243275e-01
2.056150966116609413e-01
4.197101706351355488e-02
5.340037136798687564e-03
1.753944038877257999e-02
7.796020795954798459e-03
8.588342166275776679e-03
1.914567305062121402e-02
2.675602060521243275e-01
2.775749834320501708e-01
2.479627542526942063e-01
2.053395134314514037e-01
8.342106562932574687e-02
4.847759259707135754e-02
8.586073695072955758e-02
1.020872923571130297e-01
3.647279466932362713e-02
1.564369610554663947e-01
2.193261213215424721e-01
9.281239448518688318e-02
8.441271495573299255e-02
1.877760307558270503e-01
2.693104290608461793e-01
2.775749834320501708e-01
1.017243117702479049e-01
2.721006693086419626e-02
2.121643001194374323e-01
2.775749834320501708e-01
2.744051880023917755e-01
5.601273942310257964e-02
7.126587097009368620e-03
2.340739331231056486e-02
1.040423873264959866e-02
1.146163723190410724e-02
2.555100330405452730e-02
2.775749834320501708e-01
2.775749834320501708e-01
2.356754108247364476e-01
1.980211426127399116e-02
2.917251466972859905e-02
2.480244405432187674e-02
4.834331266847043118e-02
7.894861600012806346e-03
1.170308971431609640e-01
2.775749834320501708e-01
1.532147044255437740e-01
6.483597805127533364e-02
5.896821178330840380e-02
1.311747496244535793e-01
1.881322550120759218e-01
2.755199868883613790e-01
7.106157837862404902e-02
1.900814338525457642e-02
1.482116691645480044e-01
2.810755725128050719e-01
2.810755725128050719e-01
2.533818583562016946e-01
2.066777702086599888e-01
1.763940677075649943e-01
1.258276864188005717e-01
7.499721939705222828e-02
3.720098044030858975e-02
2.517462030693838893e-01
2.810755725128050719e-01
1.646358317573271834e-01
1.383316800233743565e-02
2.037905100195328001e-02
1.732624965925917346e-02
3.377120024200158666e-02
5.515115478439496476e-03
8.175430362058033751e-02
2.550453613050651103e-01
2.810755725128050719e-01
2.810755725128050719e-01
9.374277312918836980e-02
1.726330558769929163e-02
1.660531602793001438e-02
7.757212722101089301e-03
1.754858100117764538e-02
6.355662378609715224e-02
2.810755725128050719e-01
3.251810150661863519e-01
3.251810150661863519e-01
3.251810150661863519e-01
2.654425184944684268e-01
2.265482423799535239e-01
1.616043077376840831e-01
9.632119979201131388e-02
4.777834562744479041e-02
3.233252714923917082e-01
6.069407995506800185e-02
3.057357517086728427e-02
1.317729839057264415e-02
8.003711031577117815e-03
1.123520314406128637e-02
1.397210840434495510e-03
1.821618236794682062e-03
3.669128252967749845e-03
3.613050467058126491e-02
3.251810150661863519e-01
3.251810150661863519e-01
1.203966820667039805e-01
2.217178610022821697e-02
2.132671018465253504e-02
9.962823187868737052e-03
2.253817395191538842e-02
8.162769642692888072e-02
3.251810150661863519e-01
2.123936685704825855e-01
6.302724570397337522e-02
5.104665052757324101e-02
5.161355595224626641e-02
4.142357840134497371e-02
3.756811281200173741e-02
6.885107924261313003e-03
3.229742606493888474e-02
1.181294845177795344e-01
2.412120734728690485e-01
1.215063391009971322e-01
5.236957986534761939e-02
3.180856740613936112e-02
4.465125179052373272e-02
5.552833557234487794e-03
7.239525045910959189e-03
1.458194990996539847e-02
1.435908403861449190e-01
2.897277151069747037e-01
2.834685930507536700e-01
8.652567602309624295e-02
7.229534107258649145e-02
9.929380436338047788e-02
6.358745425431075460e-02
2.398368871839311536e-02
4.328011773655590644e-02
1.261338018427479724e-01
2.897277151069747037e-01
2.504846046400929227e-01
2.028709954367257373e-01
2.051240064890332004e-01
1.646267188538220461e-01
1.493042220024446420e-01
2.736298432606650358e-02
1.283573144980193204e-01
2.897277151069747037e-01
8.599230063089061127e-02
6.626710077766646834e-02
2.184163109396048685e-01
2.897277151069747037e-01
2.897277151069747037e-01
2.677178586752265166e-01
2.231263991259622298e-02
4.482896195381193966e-02
9.532206403621489021e-02
2.765187574423990102e-01
2.840744528716168671e-01
2.840744528716168671e-01
1.431180207145943961e-01
1.353871536869789005e-01
5.557885714167386942e-02
1.736173213923650899e-02
3.834705846685517588e-02
1.838931169054924264e-01
2.840744528716168671e-01
2.840744528716168671e-01
1.620179077585755800e-01
2.991427012606616767e-02
1.699609078532734931e-04
5.335543143820706963e-03
1.965271615939090735e-02
4.391914712109008800e-02
1.912528569007561074e-01
2.840744528716168671e-01
1.468330727673241298e-01
6.443402013171166398e-02
9.610478205431344234e-02
1.304730540344549161e-01
8.792548305862672720e-02
4.096107765198606782e-02
3.248227565657642313e-02
2.840744528716168671e-01
2.840744528716168671e-01
2.687602902380797354e-01
7.494524181606090907e-02
1.164702026844906674e-01
5.796758699670351289e-02
8.485957308381067432e-02
3.494464934683683133e-02
5.900535328733356316e-02
2.144297819911240022e-01
2.898543533093911329e-01
2.898543533093911329e-01
2.049200452717821752e-01
3.783553110462468949e-02
2.149663417677515520e-04
6.748388235024686474e-03
2.485673059731701232e-02
5.554888185423737662e-02
2.418963720532690265e-01
1.779842112422172773e-01
2.098392514634357664e-01
2.350971633244550163e-01
1.825006516763243158e-01
7.176961507164428267e-02
8.989730910735824893e-03
6.400833339343076078e-03
8.699836744416624551e-03
6.842754433206474363e-02
2.898543533093911329e-01
2.898543533093911329e-01
9.479064727052669004e-02
1.473113653737834761e-01
7.331733088024475209e-02
1.073302809464170005e-01
4.419794839488250943e-02
7.462989637500673512e-02
2.712105176590500766e-01
2.276700915732662867e-01
2.898543533093911329e-01
2.675632772649180202e-01
2.079743914029085206e-01
5.737683971193595356e-02
1.085389443476267139e-02
6.349278481028562335e-03
3.223277951777577845e-03
3.346218683522581006e-02
2.802507574897767917e-01
2.802507574897767917e-01
2.802507574897767917e-01
2.802507574897767917e-01
1.278971758956495841e-01
1.602016667355933913e-02
1.140661694595241499e-02
1.550356023580936292e-02
1.219414325241822555e-01
2.802507574897767917e-01
1.669180235668070444e-01
3.407200799346900982e-02
4.335034048259846402e-03
1.423849110501409533e-02
6.328797857699233406e-03
6.972003144388389320e-03
1.554242834368191155e-02
2.431519000823540166e-01
2.802507574897767917e-01
2.802507574897767917e-01
2.802507574897767917e-01
2.802507574897767917e-01
1.022485038222435000e-01
1.934220274540827955e-02
1.131474351489744276e-02
5.744048463232494760e-03
5.963135222678455499e-02
2.433593905024902804e-01
5.060540799708869442e-02
5.998695275102745861e-02
1.734634978907086122e-02
4.824033999080284962e-02
9.665959301716403607e-02
3.023659827709578377e-02
3.505990951237646092e-02
2.802507574897767917e-01
3.153435877135845056e-01
2.807062009118854173e-01
5.729892864120875173e-02
7.290230931973945040e-03
2.394488419764024406e-02
1.064314544955652364e-02
1.172482439934764351e-02
2.613771670711146147e-02
3.153435877135845056e-01
3.153435877135845056e-01
2.410870935150940808e-01
2.025681913950124965e-02
2.984238681345333793e-02
2.537196870985394814e-02
4.945339312806095594e-02
8.076146892840115402e-03
1.197182122011483107e-01
3.153435877135845056e-01
3.153435877135845056e-01
8.510316334277240324e-02
1.008801161863876750e-01
2.917137313832327689e-02
8.112582619992617095e-02
1.625525306239770373e-01
5.084891642911978232e-02
5.896028357653484292e-02
3.153435877135845056e-01
2.071432597220545235e-01
1.835496068176962342e-02
4.236014643252202666e-04
1.896658215129021436e-03
1.238786092566014282e-02
2.272455781153331217e-02
7.467596796763709133e-02
1.911180097084117790e-01
3.153435877135845056e-01
3.353203005955542881e-01
1.683733049952289285e-01
1.414720106945457391e-02
2.084168514982155315e-02
1.771958076903931353e-02
3.453785568856529431e-02
5.640316634740563315e-03
8.361024542014922067e-02
2.608352625808318392e-01
3.353203005955542881e-01
3.353203005955542881e-01
9.587087065253593887e-02
1.765520777535216010e-02
1.698228089395485696e-02
7.933312752332043541e-03
1.794695935633260422e-02
6.499945174132662484e-02
3.353203005955542881e-01
1.446672019574693213e-01
1.281895827763812612e-02
2.958398871932580386e-04
1.324610983821211717e-03
8.651583357132579602e-03
1.587065009369096474e-02
5.215310096905582948e-02
1.334752950460238730e-01
3.353203005955542881e-01
3.353203005955542881e-01
1.812543795275107505e-01
2.034941470637188429e-02
1.668713719864544504e-02
3.574267538414049178e-02
5.932409962857320557e-02
3.943092909207979863e-02
1.054411586511670856e-01
3.353203005955542881e-01
3.539928034900938769e-01
3.539928034900938769e-01
1.086610993825977700e-01
2.001060670087080606e-02
1.924790397126124528e-02
8.991703940383273183e-03
2.034128115203797521e-02
7.367109360127452322e-02
3.539928034900938769e-01
1.916907437364860634e-01
5.688370885051873688e-02
4.607091384006960916e-02
4.658256055352971020e-02
3.738584396335434268e-02
3.390618719558972233e-02
6.213986827341075325e-03
2.914925696623480236e-02
1.066148953348219908e-01
3.539928034900938769e-01
2.054357075649335396e-01
2.306425047291757804e-02
1.891338486040017308e-02
4.051114145184084997e-02
6.723858708748475799e-02
4.469144877541918887e-02
1.195081690739569630e-01
3.539928034900938769e-01
2.164347095688575473e-01
1.743102596857874775e-01
2.187180222777163896e-01
1.467207191457515214e-01
2.156994760770551689e-01
8.325256044387523147e-02
9.686146279302443882e-04
1.131060654361515892e-02
1.736532100449614258e-01
2.704926039188356723e-01
1.291965825895253772e-01
1.046381247846356194e-01
1.058001975152642604e-01
8.491224244859643666e-02
7.700910511693837002e-02
1.411345846766938993e-02
6.620497258640176130e-02
2.421480667970425937e-01
4.435366950589778728e-02
3.417967731346880506e-02
1.126561889731860777e-01
2.559060846397629430e-01
2.458710799807987679e-01
1.380852627199289917e-01
1.150855889686349873e-02
2.312217429007339120e-02
4.916583570696488048e-02
2.704926039188356723e-01
2.704926039188356723e-01
2.704926039188356723e-01
2.704926039188356723e-01
2.704926039188356723e-01
1.890865859228954560e-01
2.199956759213160962e-03
2.568910751389017616e-02
2.704926039188356723e-01
5.734597534110100203e-02
8.586146610372397819e-03
1.344327849738608249e-01
2.036349159848660773e-01
2.653208215944963255e-01
1.764179101218812939e-01
8.609109150135318966e-02
1.015806809905978568e-02
1.924750393089797243e-02
2.799000133415183167e-01
2.022654148167900012e-01
8.875911648941763044e-02
1.323862072878906615e-01
1.797291706788096965e-01
1.211190637684281257e-01
5.642468148678173728e-02
4.474496675746767599e-02
2.799000133415183167e-01
2.799000133415183167e-01
2.799000133415183167e-01
1.032385288870942136e-01
1.604399704765739620e-01
7.985147902200558090e-02
1.168957131216036560e-01
4.813693442870004002e-02
8.128102228021817643e-02
2.799000133415183167e-01
6.440242414195601617e-02
3.729227389997406220e-03
2.980718880362341269e-02
1.871673210280632160e-01
1.454529147751792428e-01
2.400414008528500565e-01
8.600878276772451481e-02
1.796612058108037688e-02
1.104823692480385589e-01
2.799000133415183167e-01
2.799000133415183167e-01
1.503301632094771745e-01
1.901198593224519839e-01
1.846630034469281256e-01
1.563837749593726401e-01
8.254523074978861730e-02
2.681286833421916288e-02
6.431034164377794071e-02
2.810749029430210100e-01
2.810749029430210100e-01
1.042367829425336900e-01
1.619913278322951955e-01
8.062359446791370066e-02
1.180260238781115356e-01
4.860238943399584899e-02
8.206696054373442684e-02
2.810749029430210100e-01
2.503580110609521236e-01
2.810749029430210100e-01
2.810749029430210100e-01
2.286995829071741815e-01
6.309459170494789715e-02
1.193551337452793300e-02
6.982000671225050727e-03
3.544486021537714658e-03
3.679678118423888866e-02
2.810749029430210100e-01
2.810749029430210100e-01
1.517837648511942972e-01
1.919582032298489949e-01
1.864485828625563058e-01
1.578959113607820153e-01
8.334339314362979034e-02
2.707213253374947046e-02
6.493218370259698502e-02
2.810749029430210100e-01
1.031705900517749380e-01
2.748300942800419727e-02
2.444014850473457540e-02
5.419715338797816834e-02
6.085147083188305328e-02
1.946593589391775250e-02
1.878787525050640977e-02
1.731336618034364228e-01
3.034648344632194794e-01
3.034648344632194794e-01
3.034648344632194794e-01
3.034648344632194794e-01
1.118980038947243738e-01
2.116758482746035688e-02
1.238255002830046352e-02
6.286131662402374629e-03
6.525894300928471170e-02
2.663259510731479374e-01
5.538119316637350048e-02
6.564810262883155612e-02
1.898337720062017939e-02
5.279292655037742116e-02
1.057816506997546757e-01
3.309011736402190512e-02
3.836861904585769922e-02
3.034648344632194794e-01
3.034648344632194794e-01
1.829726253150346371e-01
4.874100636699094796e-02
4.334450479304657877e-02
9.611843292767310865e-02
1.079198380740417629e-01
3.452275879140443565e-02
3.332022097529313553e-02
3.034648344632194794e-01
9.805558491004710830e-02
2.156485261019924771e-01
2.045823936642686136e-01
2.343018035137945654e-01
1.429353835926478744e-01
1.439271828648141897e-02
5.890543079339152256e-03
3.943681542586074951e-02
8.193437778207647570e-02
2.800286590494966421e-01
7.771121827689064787e-02
9.211780644607794888e-02
2.663758732749140282e-02
7.407934723088026308e-02
1.484334388123969839e-01
4.643224867977005510e-02
5.383907350457612512e-02
2.800286590494966421e-01
1.891510778043756502e-01
1.676067375145209176e-02
3.868080170416296503e-04
1.731917061166056513e-03
1.131186816758319481e-02
2.075073361521365817e-02
6.818971491573808108e-02
1.745177592197768857e-01
2.800286590494966421e-01
1.375921775343691977e-01
2.800286590494966421e-01
2.800286590494966421e-01
2.800286590494966421e-01
2.005677768712962328e-01
2.019594754844812948e-02
8.265644938937451169e-03
5.533797299198197489e-02
1.149708042056094975e-01
7.505641207837394392e-03
7.889889284264117730e-02
7.052384602689765192e-02
2.450810885797278793e-01
2.800286590494966421e-01
2.800286590494966421e-01
2.800286590494966421e-01
1.314442215113907353e-01
1.010261055433517990e-01
1.106204845273106030e-01
9.802079231646420795e-03
2.262154187059221085e-04
1.012870276454078946e-03
6.615475587727086618e-03
1.213557032535706424e-02
3.987912409126979918e-02
1.020625380917901115e-01
3.047941971767413327e-01
3.047941971767413327e-01
1.385970490527971832e-01
1.556027962252167808e-02
1.275990118914828442e-02
2.733081179283745193e-02
4.536246333836270461e-02
3.015105305492975923e-02
8.062609839196457906e-02
3.047941971767413327e-01
4.389494771781387791e-03
4.614213070436663788e-02
4.124418485361861647e-02
1.433298138285472867e-01
2.873900780595742277e-01
1.729724999614293268e-01
2.304556474867886506e-01
7.687200961626673712e-02
5.908270190599076988e-02
3.047941971767413327e-01
3.047941971767413327e-01
3.047941971767413327e-01
2.995126188965426262e-01
1.580958145663242942e-01
8.930974670224689493e-02
1.087616429094429849e-01
3.812882925079084939e-02
2.299256437975258638e-01
3.185159900033933678e-01
1.518343290538341772e-01
1.704642799050954879e-02
1.397858792151859125e-02
2.994115314447485035e-02
4.969499157652120663e-02
3.303075312316271911e-02
8.832662482524401837e-02
3.185159900033933678e-01
1.599635199784436301e-01
1.288299957212927782e-01
1.616510808084424544e-01
1.084389963840628746e-01
1.594201203657427124e-01
6.153066965251970805e-02
7.158879723819810449e-04
8.359492982488950924e-03
1.283443805740898114e-01
3.185159900033933678e-01
3.185159900033933678e-01
3.185159900033933678e-01
3.185159900033933678e-01
1.731954041947386669e-01
9.783964060690698850e-02
1.191493699960179120e-01
4.177047957707001602e-02
2.518856360712944387e-01
9.885370369926323175e-02
2.310510163394125238e-01
1.374572845760589634e-01
1.257977581823584989e-01
9.748160322642676623e-02
2.937834981652004060e-02
2.682984557544613319e-02
1.362778681502137962e-02
3.954135152744595039e-02
2.550090699091224766e-01
2.550090699091224766e-01
2.550090699091224766e-01
2.542161497775465850e-01
2.550090699091224766e-01
1.442478301523324180e-01
1.678273407902442383e-03
1.959736064481952880e-02
2.550090699091224766e-01
4.374732596999819645e-02
6.550083983329541004e-03
1.025542739542714271e-01
1.553462644147975136e-01
2.024043779861068593e-01
1.345833212381737642e-01
6.567601336659611988e-02
7.749250295451971977e-03
1.468327678734793369e-02
2.317451173807660303e-01
2.550090699091224766e-01
2.550090699091224766e-01
2.550090699091224766e-01
2.285284692104247728e-01
6.887237272763291340e-02
6.289785288273352926e-02
3.194794870503898931e-02
9.269774230209636146e-02
1.256168622631823328e-01
8.156751074110385469e-02
1.000501003364600155e-01
5.725739984559259643e-02
2.550090699091224766e-01
2.550090699091224766e-01
4.425898525907325659e-02
1.062758042532936176e-03
4.101702795924288408e-02
7.350838015477809129e-02
4.256508482713372739e-03
3.402167224470330209e-02
2.136311912165919646e-01
1.660187220646704154e-01
2.739812170405805936e-01
9.816969445752293799e-02
2.050637750326968212e-02
1.261036382913819087e-01
3.249555288687535626e-01
3.249555288687535626e-01
1.715855720209301383e-01
2.170011933594782894e-01
2.107727843905289056e-01
1.784951130785756845e-01
9.421642558896155262e-02
3.060398028197470685e-02
7.340327797311554936e-02
4.110969188283737467e-03
2.341709456466458793e-03
1.284296571257234100e-03
4.251727484037966937e-02
3.249555288687535626e-01
3.249555288687535626e-01
1.511515496451665448e-02
1.040707830255024977e-03
2.228240755638678187e-03
2.439124495516645577e-02
3.577446107749967380e-02
3.816460012143582659e-02
1.087253012971594462e-01
3.249555288687535626e-01
3.249555288687535626e-01
1.655105289139976663e-02
2.378244671583672632e-03
1.008475172361361985e-02
2.774535899820324003e-01
2.865762110369390325e-01
1.316487937352889270e-01
1.664938666370431863e-01
1.617151284366528663e-01
1.369501295923184758e-01
7.228742272878520281e-02
2.348086170746967183e-02
5.631856389532571838e-02
3.351199756148149356e-01
8.948443031828842709e-02
2.383723346801577825e-02
2.119802518084868206e-02
4.700759580188797887e-02
5.277918056578294326e-02
1.688366988310720587e-02
1.629555780226646725e-02
1.501665066335751419e-01
1.871414908741817623e-02
2.744790597433442031e-02
2.928173686283959409e-02
8.341933762665607044e-02
3.351199756148149356e-01
2.632304561331448856e-01
1.269877252812350900e-02
1.824704947704912719e-03
7.737511865925777131e-03
3.351199756148149356e-01
3.351199756148149356e-01
2.185319194287023703e-01
1.314557265131063302e-01
2.934800399029345863e-01
9.589521523777458367e-02
7.653181174296475910e-03
1.655195392516011638e-02
1.285043345439786655e-01
3.639782361910449127e-01
8.597947110781863078e-02
2.290356790520595848e-02
2.036773310280657126e-02
4.516638493110484986e-02
5.071190613170430822e-02
1.622236406652165924e-02
1.565728737683443755e-02
1.442847294500212985e-01
4.607665936485258462e-02
1.013339901939222798e-01
9.613397618873223416e-02
1.100992299314666745e-01
6.716583239011561512e-02
6.763188230725025729e-03
2.767986618913020717e-03
1.853149631893900515e-02
3.850124823383779815e-02
3.838813577488123241e-01
3.838813577488123241e-01
2.099723805116095188e-01
1.263068200746088887e-01
2.819849053271422656e-01
9.213915603627872986e-02
7.353418547984462948e-03
1.590364088170762719e-02
1.234710293159834993e-01
6.875628467702064872e-02
4.974633939824096851e-02
1.497123786596138983e-01
7.734141984297718264e-02
3.838813577488123241e-01
3.838813577488123241e-01
5.873645188662331151e-02
2.067121204233368301e-02
2.389004148665238580e-02
5.235537693343818300e-02
1.151424457828444242e-01
1.092338426624421127e-01
1.251020964323692475e-01
7.631830346005999410e-02
7.684786049430961802e-03
3.145171216350136582e-03
2.105672347546018799e-02
4.374768899214223628e-02
2.855981216412649577e-03
3.002191947558644283e-02
2.683511960999150278e-02
9.325612110938402699e-02
1.869875025249003453e-01
1.125428406981101165e-01
1.499436802316490014e-01
5.001601025779386228e-02
3.844157371895859376e-02
7.812548154378798348e-02
5.652511241386488222e-02
1.701132010083341861e-01
8.788048535339647305e-02
4.443382907926613501e-01
4.443382907926613501e-01
6.674027849776513477e-02
2.348801135033998580e-02
2.714546028793168864e-02
5.612663207912495927e-02
4.272274013200464543e-02
5.943044357359773128e-02
1.085154467594874328e-01
4.443382907926613501e-01
4.443382907926613501e-01
3.858525787545542818e-02
1.025527330573945163e-02
2.056329341805203381e-02
2.296373448755786861e-03
2.413935300702617359e-02
2.157698230381726104e-02
7.498329443445531095e-02
1.503487255377296827e-01
9.049092821111580365e-02
1.205633580900051238e-01
4.021575397927963647e-02
3.090924012710665608e-02
3.108340633666451525e-01
2.828529232385891268e-01
3.047157110385232959e-01
1.566906583470435710e-01
8.270815886680968343e-02
4.672258237111726747e-02
5.689888290240382313e-02
1.994717744888108157e-02
1.202860855420139902e-01
4.512904599438544856e-02
3.435154458769858199e-02
4.778550078897652459e-02
8.725267144136368558e-02
3.108340633666451525e-01
3.108340633666451525e-01
3.102477046746395656e-02
8.245830607602786660e-03
1.653407268676046829e-02
7.897574701747531178e-02
2.139028136613256026e-01
1.794754953326447577e-01
2.230854366203048056e-01
2.234158381120338321e-01
3.108340633666451525e-01
2.665262061431631913e-01
1.381930226696344299e-01
2.144262560959294961e-01
2.576164581619982963e-01
2.576164581619982963e-01
2.576164581619982963e-01
1.948207035112111407e-01
1.028348586095075567e-01
5.809233596581748343e-02
7.074499854035166957e-02
2.480124332011463678e-02
1.495572234817088841e-01
5.869443643845081993e-02
1.371866575058247884e-01
8.161533205772715516e-02
7.469248237978845517e-02
5.787975109054444012e-02
1.744341002354533182e-02
1.593023434480797182e-02
8.091505295992182725e-03
2.347769741616078862e-02
9.819417926109111350e-02
2.576164581619982963e-01
2.231501394696174256e-01
2.576164581619982963e-01
2.576164581619982963e-01
2.576164581619982963e-01
2.576164581619982963e-01
1.718217421565062797e-01
2.576164581619982963e-01
1.559817978964956608e-01
1.736018729330553179e-01
1.037225140038119248e-01
1.655232911166174825e-01
2.576164581619982963e-01
1.833417442364923822e-01
1.464259286338644682e-02
2.046262916287311384e-02
3.978764511455647884e-02
9.565342309532184895e-02
2.235709922387325299e-01
1.330072552373758044e-01
1.217251932660749353e-01
9.432574287550125891e-02
2.842725785359630220e-02
2.596125865165156352e-02
1.318660211291409687e-02
3.826124349293174437e-02
5.184869916471519097e-02
3.366721035564121389e-02
4.129594912883846614e-02
2.363314642685561059e-02
1.093156867045400604e-01
1.405923928470845519e-01
1.826801570019663881e-02
4.386562523487112049e-04
1.692988906882460232e-02
2.542011443453989772e-01
2.829163104618801494e-01
1.690349906829931581e-01
2.697507695454385845e-01
3.636473582036809371e-01
2.987892293825450407e-01
2.386280907293113554e-02
3.334763299093079780e-02
6.484131517473748496e-02
8.328528500266552115e-03
1.858171949229983286e-02
1.797411676114297474e-01
3.636473582036809371e-01
3.636473582036809371e-01
2.951316179847309207e-01
6.590149982050028978e-03
1.236118653272134547e-03
1.313304592012799060e-02
4.284845307745628259e-03
2.440753583179455614e-03
1.338616731253774051e-03
4.431557067300453262e-02
3.503002034025999301e-01
3.503002034025999301e-01
1.575446028886341721e-02
1.084725245791503829e-03
2.322485649743329019e-03
2.542288854756694083e-02
3.728756521015141184e-02
3.977879674174677332e-02
1.133239087327863742e-01
3.503002034025999301e-01
3.503002034025999301e-01
1.725109045382346856e-02
2.478834079016941066e-03
1.051129286637771804e-02
0.000000000000000000e+00
0.000000000000000000e+00
1.313275500432980678e-02
4.963478023257710675e-02
3.503002034025999301e-01
3.503002034025999301e-01
1.435080270994531192e-02
2.146234898532973622e-03
1.117383957025574028e-03
3.027832393164752323e-03
5.081563551839999790e-03
4.754847596634029054e-03
3.940975337572446419e-02
3.503002034025999301e-01
3.422533451253036985e-01
1.764294300230924081e-02
1.963812077617492675e-04
8.767154138782600305e-04
1.543768566333351272e-02
2.264234096720917772e-02
2.415510570389110476e-02
6.881432367072549960e-02
3.427516303082634441e-01
2.171442056925507180e-01
1.047547808257797732e-02
1.505236560818919806e-03
6.382832339557611805e-03
3.427516303082634441e-01
3.427516303082634441e-01
1.802714653915724607e-01
1.084405267412800605e-01
2.420977081736573056e-01
7.910593116166692029e-02
6.313266221265869879e-03
1.365404649802613724e-02
1.060058629328511776e-01
1.838607939435337813e-03
3.085706828505378144e-03
2.887313234943869340e-03
2.393100939516003972e-02
3.411709243626750987e-01
2.078284514909891079e-01
1.071342494131439192e-02
1.192496812444948667e-04
5.323729028795674747e-04
3.427516303082634441e-01
3.427516303082634441e-01
7.384998540839042558e-02
6.072364367548932496e-02
1.340408407875274543e-01
7.598122217924657695e-02
7.968588882527693693e-03
3.917348844810870923e-02
2.094374268293816843e-01
3.562065884404562177e-01
3.562065884404562177e-01
1.650539461159135357e-01
9.928657771022512957e-02
2.216611597009242873e-01
7.242824631755241660e-02
5.780335231850551939e-03
1.250144747009273617e-02
9.705743474423261796e-02
5.404756605873652781e-02
3.910433173398836226e-02
1.176850918199828927e-01
6.079612238613062852e-02
3.562065884404562177e-01
3.562065884404562177e-01
4.617123043094063795e-02
1.624911386094097382e-02
1.877935379232813923e-02
3.562065884404562177e-01
3.562065884404562177e-01
6.761597841222911909e-02
5.559768979192365040e-02
1.227258549467062643e-01
6.956730797164141500e-02
7.295924716536308224e-03
3.586667938512670684e-02
1.917578785276152220e-01
7.715355061015582994e-02
8.616439392517140361e-02
3.931916172149120536e-02
1.356081213880669101e-01
9.238009657452878054e-02
6.601120692665886358e-02
2.481646469609511199e-02
6.975403999679119678e-03
1.796875664409162965e-02
5.896436923280520132e-02
4.266172231436268086e-02
1.283911138519874540e-01
6.632685372737805174e-02
3.772189183166234083e-01
3.772189183166234083e-01
5.037150934982470574e-02
1.772732463773067993e-02
2.048774499412125277e-02
4.236097355575890733e-02
3.224452987683389810e-02
4.485448984501841374e-02
8.190086952107883400e-02
3.772189183166234083e-01
3.772189183166234083e-01
2.912180952172657364e-02
7.740057530961012844e-03
1.551992514842864823e-02
8.417234627837191785e-02
9.400292202988899670e-02
4.289609576776909350e-02
1.479446332847494383e-01
1.007840781999879698e-01
7.201636378031583963e-02
2.707406261002004780e-02
7.609968902911977764e-03
1.960340638217093062e-02
3.772189183166234083e-01
3.772189183166234083e-01
2.137689779340041507e-01
1.769533515680755606e-02
8.678641977280304384e-03
1.459569100096934705e-02
7.123424950624879758e-03
7.169931176002039379e-03
3.888395064207061935e-02
3.467570999680003041e-02
2.639462394603634202e-02
3.671684457093459669e-02
6.704215133914452618e-02
2.943979527330606305e-01
2.943979527330606305e-01
2.383843752382685741e-02
6.335831492372881284e-03
1.270425059779563964e-02
6.068242835665800528e-02
1.643560543013133368e-01
1.379032082455519115e-01
1.714116869591615633e-01
1.716655568573005886e-01
2.943979527330606305e-01
2.047901795202467790e-01
1.061830816957581164e-01
1.647582506620474396e-01
2.943979527330606305e-01
2.943979527330606305e-01
1.749863249812902977e-01
1.448499075182895467e-02
7.104134940952388719e-03
1.194769397087455144e-02
5.831070370625542239e-03
5.869139287575751186e-03
3.182949972147237905e-02
2.009570311676563137e-01
2.943979527330606305e-01
2.630899167304985853e-01
2.593294460383617217e-01
2.457549481696513771e-01
9.367948988498356333e-02
1.722418212862924375e-02
9.324144740343475249e-03
6.350673154568085843e-02
7.977498498929187776e-02
2.160675193768499536e-01
1.812917950993148397e-01
2.253430708768921209e-01
2.256768160459917960e-01
2.607711841851188539e-01
2.607711841851188539e-01
1.395915420294226994e-01
2.165962590715063696e-01
1.267228432421589057e-01
1.410377571416299436e-01
8.426631863488083518e-02
1.344745499536814659e-01
2.607711841851188539e-01
1.489506303167633383e-01
1.189594571359510466e-02
1.662426374550370761e-02
3.232430695645844426e-02
2.607711841851188539e-01
2.607711841851188539e-01
2.607711841851188539e-01
2.607711841851188539e-01
2.607711841851188539e-01
1.231539360200822331e-01
2.264343909720064815e-02
1.225780719135101740e-02
8.348790074779229020e-02
3.359149806854851150e-02
1.321868798257802395e-02
7.162187648808934076e-03
4.093495339811069333e-02
2.607711841851188539e-01
1.518895707471841217e-01
8.525720423493183750e-03
5.043514450664255723e-03
1.334067198624189036e-02
2.070684934345029260e-01
2.304594431557285272e-01
1.376934039717911951e-01
2.197349881976751740e-01
3.375635311096417679e-01
2.433892882033343863e-01
1.943829142300426346e-02
2.716448873910725162e-02
5.281877656420425754e-02
6.784296166398157829e-03
1.513639393953698439e-02
1.464144973906404135e-01
3.375635311096417679e-01
3.375635311096417679e-01
2.404098520420040186e-01
5.368238730020553559e-03
1.006923977067377156e-03
1.069798501454413339e-02
5.488940051613581256e-02
2.159968744153446460e-02
1.170320494861400336e-02
6.688880167217088613e-02
3.375635311096417679e-01
2.481915949670649713e-01
1.393125373744123416e-02
8.241236640488749585e-03
2.179901254516647055e-02
2.705558969795998636e-02
1.441475200281188210e-02
4.614173509205087703e-02
1.186879198151981479e-01
3.375635311096417679e-01
1.888436031083039479e-01
1.459004685629201013e-02
3.275507460818780688e-03
2.751555150137412198e-02
0.000000000000000000e+00
0.000000000000000000e+00
1.262558366553039740e-02
4.771794420439633838e-02
3.540900890835410042e-01
3.540900890835410042e-01
1.379659182115240343e-02
2.063349865917341649e-03
1.074231920971387188e-03
2.910901116521329070e-03
4.885319626712996549e-03
4.571221052121703099e-03
3.788779569245610129e-02
3.540900890835410042e-01
3.290359290386906665e-01
1.696159358096598416e-02
1.887971996825051112e-04
8.428577099877879869e-04
5.695671462732949421e-03
2.366898177533112435e-02
9.184280026651477427e-03
5.032249391796785043e-02
3.540900890835410042e-01
3.540900890835410042e-01
3.482628774190079865e-03
1.512475474429861603e-03
5.060926365855188689e-04
2.237187104124054721e-03
2.104727567687348332e-03
1.593870982617731375e-03
7.941285962886852900e-02
3.540900890835410042e-01
3.540900890835410042e-01
1.118373394294619114e-02
0.000000000000000000e+00
0.000000000000000000e+00
2.130996370956219320e-03
3.576417741021642189e-03
3.346474195781443031e-03
2.773668767582233852e-02
3.276015663325976823e-01
2.408788009719808332e-01
1.241714950793931273e-02
1.382136085237119563e-04
6.170346052025654998e-04
3.276015663325976823e-01
3.276015663325976823e-01
8.559413212845232155e-02
7.038034674398689627e-02
1.553569628149575055e-01
8.806429323617477600e-02
9.235810216028818645e-03
4.540313349579708224e-02
2.427436469424195387e-01
1.637787547292481874e-03
1.540817303321263603e-03
1.166832243271057621e-03
5.813612654716727307e-02
3.276015663325976823e-01
3.276015663325976823e-01
8.187326017669482175e-03
0.000000000000000000e+00
0.000000000000000000e+00
3.276015663325976823e-01
1.228459414503054459e-01
2.804560794679341468e-02
4.889511403094807390e-02
2.595921872349456483e-01
2.165429625486226251e-01
4.369013680217085499e-02
8.609756882877277195e-02
2.156940370088999137e-01
3.224145632103939119e-01
3.224145632103939119e-01
9.410360684803216469e-02
7.737731915880667610e-02
1.708020186232299120e-01
9.681934289152135942e-02
1.015400275556167797e-02
4.991695713142181579e-02
2.668763868350937929e-01
1.073773916171673060e-01
1.199181087168415399e-01
5.472190188057980686e-02
1.887307355474850679e-01
1.285687272856265717e-01
9.187018823152770519e-02
3.453797300516523588e-02
9.707922461612648185e-03
2.500776962029054723e-02
3.224145632103939119e-01
1.350588631445821530e-01
3.083380599126141555e-02
5.375609838128790618e-02
2.853999511522331556e-01
2.380709203617249747e-01
4.803366018827309736e-02
9.465709349649459314e-02
2.371375975597199148e-01
2.600534666357972036e-01
8.162231848407476564e-02
5.701153977123233491e-02
1.128561244990628210e-01
2.086573239430297433e-01
2.626854238371349459e-01
1.399398275164761840e-01
3.495816050461937607e-02
1.348883110250093664e-01
9.600709338493965128e-02
1.072198615437634922e-01
4.892734555129926027e-02
1.687458512394971466e-01
1.149544575538052893e-01
8.214196310786624211e-02
3.088071287348429644e-02
8.679940947613663457e-03
2.235967215374633568e-02
3.625860658134055226e-01
3.625860658134055226e-01
2.438251888504919807e-01
2.018332350222195454e-02
9.898870919097821006e-03
1.664786513510612201e-02
8.124988249626347026e-03
8.178033313951865724e-03
4.435108732887831084e-02
2.325161477696817691e-01
7.297925042670709572e-02
5.097453142045599295e-02
1.009056778215836198e-01
1.865623934754556401e-01
2.348694044190414998e-01
1.251214607312055027e-01
3.125640630290848349e-02
1.206048543187409339e-01
3.625860658134055226e-01
3.625860658134055226e-01
3.625860658134055226e-01
7.931150130105836527e-02
1.646042652628268432e-02
1.433912764150123767e-02
6.633091914651382225e-03
1.361807100556243835e-02
8.328795077578689254e-02
3.050725315901584023e-01
3.050725315901584023e-01
1.824742561830141330e-01
1.510482555445652117e-02
7.408131688648539326e-03
1.245895398209385593e-02
6.080590747559698472e-03
6.120288691412884181e-03
3.319153246388900635e-02
2.095562884184556107e-01
3.050725315901584023e-01
2.743479347302243965e-01
2.704265477731632172e-01
2.562711764782024670e-01
9.768817785157948852e-02
1.796123109973556814e-02
9.723139086547798876e-03
6.622428125541532373e-02
3.050725315901584023e-01
3.050725315901584023e-01
3.050725315901584023e-01
5.935525888403133526e-02
1.231867839823689789e-02
1.073113759506048176e-02
4.964083157387591885e-03
1.019151216124429896e-02
6.233116003506190134e-02
1.227242639353488818e-02
3.350510718370191404e-02
2.572620000151872380e-02
6.454377284922553637e-02
3.050725315901584023e-01
1.649341169588134648e-01
1.228050514974220533e-02
1.872683756377258339e-03
3.166790448027875706e-03
3.020739748222277532e-01
3.020739748222277532e-01
3.020739748222277532e-01
3.020739748222277532e-01
3.020739748222277532e-01
1.599652430259223823e-01
2.941167253911983887e-02
1.592172503532181954e-02
1.084428379996470876e-01
4.363215927799444366e-02
1.716981774153060469e-02
9.303000170876842695e-03
5.317060891594890121e-02
3.020739748222277532e-01
1.972900979284520628e-01
1.107409948548266146e-02
6.551045308642831043e-03
1.732826335376165885e-02
2.009620522907328358e-02
5.486490516174364479e-02
4.212687682258665911e-02
1.056909908312856777e-01
3.020739748222277532e-01
2.700810546662879563e-01
2.010943426280563731e-02
3.066535979970085989e-03
5.185646971536362997e-03
0.000000000000000000e+00
4.397005464093708613e-03
1.113507110404296854e-02
7.616806085077375277e-02
3.020739748222277532e-01
3.020739748222277532e-01
9.023962099933018413e-03
2.204918534877178728e-03
4.265191030262436428e-03
7.925025809263930299e-02
3.118599927063758770e-02
1.689728807324214835e-02
9.657519933140072677e-02
3.456854156352123231e-01
3.456854156352123231e-01
2.011418313671880717e-02
1.189883883991867466e-02
3.147378827468282070e-02
3.906332454444575580e-02
2.081226622667172593e-02
6.662022868718073254e-02
1.713636547199643700e-01
3.456854156352123231e-01
2.726556337790118079e-01
2.106535994330883260e-02
4.729233863247313263e-03
3.972742528685795083e-02
0.000000000000000000e+00
7.986398647932988967e-03
2.022492751855065746e-02
1.383460864813091662e-01
3.456854156352123231e-01
3.456854156352123231e-01
1.639046376048980749e-02
4.004852518275195915e-03
7.746980565621120786e-03
1.016951792508376945e-02
3.241862319022610628e-02
7.438859923269802721e-02
6.483150962320481658e-02
3.456854156352123231e-01
3.456854156352123231e-01
4.452088269703237400e-02
4.663067422528650646e-04
1.139881079644370493e-02
7.720208301362240823e-03
3.208216463718292083e-02
1.244884915987905238e-02
6.820971641934076013e-02
4.258734311854577292e-01
4.258734311854577292e-01
4.720535541592540442e-03
2.050087648085204776e-03
6.859841898870808283e-04
3.032399352028581491e-03
2.852856831101194344e-03
2.160415338528233389e-03
1.076403058275292035e-01
4.258734311854577292e-01
4.258734311854577292e-01
1.515901262765795808e-02
0.000000000000000000e+00
0.000000000000000000e+00
1.082268297008449030e-02
1.447601279697305517e-02
3.653102145418647695e-02
8.673767133096280113e-02
2.128644579942623183e-01
1.929948103842216434e-01
2.884392028681439721e-02
1.672446399306727182e-03
2.407136110779905039e-03
6.769097031374272065e-03
6.185926982580056827e-03
6.026413696107609484e-03
7.098340516367452994e-03
2.999434052622418356e-01
2.702559169001877426e-01
3.046480865944919611e-02
5.069949269526778310e-03
7.301934901491562331e-03
2.720939443661325036e-03
2.559837863594402289e-03
1.938517532448344157e-03
9.658449295537628598e-02
3.315414944703530820e-01
3.315414944703530820e-01
1.360201958820556924e-02
0.000000000000000000e+00
0.000000000000000000e+00
3.315414944703530820e-01
2.040901874839772534e-01
4.659358963257762692e-02
8.123193059384400949e-02
3.315414944703530820e-01
3.315414944703530820e-01
7.258463817270449647e-02
1.430382539034640577e-01
3.315414944703530820e-01
6.073838229227876070e-03
5.550565993641696193e-03
5.407436431019748378e-03
6.369264880169206097e-03
2.691360033757306258e-01
2.424977381968676515e-01
2.733574635202241226e-02
4.549211150434023798e-03
6.551947940242271867e-03
6.606302447142670640e-03
4.024359317776023126e-02
1.181186473208260118e-01
1.565021761348776019e-01
2.558169431817973738e-01
1.049973595206778465e-01
1.796982282340553808e-02
2.454833673262001720e-02
7.149212934637003136e-02
2.718727003613960469e-01
1.167768140430164026e-01
2.666003211226067315e-02
4.647948130312373055e-02
2.467671965216541585e-01
2.058447920324150970e-01
4.153165274023277315e-02
8.184397193732771691e-02
2.050378071315043516e-01
2.248517024910887674e-01
7.057363053005247244e-02
4.929425454325173095e-02
9.757951723711985603e-02
1.804127248629670277e-01
2.271273885846461782e-01
1.209970736804537872e-01
3.022609929837557358e-02
1.166293484662428714e-01
3.780010013673342287e-03
2.302667587735476515e-02
6.758541154400007911e-02
8.954779132272004671e-02
1.463739534529996111e-01
6.007764155107429144e-02
1.028201641688200607e-02
1.404612631812871514e-02
4.090653841393410844e-02
2.572058679737216358e-01
2.718727003613960469e-01
2.718727003613960469e-01
2.718727003613960469e-01
2.718727003613960469e-01
2.688831402158771700e-01
1.350870838445072941e-01
9.299121211478082738e-02
2.718727003613960469e-01
1.455755806095223870e-01
4.569143629473505774e-02
3.191454477037750787e-02
6.317583865282760947e-02
1.168044843792691023e-01
1.470489264667447227e-01
7.833705085592268524e-02
1.956926234568531764e-02
7.550925757280621542e-02
3.032711716077505226e-01
3.032711716077505226e-01
2.786416328557815847e-01
4.965598287113864168e-02
1.030567627938499230e-02
8.977556405730963834e-03
4.152899555467398467e-03
8.526111465514957591e-03
5.214559035260026010e-02
1.665226153577138712e-01
1.936323336732243550e-01
2.570205827958314537e-01
3.032711716077505226e-01
2.169129509619981411e-01
1.740828235649637956e-01
8.745933628984085828e-02
6.020523547394075053e-02
2.835494801625933481e-01
3.032711716077505226e-01
3.032711716077505226e-01
1.022992539038008186e-01
2.097665489742482625e-01
2.733767912788711077e-02
2.680705588001967236e-03
1.212053228503946235e-02
2.732851444985500908e-02
1.575566551211176891e-01
3.615207180132897213e-01
3.615207180132897213e-01
3.615207180132897213e-01
6.762045380622232205e-02
1.403404920209676797e-02
1.222544400745975181e-02
5.655329656470961530e-03
1.161067595815642485e-02
7.101074794525243095e-02
1.398135662512548123e-02
3.817067931612674880e-02
2.930856256917703517e-02
7.353146616642187994e-02
3.615207180132897213e-01
1.879011236169343957e-01
1.399056034474864194e-02
2.133454184559874234e-03
3.607764690627375016e-03
3.615207180132897213e-01
3.615207180132897213e-01
1.393089326408966655e-01
2.856555930392878362e-01
3.722786584315231073e-02
3.650527447054688606e-03
1.650548123504585324e-02
3.721538558092234855e-02
2.145572779644415173e-01
1.018518544433349993e-02
3.403423580036618601e-02
4.504014305110262684e-02
3.335066806077089524e-02
7.965526956904636635e-02
3.567901320577560736e-02
7.840404986857986425e-03
4.650376614506956940e-03
6.949965701806457355e-03
4.549201836707910535e-02
1.241983371922994600e-01
9.536311121008421432e-02
2.392539507496539708e-01
3.784624331045894352e-01
3.784624331045894352e-01
4.552196508779931400e-02
6.941753904975478395e-03
1.173881061550041335e-02
0.000000000000000000e+00
9.953553472041362996e-03
2.520659265815100927e-02
1.724225436449718096e-01
3.784624331045894352e-01
3.784624331045894352e-01
2.042765014163369641e-02
4.991300265058612809e-03
9.655163573224885554e-03
3.314017771873892931e-02
1.107393310715914930e-01
1.465499428899834644e-01
1.085151637751984866e-01
2.591793545812063337e-01
1.160910466413222486e-01
2.551081824395428146e-02
1.513122252963681851e-02
2.261354000433499906e-02
3.519102062198847802e-02
7.570635232934030609e-03
3.301395419786411212e-02
1.797052356966039321e-01
2.860931561614247776e-01
2.507516235999803222e-01
3.061163149926343988e-02
1.364269926960240929e-02
2.812835837804055980e-02
0.000000000000000000e+00
1.082709287509561052e-02
2.741876260986544564e-02
1.875546154494580897e-01
3.525751056024031271e-01
3.525751056024031271e-01
2.222041263199926037e-02
5.429344574184084837e-03
1.050251581258711785e-02
1.378672915336237245e-02
4.394965235728005848e-02
1.008479927243729063e-01
8.789152744144147766e-02
3.525751056024031271e-01
3.525751056024031271e-01
6.035658287190113352e-02
6.321680934324182786e-04
1.545327106738913353e-02
3.827943957039213474e-02
8.235046008512287435e-03
3.591131039567513339e-02
1.954764479332263272e-01
3.112011385069400338e-01
2.727579778341417960e-01
3.329815610391792524e-02
1.484000387137022169e-02
3.059694705398104814e-02
7.129874937159025750e-04
2.797078941268643995e-02
7.922326038732929732e-02
1.323573051622461416e-01
2.782789396421587735e-01
3.525751056024031271e-01
3.552948773860852699e-02
9.462860440828125544e-04
7.321690420147538778e-03
3.438272451406300390e-02
4.598903630792482156e-02
1.160558846959196672e-01
2.755580540063211625e-01
3.525069579294811684e-01
3.525069579294811684e-01
9.163463143736440275e-02
5.313217061873420737e-03
7.647262512777125605e-03
2.150483379047796184e-02
1.965215315777642940e-02
1.914539329053510652e-02
2.255081176782992858e-02
3.525069579294811684e-01
3.525069579294811684e-01
9.678405312313288766e-02
1.610678881717749616e-02
2.319761345976543987e-02
1.706296393830842792e-02
1.846220789382877620e-02
4.172214103407724528e-02
1.419649499667587633e-01
2.131122880373955419e-01
3.525069579294811684e-01
1.601430890242203642e-01
1.057409469697345207e-02
1.254196459792070867e-02
2.871637817985412192e-02
5.062738081201290791e-02
1.470071678546637783e-01
2.422616659076361756e-01
1.972444865357128874e-01
2.044256091336366654e-01
8.001300840671043968e-02
2.726767297864105682e-02
1.532361860077512995e-02
1.944189105483416780e-02
1.776693669939370321e-02
1.730878992988783838e-02
2.038752914158084226e-02
3.370996943094514697e-01
3.370996943094514697e-01
8.749963078061115396e-02
1.456167652713703103e-02
2.097228362753555952e-02
2.114626824181316950e-02
1.288166600243063342e-01
3.370996943094514697e-01
3.370996943094514697e-01
3.370996943094514697e-01
3.360885074322724764e-01
5.752002678078167730e-02
7.857734604065237660e-02
2.288408313777122727e-01
2.596163734636018280e-02
4.577073376752102685e-02
1.329048794125355648e-01
2.190216842049915458e-01
1.783229694196489523e-01
1.848152122595848323e-01
7.233741992935535658e-02
2.465190535926492163e-02
1.385363524799784231e-02
3.978998553774922703e-02
6.600635949806024638e-02
6.485023175321820432e-02
1.253166379282455722e-01
2.043554045896326388e-01
1.432048473437962099e-01
3.439044954583116154e-02
8.596580407286049871e-03
2.209168300183449521e-02
3.859852219415108032e-03
2.351305040713070477e-02
6.901296552246005689e-02
9.143923953387474157e-02
1.494656964019747403e-01
6.134661475480915338e-02
1.049919543683892204e-02
1.434281169814362843e-02
4.177057534622118790e-02
2.626386270813597656e-01
3.053959377544667730e-01
3.349147993894422970e-01
3.349147993894422970e-01
3.349147993894422970e-01
2.745625492449410010e-01
1.379404230426453104e-01
9.495539301985450598e-02
3.349147993894422970e-01
7.262910988932369180e-03
1.204821533003753824e-02
1.183718602733380316e-02
2.287418742189867293e-02
3.730122274695652634e-02
2.613934248493002613e-02
6.277327587459839535e-03
1.569143528541486459e-03
4.032419843073665328e-03
3.349147993894422970e-01
3.349147993894422970e-01
5.208323978256416964e-02
7.860884456243082130e-02
1.080268203720745335e-02
9.868318528825314323e-03
1.867848350587078890e-02
1.306007723711913836e-02
8.272036889419280559e-02
1.460708899490892054e-01
1.698510874442416552e-01
2.254542134326474045e-01
2.877150365325945036e-01
1.902724607131537071e-01
1.527025798169258652e-01
7.671788638900896296e-02
5.281103894736317167e-02
2.487249243772642060e-01
2.877150365325945036e-01
2.877150365325945036e-01
8.973521720612238906e-02
1.840037548317203508e-01
2.398016095756768523e-02
2.351470700179613543e-03
1.063193088655972098e-02
2.397212185324922029e-02
1.382060976012486342e-01
2.877150365325945036e-01
2.877150365325945036e-01
2.896696982852492441e-02
4.371963107904486973e-02
6.008093312653189737e-03
5.488431331770793342e-03
1.038835276791458435e-02
7.263581621750069689e-03
4.600632449067987295e-02
2.183035757587481196e-01
2.877150365325945036e-01
2.115301299968641302e-01
1.613945747771590999e-01
2.825150296032367114e-01
6.707445861990400660e-02
4.682169985001758891e-03
9.093086494006766274e-03
4.475800537444310501e-02
3.542946213578883619e-01
3.542946213578883619e-01
1.437644490831976041e-01
2.947917135126431609e-01
3.841852436900224793e-02
3.767282236249363658e-03
1.703337590509120675e-02
3.840564495064844458e-02
2.214194616138571436e-01
1.051093814629476542e-02
3.512275248292931473e-02
4.648066157438403984e-02
3.441732220196315473e-02
8.220288339791444188e-02
3.682013479051408911e-02
8.091164594809996044e-03
4.799109571367935791e-03
7.172246397457525402e-03
3.497433257419835795e-01
3.542946213578883619e-01
3.388916141323110032e-01
2.585696324170947413e-01
3.542946213578883619e-01
1.074597342188895327e-01
7.501286667212030655e-03
1.456799917555174316e-02
7.170662962724287659e-02
1.621336880468455741e-02
1.706924375323925352e-02
2.871726941173814718e-02
3.525425745360596247e-02
2.428239038920558535e-02
2.284434793012146345e-02
1.572500654160815040e-02
6.779405847085463906e-03
9.815608381758361006e-03
7.049851203215998230e-02
2.355738140646584378e-01
2.765741692734029478e-01
2.308423824399681301e-01
2.765741692734029478e-01
2.469584236369850583e-01
5.426871099441087087e-02
3.218838120363233524e-02
4.810538240366462465e-02
7.486123375072988029e-02
1.610487800004481787e-02
7.022999897587352269e-02
2.765741692734029478e-01
2.765741692734029478e-01
2.765741692734029478e-01
6.511958052520039342e-02
2.902187208445073524e-02
5.983695767684190508e-02
1.087456095592979483e-01
1.144860971845607228e-01
1.926112336478615072e-01
2.364558385451093203e-01
1.628658039079481923e-01
1.532206274076719776e-01
1.054700872034098902e-01
4.547053916877336760e-02
6.583482615662575310e-02
9.934802391040083169e-02
5.113331968734990962e-02
1.843410248591373091e-01
2.765741692734029478e-01
2.765741692734029478e-01
1.418092602971544325e-01
6.549047208848653157e-02
1.461472454760099834e-02
8.661141420741298724e-02
6.575617137499185916e-02
1.414610826840611950e-02
6.168821453971851804e-02
2.937040447609376992e-01
2.937040447609376992e-01
2.937040447609376992e-01
5.719935515811492427e-02
2.549206176273616231e-02
5.255923588780272993e-02
1.224765261748280874e-03
4.804803943726013160e-02
1.360891994600709753e-01
2.273625146725625212e-01
2.937040447609376992e-01
2.937040447609376992e-01
6.103232207225548628e-02
1.625523988407625957e-03
1.257715200183443308e-02
8.726473447888390134e-02
4.491418540508416296e-02
1.619203880935355944e-01
2.937040447609376992e-01
2.937040447609376992e-01
1.245615862237857002e-01
5.752513671386899619e-02
1.283719601990906262e-02
7.607722595939084287e-02
3.004373423662001774e-02
5.054406905803170147e-02
1.424303379880851872e-01
1.928864535919445344e-01
2.937040447609376992e-01
2.937040447609376992e-01
9.655369413043864146e-02
1.296795588040775514e-02
3.391806551233145228e-02
1.195222460911896101e-02
1.293236370451865576e-02
2.922542663839602928e-02
9.944327226851369661e-02
1.492803913080721911e-01
3.498366190073339266e-01
1.121766521066309974e-01
7.406916835390658059e-03
8.785365687693514822e-03
2.011518064545856493e-02
3.546334792855258128e-02
1.029752331249188663e-01
1.696988785521902909e-01
1.381653512548475515e-01
1.431955670219514920e-01
5.604732282069951194e-02
1.910039505369964460e-02
1.073385210231503524e-02
2.530449350069439995e-02
5.066133436754547553e-02
1.132295595544903083e-01
3.656822356575293309e-01
3.656822356575293309e-01
3.656822356575293309e-01
7.013666889382691449e-02
3.389376157452223936e-03
3.841638978773578156e-02
2.949415934112175567e-03
2.233355867880346124e-02
8.264253545205313412e-02
1.268678598197732765e-01
3.656822356575293309e-01
3.656822356575293309e-01
1.794748924696679404e-01
1.000818651305596281e-02
2.202528698915218880e-02
1.866123033735975906e-02
3.290001297493011512e-02
9.553205503134679089e-02
1.574328322708369032e-01
1.281785875977724809e-01
1.328452131046996831e-01
5.199615252700058587e-02
1.771979471196692690e-02
9.957995904634231107e-03
2.860104990043143766e-02
4.744538496900962965e-02
4.661436010497367610e-02
9.007762547035082223e-02
1.468907074255135781e-01
1.029356741277988180e-01
2.471986230368018039e-02
6.179223789076238559e-03
1.587950634765981917e-02
2.736228477250727924e-03
2.071926124373069805e-02
7.666903006821222666e-02
1.176976929132960564e-01
4.055128784449951174e-01
4.055128784449951174e-01
1.665022237275063932e-01
9.284782327896267534e-03
2.043327181572283935e-02
4.422171857098480645e-03
2.727163495556492526e-02
9.342334060434513698e-02
4.055128784449951174e-01
4.055128784449951174e-01
4.055128784449951174e-01
2.743268674059012868e-02
1.271432463816997600e-02
5.499117078631519245e-03
1.014460106345108428e-02
1.682856064683138295e-02
1.653380168697493949e-02
3.194993115011084822e-02
5.210115124960739558e-02
3.651059499071640513e-02
8.767969787378171800e-03
2.191729340013474307e-03
5.632354670277961613e-03
3.764840423759765464e-01
3.764840423759765464e-01
7.274819841401451714e-02
1.097983121863814610e-01
1.508883970212169211e-02
1.378375072950071591e-02
2.608950652514665028e-02
1.824189689648223964e-02
1.155411574686597831e-01
1.568514774124007971e-03
9.673066476070179068e-03
3.313663392586493894e-02
1.743396367798676072e-01
3.764840423759765464e-01
2.043626276850429302e-01
9.730190466809158709e-03
4.509685892457248116e-03
1.950500039618678540e-03
3.764840423759765464e-01
3.094485054949577818e-01
1.593240317669788186e-01
1.540444526284650839e-01
2.952285209155929291e-01
2.438093373159552213e-01
2.835928645894136846e-02
8.181285193747942983e-03
1.710305691738336908e-01
3.221516910526249222e-01
3.221516910526249222e-01
4.470793522456564806e-02
6.747735251200004392e-02
9.272956344254363464e-03
8.470904410017141353e-03
1.603349626789434684e-02
1.121069060954258192e-02
7.100665991042683090e-02
3.221516910526249222e-01
3.221516910526249222e-01
3.221516910526249222e-01
2.490981361684590500e-01
3.221516910526249222e-01
1.035234464962392770e-01
7.226511907839544557e-03
1.403436826053852844e-02
6.907999065511029324e-02
2.774312845924738480e-01
1.901738330380705055e-01
9.791374421971274500e-02
9.466914040431202715e-02
1.814348379381438281e-01
1.498348041257629437e-01
1.742840605901522719e-02
5.027868407327018910e-03
1.051080820521228393e-01
1.545629811322888347e-01
1.088036401813612108e-01
1.111921517825541564e-02
6.541548278046632747e-02
1.408336275832796913e-01
1.582106042055581585e-01
5.336301209901277848e-02
2.022981096467054221e-02
2.655910341792365806e-02
3.511597120334686850e-01
3.511597120334686850e-01
3.511597120334686850e-01
3.511597120334686850e-01
3.511597120334686850e-01
1.495778186556958878e-01
1.044136303656889413e-02
2.027782363967514656e-02
9.981153704463092968e-02
2.256808428285432197e-02
2.375941337721163352e-02
3.997280048735374347e-02
4.907191485785140916e-02
3.379970193081816010e-02
3.179802887878983852e-02
2.188831187735094594e-02
9.436546123622014184e-03
1.366276681395232374e-02
2.233232600455308525e-01
1.572070068273706822e-01
1.606580931970004456e-02
9.451680321488177550e-02
2.034861427072066908e-01
2.285935975491960870e-01
7.710256194916964567e-02
2.922942674655274603e-02
3.837442520664507972e-02
0.000000000000000000e+00
0.000000000000000000e+00
4.678766152572922071e-04
2.967677062983324274e-02
1.811114664209057812e-01
3.470927550440592868e-01
5.208212896274816428e-02
2.467952072083491773e-03
1.889951518509325277e-03
7.871642569017946178e-02
8.287172602286085876e-02
1.394232642768734043e-01
1.711605509342030151e-01
1.178917843464807047e-01
1.109100420735786158e-01
7.634541123572292920e-02
3.291423287870207798e-02
4.765509358939282875e-02
7.191390414106688111e-02
3.701328426750560840e-02
1.334368039664468597e-01
2.635936889272404993e-01
2.432555603432465519e-01
1.026498278468277042e-01
4.740582999589563334e-02
1.057899149672211075e-02
6.269440189823506648e-02
0.000000000000000000e+00
0.000000000000000000e+00
1.631931818202837173e-03
1.035111922097232962e-01
4.016848069590636117e-01
4.016848069590636117e-01
1.816600373739827579e-01
8.608101753531485420e-03
6.592062773259249261e-03
5.358265194552370818e-03
1.122603679671070262e-02
1.382894832355054636e-02
2.070791432287889255e-01
4.016848069590636117e-01
4.016848069590636117e-01
2.283342999196595266e-02
8.829020806147667858e-04
1.508307053998690465e-03
6.671904781034980469e-02
3.433954966229620098e-02
1.237977079652619605e-01
2.445524289648463856e-01
2.256834690665386889e-01
9.523469562161737678e-02
4.398136738315807509e-02
9.814795176055855080e-03
5.816553624295518754e-02
2.297021073752920570e-02
3.864392850273838664e-02
1.088964125842931951e-01
1.474730954723046938e-01
3.248811950515750890e-01
3.248811950515750890e-01
7.382100654318082822e-02
9.914768818746514181e-03
2.593236601320788107e-02
4.971199324606286225e-03
1.041509976000276443e-02
1.282998434566894920e-02
1.921203336493319258e-01
3.248811950515750890e-01
3.248811950515750890e-01
2.118400781467641436e-02
8.191237401440855034e-04
1.399351233261155684e-03
2.055767468040343472e-03
1.961773005246546936e-02
1.486757572235638813e-01
3.248811950515750890e-01
3.248811950515750890e-01
3.248811950515750890e-01
1.135373970279930367e-01
7.735510514819530017e-03
5.904289116856264313e-03
2.495780186756895239e-02
4.996723390085497374e-02
1.116782247720357890e-01
3.619274680455108473e-01
3.619274680455108473e-01
3.619274680455108473e-01
6.917574089579714425e-02
3.342939015556009672e-03
3.789005477478923911e-02
2.909006596263326479e-03
2.202757120935875876e-02
8.151026716220517720e-02
1.251296695054387731e-01
3.619274680455108473e-01
3.619274680455108473e-01
1.770159440787975325e-01
9.871066419079758264e-03
2.172352308638463014e-02
9.714194069894303840e-02
6.672954715204876264e-02
1.182101945944443316e-01
3.295298855325340948e-01
1.533675161798392361e-01
1.947548088494033547e-01
5.478695597096524400e-02
1.323798896314021603e-02
2.281537961129711037e-02
1.497453350469569733e-01
9.930368165530745195e-02
3.859868162836734701e-02
3.718626161306958638e-02
1.240587428858821589e-01
1.061672482786782529e-01
6.524600161470749116e-02
3.745137649731027172e-03
2.876902827860432568e-02
2.669165943392642036e-03
2.021145052170052539e-02
7.478994012102251066e-02
1.148130268184722746e-01
3.976088529998547672e-01
3.976088529998547672e-01
1.624214018557189332e-01
9.057220545535487818e-03
1.993247044099618476e-02
4.313788345868118691e-03
2.660323136362125959e-02
9.113361736138354818e-02
3.976088529998547672e-01
3.976088529998547672e-01
3.976088529998547672e-01
2.676033591219455568e-02
1.240270781464115728e-02
5.364338594911531241e-03
1.373991894699290450e-01
9.111633004487625087e-02
3.541631242590944501e-02
3.412034307078955220e-02
1.138303955434298298e-01
9.741401197685956026e-02
5.986662446081099376e-02
3.436359986539795543e-03
2.639709054093855936e-02
6.452520413098493390e-02
3.568554108454904950e-02
3.348267106657473735e-02
5.133616175957347871e-02
1.642722026780666367e-01
2.397053552703384272e-01
5.378526198405007841e-02
8.063443689111344376e-03
2.490606764871032205e-02
2.598538972364083412e-03
1.602524925809185180e-02
5.489705043894869962e-02
2.888263139588814754e-01
3.187545758011307573e-01
3.187545758011307573e-01
1.611988586505343213e-02
7.471140685439397328e-03
3.231369224033914245e-03
3.187545758011307573e-01
3.187545758011307573e-01
2.639501473691160949e-01
2.552035340917433448e-01
3.187545758011307573e-01
3.187545758011307573e-01
4.698247814283575130e-02
1.355383370988795522e-02
2.833442226975677047e-01
3.886867972897025542e-02
2.149624919519297142e-02
2.016928478854991547e-02
3.092386698842379891e-02
9.895425702652169142e-02
1.443936645966810706e-01
3.239915549826082042e-02
4.857255617950901813e-03
1.500291211447597230e-02
2.696677192173238882e-02
6.329567648837352255e-03
2.937545396708218792e-02
6.293052657261352656e-02
1.596984581541682491e-01
1.344222744919699453e-01
3.706617014849478836e-02
4.558572408806043155e-03
6.458926593697737924e-03
2.821347124503094106e-01
2.821347124503094106e-01
2.500384025634491136e-01
2.417527878990398671e-01
2.821347124503094106e-01
2.821347124503094106e-01
4.450622172557021361e-02
1.283946594919592107e-02
2.684102946144881208e-01
2.821347124503094106e-01
2.778474932282155030e-01
2.839469395319583686e-02
1.670488954098399426e-01
2.821347124503094106e-01
2.821347124503094106e-01
1.362709842989018039e-01
5.166005710512303062e-02
6.782291745716018116e-02
2.554546243224330854e-02
5.995961735984075072e-03
2.782719258812876850e-02
5.961371301940812661e-02
1.512813982743250740e-01
1.273374200315006699e-01
3.511256222226702417e-02
4.318308492829595578e-03
6.118502694011851081e-03
5.387480220116869917e-02
2.523246996444415344e-02
7.084792008088311444e-02
2.184048327970888603e-01
1.093006392816984473e-01
3.390640324000817468e-02
1.234856554352700003e-02
8.501858560038006579e-03
3.017485624247626813e-02
3.215221170709068876e-01
3.215221170709068876e-01
4.205741610358679217e-02
2.474280904550988647e-01
3.215221170709068876e-01
3.215221170709068876e-01
2.018407206272848642e-01
7.651741276685525284e-02
1.004573835364040296e-01
0.000000000000000000e+00
0.000000000000000000e+00
1.224817318657253585e-03
7.768847906461417985e-02
3.215221170709068876e-01
3.215221170709068876e-01
1.363417009226563781e-01
6.460657235116653435e-03
4.947555136988048691e-03
7.979783044704959194e-02
3.737361953487241401e-02
1.049379317074836532e-01
3.215221170709068876e-01
1.618930098079487123e-01
5.022120372177945463e-02
1.829034537940763677e-02
1.259271199410534441e-02
4.469414204455274958e-02
5.312676483955466183e-02
6.976566268897582690e-02
1.145172571982524673e-01
9.089854015907171403e-02
1.659825456728958315e-01
1.555914648415493151e-01
3.339187200827480745e-02
6.375017924983853584e-03
4.122588034421472564e-03
0.000000000000000000e+00
0.000000000000000000e+00
1.666949775511245967e-03
1.057323331111454656e-01
4.084773655552623728e-01
4.084773655552623728e-01
1.855580944879199889e-01
8.792814212930407172e-03
6.733515112256203278e-03
5.473242732055500978e-03
1.146692484908212913e-02
1.412568959460902378e-02
2.115226429609243786e-01
4.084773655552623728e-01
4.084773655552623728e-01
2.332338923397873562e-02
9.018473741752054684e-04
1.540672273817164997e-03
7.230437337383574525e-02
9.494955205668934028e-02
1.558555004660327481e-01
1.237109394228495807e-01
2.258986405838410427e-01
2.117566052000488808e-01
4.544561274583860944e-02
8.676260971376550252e-03
5.610752798660652470e-03
1.041176593607510831e-01
7.823714370570598875e-02
1.245042413436039108e-01
1.556532504781174275e-01
1.570680540020198135e-01
7.404133349754507543e-02
3.423021605180183446e-02
1.496701815448409252e-02
3.282747793125152108e-02
6.220969338020905341e-03
1.303347784481314296e-02
1.605546951751245580e-02
2.404197914428821692e-01
3.812973113286404758e-01
3.812973113286404758e-01
2.650971213710777430e-02
1.025053179070613317e-03
1.751151089868809929e-03
2.572591752955452702e-03
2.454966883622685531e-02
1.860531567134622311e-01
3.812973113286404758e-01
3.812973113286404758e-01
3.812973113286404758e-01
1.420809385239828193e-01
9.680234201923064441e-03
7.388639875485653388e-03
1.183416848363468138e-01
8.892550466234223905e-02
1.415133780411076125e-01
1.769178064982332155e-01
1.785258932892634931e-01
8.415648418746896064e-02
3.890657420415881418e-02
1.701173610944167747e-02
3.731220113056787219e-02
1.172176520879600059e-01
3.637166107491451167e-02
6.150237913551316604e-02
8.485486807964741363e-02
1.022942486979057097e-01
5.665466334736961318e-02
4.462432160599681674e-02
1.236287216463346876e-02
3.570913701770089821e-02
