2.145929021814949877e-01
1.063496454663376972e-01
4.955738832779609665e-02
9.139552134433599762e-02
1.888576026039774924e-01
1.822948785993454279e-01
7.937754503653034199e-02
3.324175018675343263e-02
9.549291791043419686e-02
2.265379484220109430e-01
1.382621449206376529e-01
2.545987729123482257e-01
2.509869297289361034e-01
2.545987729123482257e-01
1.950872007010518716e-01
1.156528279923376215e-02
1.754592947884922247e-02
7.532588228338699121e-02
7.213406732430217849e-02
6.946441785391427315e-02
1.352549089897814860e-01
2.545987729123482257e-01
2.545987729123482257e-01
2.545987729123482257e-01
1.236181664519700879e-01
1.585800431677719668e-02
1.957142761505673359e-02
7.348359065649039124e-02
2.509608695237527595e-02
1.891857983556087253e-01
2.545987729123482257e-01
2.341294785424138936e-01
2.545987729123482257e-01
2.545987729123482257e-01
4.075346359330854484e-02
8.775633561662490867e-02
2.151025059443238685e-01
1.312827897349174155e-01
2.491979926037866944e-01
2.383173235214153252e-01
2.491979926037866944e-01
1.852393651516896500e-01
1.098147718472166842e-02
1.666022591937689479e-02
7.152349597269237746e-02
2.491979926037866944e-01
7.986664990178873880e-02
1.487712582608725388e-02
4.382469444489757449e-02
1.015661815040082988e-01
1.586820254478231718e-01
1.254562802986003145e-01
5.781704080070733387e-02
7.368307899913541237e-02
6.977420165628281379e-02
2.382925788131692521e-02
1.796358605647857265e-01
2.491979926037866944e-01
2.223108220972030424e-01
2.491979926037866944e-01
2.491979926037866944e-01
3.869626349975233137e-02
8.332647062055342779e-02
1.982004989430664194e-02
1.181934964040074476e-01
2.491979926037866944e-01
2.491979926037866944e-01
2.491979926037866944e-01
2.491979926037866944e-01
1.873416621724154352e-01
2.220031974887930193e-02
6.948977616284914005e-02
2.611501185290548421e-01
8.659180296571182545e-02
1.612985081774160820e-02
4.751494285877268242e-02
1.101185386840400904e-01
1.720438092579895939e-01
1.360202978062337031e-01
6.268551155246643303e-02
7.988754588361936249e-02
2.611501185290548421e-01
6.403835957590130190e-02
1.439219510639538624e-01
1.937727828476994985e-01
2.611501185290548421e-01
1.112967703892375898e-01
6.221997255658372888e-02
2.284681393824799026e-02
1.293885475982975153e-01
2.148899268128610235e-02
1.281459528480255183e-01
2.611501185290548421e-01
2.611501185290548421e-01
2.611501185290548421e-01
2.611501185290548421e-01
2.031167241652315769e-01
2.406969261681405139e-02
7.534114693710326771e-02
3.832880164351067098e-02
2.360171121976835026e-02
1.935464009088052051e-01
2.611501185290548421e-01
2.611501185290548421e-01
2.611501185290548421e-01
1.373469496230507736e-01
5.681931155142792844e-02
1.248752334026991540e-01
2.762643771436436579e-01
4.805671047056659512e-02
1.080042583608316897e-01
1.454141327800682337e-01
2.762643771436436579e-01
8.352113805422134440e-02
4.669212681961894262e-02
1.714507882270087033e-02
9.709786464421614471e-02
2.762643771436436579e-01
1.745033040429397331e-01
1.861553472837412793e-01
2.095647369957795436e-01
2.762643771436436579e-01
2.762643771436436579e-01
9.576036017104849751e-02
1.453905903982097292e-01
2.762643771436436579e-01
2.876332459895065627e-02
1.771158115557283641e-02
1.452442475524444165e-01
2.299131594353254482e-01
2.151451280618401074e-01
2.132669903809725764e-01
1.030701385195116893e-01
4.263927468547215605e-02
9.371090977846113779e-02
5.371195563514809257e-02
7.513694493169023429e-03
2.624579470654019031e-02
7.134380243145123368e-02
6.288104096594610004e-02
2.762643771436436579e-01
2.149014553129839911e-01
9.588884723525697984e-02
1.275747476561543414e-01
3.356099029210803941e-01
7.831756143924718805e-02
8.354703040207947518e-02
9.405322870636317889e-02
2.263772916600050589e-01
2.139268986902939651e-01
4.297751227274806268e-02
6.525169571229619270e-02
1.325223652155336496e-01
3.689864424849088054e-01
2.334258599010412272e-01
3.617982535062186367e-02
3.301664155666158562e-01
2.960037933203346627e-01
8.289439388406004416e-02
3.097462970090664874e-02
4.016064278068656387e-03
9.094575776624656827e-02
2.410607299700594924e-02
3.372166695248923762e-03
1.177918464481070640e-02
3.201929419548293909e-02
2.822118364018192174e-02
1.428792175738927417e-01
9.644836252336395910e-02
4.303517761954757381e-02
5.725589662874674968e-02
3.689864424849088054e-01
3.689864424849088054e-01
9.973459075353946490e-02
3.036427517952015875e-02
5.002627675667610518e-02
7.950258398117783509e-02
5.068839576277704012e-02
2.143293896911510968e-02
8.724147123986814023e-02
3.937481939565879441e-01
1.756684707768405018e-01
2.722772273393929410e-02
2.484721673470399739e-01
2.227625239927205902e-01
6.238353974902054871e-02
2.331046712109768188e-02
3.022355237628364041e-03
6.844272608532109281e-02
3.937481939565879441e-01
1.058634754291762209e-01
7.653207614536271242e-03
1.076443943663437167e-03
5.801308264346111652e-03
7.903673413505360110e-03
1.906583540321707838e-03
1.509478937146065645e-02
1.947944816038417459e-01
3.937481939565879441e-01
3.214565639850235912e-01
7.505690692820336796e-02
2.285113478555803393e-02
3.764809751682996614e-02
5.983097741056472157e-02
3.814638606687897199e-02
1.612971079791236315e-02
6.565500432354187677e-02
3.937481939565879441e-01
2.346033289054074711e-01
1.520855806101348642e-02
5.184323050749394500e-03
1.202563302284646125e-03
1.309101828422279575e-03
1.399948314171097158e-03
1.467049215540175552e-03
4.900979320956134339e-02
3.781733631947113983e-01
1.163741921945109781e-01
8.413060786336868865e-03
1.183319307047625991e-03
6.377294531448511432e-03
8.688394227915409093e-03
2.095879796660631272e-03
1.659348431863298667e-02
2.141347650707107753e-01
3.685774430396484003e-01
1.568015705336978372e-01
1.284452395683540749e-01
7.172142665041567056e-02
3.345854013430879514e-01
3.041780822997448008e-01
2.178503921578797686e-02
1.245476714546672053e-02
5.724090325845539867e-02
3.781733631947113983e-01
2.578960569434085581e-01
1.671854859873586618e-02
5.699051581864718850e-03
1.321960499584820840e-03
1.439076765290224925e-03
1.538942997244811643e-03
1.612706050655751287e-03
5.387575904966786233e-02
3.781733631947113983e-01
2.087062197509993167e-01
3.181208594052107024e-03
3.400231907498058232e-04
8.850166333374188954e-03
8.779709595006792225e-03
0.000000000000000000e+00
1.313940773301774598e-03
8.470216518823761587e-02
3.854080358588028027e-02
3.711442573560889274e-02
7.226589425444836234e-02
1.629748202282215730e-01
3.098401961836984020e-01
1.833402963031127153e-01
6.604845185635210836e-02
8.472837485916215675e-03
1.045689749083439715e-02
3.926184588405810111e-02
1.340869014992875259e-02
1.010808480115328589e-01
1.644993426843749940e-01
1.250939893018854776e-01
1.884398218740958586e-01
1.455358514878849763e-01
2.177433346067349229e-02
4.688768871455911702e-02
3.237456171777897129e-02
6.275925791702691159e-02
1.614791300670504748e-01
1.366852883559598608e-01
2.056433174954263032e-01
1.352093094981637600e-01
3.914045138987190531e-02
2.584185318922479352e-02
4.871825309078203076e-02
3.193769177060055142e-01
3.193769177060055142e-01
3.193769177060055142e-01
3.193769177060055142e-01
3.193769177060055142e-01
2.810760435833756232e-01
8.381461061908625221e-02
2.036513708950601909e-02
7.645391142614764435e-02
3.604440205238154671e-02
1.230986999916076387e-02
9.279743841597448695e-02
1.510188915360097528e-01
1.148427421891615313e-01
1.729974877484551088e-01
1.336094273192337534e-01
1.998996257070577084e-02
4.304531957884093901e-02
1.023876776989712280e-02
6.105715011042547186e-02
1.858930579049301035e-01
2.009351488694960663e-01
1.606864223099143119e-01
1.848179062619108304e-01
9.677815055152182155e-02
1.146838275071797829e-02
3.589747171715861052e-02
3.072275215788354275e-01
3.072275215788354275e-01
3.072275215788354275e-01
3.072275215788354275e-01
3.072275215788354275e-01
2.580423231278994312e-01
7.694614083961906492e-02
1.869624752931130229e-02
7.018863886479095870e-02
1.007961701226829654e-01
1.522193454770451315e-01
2.584427664027613702e-02
1.797806939330247600e-01
3.072275215788354275e-01
1.943269765332364674e-01
7.673593320572900944e-02
8.353630432511931561e-03
1.504959241478273993e-02
1.290720476946996022e-02
7.696992028987539869e-02
2.343406762927271181e-01
2.533030507311306301e-01
2.025646643266360014e-01
2.329853176473750953e-01
1.220005604631108354e-01
1.445728312867686216e-02
4.525310355430380016e-02
2.302191166978332509e-02
1.417619355832991368e-02
1.162522164707798233e-01
1.840204678020417040e-01
1.722002655633417811e-01
1.706970207056801858e-01
8.249643105842838220e-02
3.412809990359669254e-02
7.500538680752756593e-02
1.270657599615496736e-01
1.918908902029578534e-01
3.257983560244622628e-02
2.266353024446292053e-01
2.866705540514191131e-01
2.449726504903107782e-01
9.673492214314238780e-02
1.053076121893433553e-02
1.897183092342121305e-02
2.866705540514191131e-01
2.866705540514191131e-01
4.176073524493724431e-02
2.189610044855385129e-01
2.866705540514191131e-01
2.866705540514191131e-01
6.119214723331438399e-02
1.095162872649714340e-02
4.684591022244793262e-02
1.901404959494791200e-02
1.170827389366848985e-02
9.601398186229910536e-02
1.519845246329392663e-01
1.422220898354874807e-01
1.409805434041177807e-01
6.813470810115056231e-02
2.818677238693583290e-02
6.194777241363654680e-02
3.550638886596600013e-02
4.966941816580370053e-03
1.734983174466495776e-02
4.716195421211037686e-02
4.156762989602631742e-02
2.104500828763646580e-01
1.420610095084985647e-01
6.338750204835762181e-02
8.433352586389050720e-02
2.801353293302383807e-01
2.407587832192633615e-01
3.449064971050682521e-02
1.808422974757606105e-01
2.801353293302383807e-01
2.744836806668903284e-01
5.053926620015325444e-02
9.045070398058423569e-03
3.869055155220677000e-02
2.801353293302383807e-01
2.801353293302383807e-01
2.801353293302383807e-01
2.801353293302383807e-01
2.801353293302383807e-01
2.801353293302383807e-01
1.547855558028621570e-01
3.131625430953888234e-02
1.122002639565378157e-01
2.122548945722010569e-02
2.969205670574578439e-03
1.037161712420483183e-02
2.819311098320591985e-02
2.484886011501552527e-02
1.258056974542135775e-01
8.492315202729490420e-02
3.789263846362508209e-02
5.041403593227691826e-02
3.600927762898366025e-01
3.600927762898366025e-01
8.781668855073745950e-02
2.673586041073898120e-02
4.404832798833251822e-02
7.000232921902446726e-02
4.463132630519507649e-02
1.887178472340550126e-02
7.681644904436257804e-02
2.484249857324161148e-01
2.412011409893952130e-01
1.904148497218724478e-01
2.170678516633725852e-01
3.061221070728615823e-01
1.872538702443046210e-01
9.252980344539527002e-02
1.872065413906058920e-02
6.707259160307219026e-02
3.600927762898366025e-01
3.600927762898366025e-01
9.762710653203204858e-02
9.098404944366057789e-02
1.290014647404006676e-01
1.758663596756801159e-02
3.711180056780028066e-04
2.965774560799890741e-02
2.184641698048226666e-01
3.835279892541841318e-01
2.930132128233518540e-01
6.841566764410755841e-02
2.082920422333563865e-02
3.431689144355797721e-02
5.453696978559046532e-02
3.477109006732524016e-02
1.470251011277530669e-02
5.984567095562041972e-02
3.835279892541841318e-01
2.138449882293571858e-01
1.386286347562547955e-02
4.725600045563274447e-03
1.096157230257399032e-03
1.193268937811477930e-03
1.276077079393592639e-03
1.337240710491237414e-03
4.467327339693306226e-02
3.835279892541841318e-01
3.057053037479418589e-01
7.605870574010953344e-02
7.088327504009780955e-02
1.005016413501303163e-01
1.370128458715307376e-02
2.891282574216018711e-04
2.310556797433811413e-02
1.701996770793415270e-01
3.835279892541841318e-01
3.439413326775194180e-01
1.496724127962557188e-02
2.036950126892391258e-02
1.730355881853341479e-02
4.993170727167797231e-03
2.912444659330833564e-03
2.841949386594250183e-04
1.504980351987916971e-02
4.117021968144119470e-01
2.572180043178965425e-01
1.667459268910902875e-02
5.684067805323848518e-03
1.318484840444505632e-03
1.435293187555135947e-03
1.534896854189494965e-03
1.608465971979146586e-03
5.373411050991102472e-02
4.117021968144119470e-01
2.081574955791757053e-01
3.172844655242559181e-03
3.391292119121477400e-04
8.826897739857541766e-03
8.756626244246477203e-03
0.000000000000000000e+00
1.310486199386749545e-03
8.447946878033930906e-02
4.117021968144119470e-01
4.117021968144119470e-01
1.800296543756555595e-02
2.450093644338301874e-02
2.081314555815944739e-02
6.005908393247649628e-03
3.503159971913478998e-03
3.418366526356074334e-04
1.810227332804212677e-02
4.117021968144119470e-01
1.644945752848206710e-01
1.871365241574738866e-02
0.000000000000000000e+00
9.120537984267108531e-03
9.211811747488052662e-03
1.039189444692546283e-03
8.178783227325553797e-04
5.651498059280452707e-02
2.305618821200113369e-02
4.469525410704970614e-02
1.150005750685278300e-01
9.734314742602359627e-02
1.464529797823045931e-01
9.629199971817392623e-02
2.787465114784814374e-02
1.840378986661210178e-02
3.469567317737998896e-02
2.838464348259828185e-01
2.838464348259828185e-01
2.838464348259828185e-01
2.838464348259828185e-01
2.838464348259828185e-01
2.001738963830993479e-01
5.969024242536728059e-02
1.450343753815204993e-02
5.444817405564728041e-02
3.856557076663467976e-02
1.672521633241625116e-01
1.548747946602427317e-01
1.006643395071697422e-01
9.177468844822252170e-02
3.300303191350471149e-02
2.786203127285810481e-03
1.865711949214114360e-03
5.525453401194133085e-03
2.838464348259828185e-01
2.838464348259828185e-01
6.056262691356543992e-02
1.310333003657122575e-01
2.838464348259828185e-01
2.621621551700368813e-01
6.640449600393781571e-02
5.189781057757945903e-02
2.838464348259828185e-01
2.790391390897916102e-01
2.790391390897916102e-01
2.790391390897916102e-01
2.790391390897916102e-01
2.790391390897916102e-01
1.931185599871433622e-01
5.758639798072925919e-02
1.399224885382148627e-02
5.252909174247215318e-02
7.543573081483795351e-02
1.139207725476182043e-01
1.934182512457727904e-02
1.345476521253706481e-01
2.790391390897916102e-01
1.454340722864794766e-01
5.742907884384088057e-02
6.251846829761619796e-03
1.126309661262712113e-02
2.790391390897916102e-01
2.790391390897916102e-01
5.842803437368589842e-02
1.264148959190947996e-01
2.790391390897916102e-01
2.529219783616006301e-01
6.406400073468923595e-02
5.006861846784670111e-02
2.790391390897916102e-01
7.439456567459683083e-03
3.857922912774341961e-02
7.549747307874972446e-02
1.325094557312105625e-01
3.294459501948007740e-02
2.848716338531681689e-03
6.727457617781283650e-03
5.180832146742537191e-03
1.008510988905027966e-02
1.029929133359670373e-01
1.555368010281860947e-01
2.640752462125261352e-02
1.836988191831824269e-01
2.831825114050123271e-01
1.985621222370644867e-01
7.840830964899597744e-02
8.535688748185716115e-03
1.537758196001671497e-02
2.831825114050123271e-01
2.362804044239941448e-01
3.384908560126342197e-02
1.774784313709646122e-01
2.831825114050123271e-01
2.693779815986800386e-01
4.959918013121384500e-02
8.876822116808838134e-03
3.797086463847589022e-02
1.015714035302160700e-02
5.267248237940502786e-02
1.030772104663526534e-01
1.809160558650849127e-01
4.497947833313015870e-02
3.889371678433273076e-03
9.185043372884667962e-03
7.073425159853970710e-03
1.376926872142600171e-02
2.176534169977277500e-01
2.312606536133059165e-01
2.831825114050123271e-01
2.831825114050123271e-01
2.831825114050123271e-01
2.009299831133045389e-01
6.007647372632866217e-02
4.061171604791777301e-02
2.088561166881517939e-01
2.581234744531161751e-01
1.457729754445957482e-01
2.088316183563260556e-02
1.094951529359992626e-01
2.581234744531161751e-01
1.661924948563847093e-01
3.060016798669950092e-02
5.476547137347857926e-03
2.342608957373414069e-02
2.516163995458851055e-01
2.442997530348324786e-01
1.928610311311231562e-01
2.198564332475322070e-01
2.581234744531161751e-01
1.896594438477862687e-01
9.371849584685636170e-02
1.896115069797325511e-02
6.793424565415774607e-02
1.342810729006021775e-01
1.426760448571934570e-01
2.581234744531161751e-01
2.581234744531161751e-01
2.140860522402044941e-01
1.239635659413336338e-01
3.706412451195503083e-02
2.505536039117609720e-02
1.288535866681623510e-01
2.581234744531161751e-01
2.581234744531161751e-01
1.319690706578472150e-01
9.580135706911867624e-03
7.610842656960932484e-02
5.978997457335667731e-02
4.684104793603034028e-02
4.646416682437665840e-02
2.512399610972410047e-01
1.918514790983368579e-01
1.862727113482278152e-01
1.470519177196511762e-01
1.676352653640600654e-01
2.364093082403847801e-01
1.446107840857578097e-01
7.145810877009975415e-02
1.445742333718295913e-02
5.179823546359568071e-02
3.448389350112184837e-01
3.030360794671607128e-01
7.539460949566335890e-02
7.026436736489988233e-02
9.962412493788216916e-02
1.358165368428828311e-02
2.866037733661797103e-04
2.290382485015210814e-02
1.687136017477343930e-01
3.448389350112184837e-01
3.448389350112184837e-01
1.006232560621463379e-01
7.304624057299012770e-03
5.803085266135031561e-02
4.558842379849967208e-02
3.571517733050116189e-02
3.542781450818322658e-02
1.915644537959630689e-01
3.448389350112184837e-01
3.234489587857421466e-01
4.706030513364379414e-02
4.655633547019001617e-02
3.309812090970361276e-02
4.116446027162474347e-02
9.406703380708104911e-02
2.038154142124545126e-02
2.925916422381780527e-02
3.768407999787830032e-01
2.960290531688602456e-01
7.365127908954430258e-02
6.863966224455576859e-02
9.732054160017414302e-02
1.326760855570968678e-02
2.799767071082603768e-04
2.237422552541534423e-02
1.648124799855797407e-01
3.768407999787830032e-01
3.330548270176929004e-01
1.449349491237692661e-02
1.972476139679025728e-02
1.675586282181607337e-02
4.835125804335684875e-03
2.820259329289490080e-03
2.751995388215383912e-04
1.457344387469497633e-02
3.768407999787830032e-01
3.159699306635636584e-01
4.597214165074333531e-02
4.547982514981585567e-02
3.233280146640030855e-02
4.021262491200091466e-02
9.189194567616175424e-02
1.991026421560814635e-02
2.858261200091722146e-02
3.768407999787830032e-01
1.173012321653466028e-01
2.876771832426689400e-03
9.817044898470916187e-03
1.004402990662230447e-02
6.743900069432273887e-03
5.833412223053767789e-03
5.801025757388398978e-03
2.332755395974243362e-01
4.019588720668226811e-01
4.019588720668226811e-01
1.946697215074056839e-02
2.649336016694028503e-02
2.250567698722353085e-02
6.494310719904435210e-03
3.788038023476345949e-03
3.696349148720913655e-04
1.957435578956166072e-02
4.019588720668226811e-01
1.778713249838088650e-01
2.023545241362499983e-02
0.000000000000000000e+00
9.862222951837671531e-03
9.960919125691773332e-03
1.123696651495039974e-03
8.843884407013590356e-04
6.111079628048990409e-02
4.019588720668226811e-01
1.575534288738272837e-01
3.863942926427050943e-03
1.318578719601326728e-02
1.349066264938271302e-02
9.058085412297913266e-03
7.835161496693394956e-03
7.791661538334127349e-03
3.133245956373188479e-01
4.019588720668226811e-01
1.676877057622243872e-01
1.273330281112600680e-02
4.974288077919608803e-04
1.935377361402023169e-02
2.001290994762429040e-02
3.653321230976203180e-03
4.719260653844511814e-03
3.840340108558274596e-02
5.247242150236092195e-02
2.275637527636412416e-01
2.107230709660517787e-01
1.369641768000702253e-01
1.248688931545459124e-01
4.490401586172101250e-02
3.790915627070721907e-03
2.538492802130443496e-03
7.517947072883749034e-03
2.884676111300573664e-01
2.884676111300573664e-01
8.240167650904291208e-02
1.782842683501426884e-01
2.884676111300573664e-01
2.884676111300573664e-01
9.035013963763312284e-02
7.061230360507035619e-02
2.884676111300573664e-01
6.105020163845225473e-02
7.179348122224467332e-02
1.267978241818756568e-01
8.185055547243852425e-02
2.714709416171098844e-01
2.160774353366271272e-01
1.431176681335456606e-02
1.403012251965869879e-02
4.097335822394336524e-02
2.884676111300573664e-01
2.686896773284713769e-01
1.396085453497039053e-01
1.323132391230456284e-01
1.019201944490126105e-01
8.594653498625262622e-02
7.073600886072858862e-02
4.238265651559979669e-02
1.603594845032844107e-01
3.434586157933414707e-01
3.434586157933414707e-01
5.310723639349643199e-02
1.149028173410225062e-01
2.543151172660108594e-01
2.298894261623431745e-01
5.822995874840757036e-02
4.550907771193558882e-02
3.184868334460519979e-01
6.761976212315748587e-03
3.506597925342260641e-02
6.862223233904522768e-02
1.204423709495913292e-01
2.994446782853772346e-02
2.589295594659823257e-03
6.114816044464519221e-03
4.709035319798393800e-03
9.166700894072782671e-03
2.631227613150289857e-01
1.731683967474795249e-01
8.997661618723548638e-02
8.527484835002926977e-02
6.568676863365559282e-02
5.539186997264462092e-02
4.558880478222934046e-02
2.731529082798831581e-02
1.033504342659892911e-01
4.053086942262539710e-02
3.434586157933414707e-01
3.434586157933414707e-01
3.434586157933414707e-01
4.170567093690823179e-02
8.024415794708993077e-02
4.693160437493147652e-02
1.077434614853143603e-02
2.412492577526983289e-02
6.812388177456663030e-03
3.532740355724312692e-02
6.913382561828021466e-02
1.213402943399074924e-01
3.016771017972879818e-02
2.608599341842455024e-03
6.160403293457677489e-03
4.744142175684198763e-03
9.235040591140560029e-03
1.459800212662485663e-01
1.551063870174359816e-01
3.165143844705307075e-01
3.394843523184542522e-01
2.327378370141999775e-01
1.347636238038632528e-01
4.029325628396745324e-02
2.723825453379294381e-02
1.400796770217523912e-01
4.083303564035667410e-02
3.394843523184542522e-01
3.394843523184542522e-01
3.394843523184542522e-01
4.201659554880209785e-02
8.084239514375782254e-02
4.728148942768382185e-02
1.085467118153977950e-02
2.430478220762387689e-02
2.126249032564919150e-01
1.906619371127467322e-01
1.385328330172987954e-01
1.550622182714179731e-01
2.088148225676723924e-01
1.059297994704070517e-01
4.601707608044135200e-02
1.223569773734558136e-01
2.601023151794110699e-01
1.108575820557035074e-01
1.177881663326256351e-01
2.403617909073760828e-01
2.793950563828413447e-01
1.767416776656814126e-01
1.023398226303371961e-01
3.059879650684888680e-02
2.068479652792207940e-02
1.063768463319557794e-01
2.793950563828413447e-01
2.793950563828413447e-01
1.089488768837624244e-01
7.909012471324951277e-03
6.283235575438357590e-02
4.936043382138177033e-02
3.867026977798550952e-02
3.835913040548943193e-02
2.074145968704443344e-01
1.614678670093627755e-01
1.447891372739684990e-01
1.052021692448882884e-01
1.177546244798192560e-01
1.585744824973184530e-01
8.044334652833720622e-02
3.494547913681211870e-02
9.291818525307926624e-02
1.975223287253122517e-01
2.793950563828413447e-01
2.793950563828413447e-01
2.793950563828413447e-01
1.799641614194309736e-01
2.323974676113785276e-01
1.420859653089291130e-01
2.523202149265376185e-02
1.129898168596713548e-01
2.378100429490896395e-01
3.035604881986394554e-01
3.035604881986394554e-01
9.010933043359703465e-02
6.541378291970956563e-03
5.196732328533892886e-02
4.082497928181476332e-02
3.198336887032351972e-02
3.172603202272055584e-02
1.715482617236205598e-01
3.035604881986394554e-01
2.896524148217436978e-01
4.214306663833631422e-02
4.169175577134729554e-02
2.963976351492370043e-02
3.686326698119959944e-02
8.423815491515715403e-02
1.825191434412300889e-02
2.620193184393203659e-02
2.416263625281860616e-01
3.035604881986394554e-01
3.035604881986394554e-01
1.488445824443884180e-01
1.922110699981517123e-01
1.175163210875382475e-01
2.086887563434827730e-02
9.345150711284812284e-02
1.966876975096303326e-01
3.035604881986394554e-01
2.543841686073799457e-01
1.108716219164162242e-01
1.293088489968548249e-01
1.006984188749616843e-01
4.891396399961492336e-02
2.446158046612202652e-02
4.845148919013799599e-02
1.303879521472710579e-01
3.337914216625224029e-01
3.337914216625224029e-01
5.208062457010628060e-02
5.152289221451441387e-02
3.662897646283896913e-02
4.555582023850654472e-02
1.041019572273809701e-01
2.255581224782777019e-02
3.238048590735417148e-02
3.337914216625224029e-01
1.328874665101775210e-01
3.259018797007656731e-03
1.112147077309099015e-02
1.137861609127922315e-02
7.639986196917518402e-03
6.608518573261205724e-03
6.571828802045305215e-03
2.642716950509086948e-01
3.337914216625224029e-01
3.143693005427329323e-01
1.370157365637687530e-01
1.598005592709192124e-01
1.244436384574698490e-01
6.044813532820319385e-02
3.022975047308611163e-02
5.987660651345887847e-02
1.611341206496282319e-01
3.337914216625224029e-01
3.337914216625224029e-01
4.208590439376694108e-04
3.894086916911493942e-03
2.988368330176599183e-02
1.088593693963468487e-02
4.808511284797837779e-03
3.347122638909597048e-02
1.658380232932042952e-01
3.688183076521629467e-01
1.852054713575697897e-01
4.542099629965897986e-03
1.550001133148250047e-02
1.585839516641546904e-02
1.064786079473542361e-02
9.210302743203837086e-03
9.159168151278106879e-03
3.683158775896968606e-01
3.688183076521629467e-01
1.971184049027152330e-01
1.496811187119150184e-02
5.847320332693062804e-04
2.275053478907659854e-02
2.352535547198158355e-02
4.294511934395378767e-03
5.547533304111414328e-03
4.514354305475028195e-02
3.688183076521629467e-01
3.688183076521629467e-01
5.865519123400745162e-04
5.427195068834452137e-03
4.164893648100383150e-02
1.517174745685599679e-02
6.701629750469890838e-03
4.664890093177957026e-02
2.311287142393765037e-01
3.688183076521629467e-01
2.016683025649529670e-01
3.738733674683501068e-02
2.731178740114460768e-02
3.627152560829895178e-02
4.751952589142832001e-02
7.489296408927986412e-03
2.540005933717915179e-03
5.280788329734917991e-02
9.926086330188714502e-02
1.167282455145793596e-01
2.061592125056404823e-01
1.330799338886380911e-01
2.720303533154284081e-01
2.720303533154284081e-01
2.326934704789105149e-02
2.281142463345149293e-02
6.661814048988295989e-02
2.720303533154284081e-01
2.720303533154284081e-01
2.269880256546780994e-01
2.151266660739484249e-01
1.657109430828355989e-01
1.397395427301583448e-01
1.150089126261542999e-01
6.890950335725119780e-02
2.607267534463976744e-01
1.031837807641025617e-01
7.294053890787163819e-02
2.693920209987622494e-01
2.353032573989961296e-01
1.451011047260643283e-01
1.634821789672937786e-01
3.770159103421134861e-02
2.946440390379865062e-02
5.325587160574257739e-02
1.740660792026060832e-01
2.720303533154284081e-01
1.550869574527114214e-01
1.485869756415113541e-01
1.707985892914433146e-01
3.209482310584620829e-02
3.226670083918135867e-02
1.695852408829767038e-02
7.273106487968133971e-02
2.892082613984991446e-01
1.903359888069231787e-01
9.889673019535961951e-02
9.372883785909094656e-02
7.219883243274526075e-02
6.088331670866083817e-02
5.010839390864607612e-02
3.002327784367794794e-02
1.135964036690101236e-01
4.454902426572229096e-02
3.795409191874408728e-01
3.795409191874408728e-01
3.795409191874408728e-01
4.584029341224540866e-02
8.819941418704961567e-02
5.158431614992658315e-02
1.184249474180480537e-02
2.651662594662466954e-02
7.583909336809305235e-02
2.265208771610752736e-01
6.757005328269358180e-02
6.473806712129603902e-02
7.441547612119944755e-02
1.398343834311090161e-02
1.405832399300899552e-02
7.388683065702134761e-03
3.168829932540011968e-02
1.168653280241079978e-01
3.795409191874408728e-01
3.795409191874408728e-01
1.066599798972596713e-01
2.957536173679025521e-02
1.944735417240467390e-02
1.433344764522359073e-02
5.520984207294423428e-03
3.702803382832474399e-02
4.151269593457708462e-02
3.598238786043952420e-01
3.598238786043952420e-01
3.598238786043952420e-01
4.271595603584399381e-02
8.218800575553865395e-02
4.806848335335312666e-02
1.103534569895478663e-02
2.470933198373384890e-02
2.161640156942423729e-01
1.938354789825216251e-01
1.408386930781821422e-01
1.576432076894239698e-01
2.122905167333948850e-01
1.076929864964436268e-01
4.678302401885729711e-02
1.243935925292335432e-01
2.644316826459711667e-01
1.089001365915942682e-01
3.598238786043952420e-01
3.598238786043952420e-01
9.939035448796391947e-02
2.755959348539939111e-02
1.812188064267528098e-02
1.335652269825756550e-02
5.144690426662467883e-03
3.450431372417752524e-02
1.583494707855977457e-01
7.597111297223674287e-02
4.609593991055361412e-02
1.023883273189886596e-02
3.243655761408034688e-02
3.937600930470276650e-02
1.383523365825567800e-02
8.348432447977345572e-03
7.674638122011452623e-02
1.657065811999016702e-01
1.485900159389691444e-01
1.079638452112149094e-01
1.208458165976617760e-01
1.627372420708983192e-01
8.255507538671326417e-02
3.586283750077562393e-02
9.535739274176499580e-02
2.027075133271978857e-01
2.998133450559727353e-01
3.171735667950360549e-01
3.171735667950360549e-01
1.846884242645749075e-01
2.384981640660640556e-01
1.458158826515323359e-01
2.589439060384473093e-02
1.159559273866761497e-01
2.440528256300704690e-01
1.213872223571668824e-01
5.823778467544522136e-02
3.533613393164490579e-02
7.848864030544567411e-03
2.486515181937406019e-02
3.018478289377747245e-02
1.060578589941702822e-02
6.399724740908849761e-03
5.883208826689209636e-02
1.197982053584518702e-01
3.171735667950360549e-01
3.171735667950360549e-01
1.132038348632104507e-01
3.001940348047266172e-02
3.697477533542044975e-02
5.723102272568650339e-02
5.768909542621771663e-02
3.171735667950360549e-01
2.767777765983454041e-01
3.037976937037408787e-01
3.037976937037408787e-01
1.704982525773083846e-01
2.201736268966576204e-01
1.346124062138786825e-01
2.390484605134309340e-02
1.070466818596474551e-01
2.253015069686903349e-01
3.037976937037408787e-01
2.913915677589032360e-01
1.270010469089374039e-01
1.481204920910306200e-01
1.153478626734264351e-01
5.602988870407577676e-02
2.802021179582585633e-02
5.550013380415323716e-02
1.493565814298237759e-01
1.105937459634896008e-01
3.037976937037408787e-01
3.037976937037408787e-01
1.045060409502324150e-01
2.771292167992952388e-02
3.413389122372270656e-02
5.283378970174806150e-02
5.325666728763323726e-02
3.037976937037408787e-01
3.935860544917571535e-02
6.048786771748084629e-02
8.251606024874902356e-02
3.955156247888582527e-02
2.624799754355265288e-02
1.464668442172296046e-02
4.241762596606237987e-03
3.631687863225654348e-03
1.880743650363413469e-02
3.340155834546632008e-01
3.340155834546632008e-01
2.168100849750055625e-01
2.528641870158949145e-01
1.969163287751680980e-01
9.565153380019814078e-02
4.783475922703704641e-02
9.474716168938801530e-02
2.549743793418889348e-01
3.340155834546632008e-01
3.340155834546632008e-01
6.659562424507240938e-04
6.161900351954841676e-03
4.728715166966676597e-02
1.722561927633978196e-02
7.608861335245859468e-03
5.296398515699034248e-02
2.624177107244358709e-01
6.719112007046763868e-02
1.032619813692340904e-01
1.408674532199857554e-01
6.752052704014380180e-02
4.480932020916207625e-02
2.500411588223194412e-02
7.241333291318562994e-03
6.199843020138443885e-03
3.210715191535939983e-02
1.126183777050900059e-01
2.146344041678945047e-02
7.381808450844992708e-02
2.181394751013823741e-01
1.122242542599741766e-01
3.549554583162480709e-02
7.832182632860148000e-03
9.640057022225059780e-02
3.340155834546632008e-01
3.739438895899237503e-01
3.739438895899237503e-01
7.605328003406847462e-04
7.036989867152151738e-03
5.400269204943655005e-02
1.967193582813592592e-02
8.689442713838178151e-03
6.048572771150022981e-02
2.996852701039351419e-01
3.739438895899237503e-01
2.614864186151545922e-01
4.847703215204046678e-02
3.541291012356109075e-02
4.703025318501505292e-02
6.161459426990342769e-02
9.710744182453637588e-03
3.293413225686383453e-03
6.847156495316582270e-02
1.286120088771666170e-01
2.451159611486657813e-02
8.430144647401631441e-02
2.491188088472298945e-01
1.281619135281226451e-01
4.053648745990125202e-02
8.944479247808168054e-03
1.100910104179883969e-01
3.739438895899237503e-01
1.699860226499993743e-01
9.192451314413800645e-02
1.756526334592952432e-01
2.291801052547742801e-01
1.269266221693466645e-01
7.502581140463042420e-02
1.810064895989701994e-02
4.210533951237570294e-03
3.999281121746228740e-02
9.047695694737104000e-02
6.395809447584689666e-02
2.362170692465057897e-01
2.063262513896149397e-01
1.272322675918405033e-01
1.433497586398979340e-01
3.305873465373594666e-02
2.583593645961251503e-02
4.669754458293520760e-02
1.526302781055964564e-01
3.363538237059164882e-01
1.359883875996659719e-01
1.302888622465957214e-01
1.497651713821462338e-01
2.814242613400514542e-02
2.829313755554849902e-02
1.487012437871110260e-02
6.377441664886848716e-02
1.262901273974566807e-01
5.604565741568540149e-02
7.608724583276582631e-02
1.762184378769335591e-01
3.362874111943909283e-01
2.301989272655559915e-01
5.715989051138385679e-02
1.042102571584780507e-01
7.107743435134734888e-02
3.260764349149833929e-01
3.363538237059164882e-01
3.363538237059164882e-01
2.345151718711402100e-01
1.200318140529856026e-01
3.198149963132911056e-02
1.355536531935971900e-02
1.715075481710129704e-02
6.144936345723375076e-02
1.175450498096458352e-01
3.510907977181264572e-01
1.047286422611192896e-01
1.003392707692159769e-01
1.153385471635266363e-01
2.167330704460414606e-02
2.178937432674550242e-02
1.145191853455146923e-02
4.911454709127917317e-02
1.811327139281673770e-01
3.640741196988008799e-01
3.640741196988008799e-01
1.653151704869129657e-01
4.583964831457107425e-02
3.014197709044436069e-02
2.221579587224596641e-02
8.557121859235235911e-03
5.739074516065940240e-02
2.511210177925246034e-01
3.640741196988008799e-01
3.600808283256191067e-01
1.806070060334907523e-01
9.244001738527267420e-02
2.462989004416883329e-02
1.043938405556544928e-02
1.320829886619511936e-02
4.732395549560835385e-02
1.007971594602002918e-01
2.186303241728447533e-01
1.558339819169032026e-01
1.269666556937661117e-01
9.741337480347600497e-02
9.135433699401825092e-02
1.963526064056625789e-02
2.642970967816278202e-02
7.833517815935729656e-02
2.521784783295366594e-01
3.969187586039212290e-01
3.969187586039212290e-01
2.301568128367491028e-01
6.381935382315286065e-02
4.196457808017187152e-02
3.092950730128372905e-02
1.191348554628367425e-02
7.990114248800367358e-02
3.666875895367953109e-01
1.759252124557827701e-01
1.067437043482131753e-01
2.370991753558744641e-02
7.511286943600130328e-02
9.118245779974602783e-02
3.203805137873270287e-02
1.933234481663963569e-02
1.777204899748572320e-01
1.403328738435037637e-01
3.043837928054564101e-01
2.169568134855074382e-01
1.767668431454174904e-01
1.356218658360492380e-01
1.271862889499427718e-01
2.733680759570309912e-02
3.679624638083703325e-02
1.090606196942093403e-01
8.568336872409131055e-02
7.825837449595808570e-02
2.126556428217545869e-01
1.403742713065255499e-01
5.390857580362257845e-02
1.583056486886713632e-02
2.528398400227930935e-03
3.366337001605372581e-02
9.384531036896405498e-02
2.583938683091230315e-01
1.239692792357035556e-01
7.521912241159293966e-02
1.670767564577198619e-02
5.292981122672794220e-02
6.425357351900645719e-02
2.257626455068906593e-02
1.362292999053375114e-02
1.252343580550550339e-01
2.550113685605184255e-01
4.660332235500018183e-01
4.660332235500018183e-01
2.409741011427392610e-01
6.390153460162530108e-02
7.870725635906238027e-02
1.218262108829311352e-01
1.228012984972502025e-01
4.660332235500018183e-01
6.037852855162754995e-02
5.514635534608267747e-02
1.498521240816700906e-01
9.891758545683687620e-02
3.798777442817125732e-02
1.115532952492961395e-02
1.781687359767968135e-03
2.372157838708807351e-02
6.613000674372046528e-02
6.074358069828220824e-02
9.738621269743752418e-02
8.834154537861139966e-02
6.954908850661190023e-02
3.791694718986132057e-02
2.283630094178343978e-02
9.811469618491205913e-03
9.003614410757582523e-03
1.930363312628603778e-02
2.610850041887237682e-01
4.753253821110778876e-01
4.753253821110778876e-01
2.467134095290159923e-01
6.542348493444474777e-02
8.058183630080816007e-02
1.247277600140328235e-01
1.257260714042501004e-01
4.753253821110778876e-01
9.291611907198417397e-02
1.427971813306607440e-01
1.948003998598063502e-01
9.337164380777474015e-02
6.196515443889953623e-02
3.457726863559611868e-02
1.001377243942996702e-02
8.573533997984210397e-03
4.439979490297333437e-02
6.219031767317240167e-02
9.970567152970040425e-02
9.044558631016273720e-02
7.120554729214527423e-02
3.882001956136019866e-02
2.338019579556725736e-02
1.004515053937054397e-02
9.218054549550148274e-03
1.976339001701379536e-02
9.804904256954853625e-02
6.437863939769941646e-02
6.733736864665743060e-02
5.743680933342964340e-02
8.938025555877661399e-02
6.568728001494919533e-02
1.863006195996865302e-02
2.706577830212714489e-02
5.909347801749002121e-02
1.102373938154064120e-01
1.694172041546708751e-01
2.311147797521279079e-01
1.107778367460146157e-01
7.351659971313928565e-02
4.102310791403476070e-02
1.188052392855640758e-02
1.017179853361452509e-02
5.267673386412594083e-02
1.847678151652784040e-01
3.521408381610063865e-02
1.211099509000983093e-01
3.578914475338015877e-01
1.841211948769790885e-01
5.823591659775702312e-02
1.284990338644881151e-02
1.581600010905431508e-01
3.843220921692414027e-01
1.163271887258781750e-01
7.638000268915749735e-02
7.989029352640029946e-02
6.814408773449093237e-02
1.060423802647326857e-01
7.793259800337673515e-02
2.210304840105748944e-02
3.211133753122603213e-02
7.010958995273283700e-02
3.843220921692414027e-01
3.310076572043424981e-01
1.287837193260844837e-01
1.133115037626472449e-01
2.236956288817980656e-02
3.987705873164169162e-02
1.856471917583795914e-02
6.376467768827838445e-02
3.843220921692414027e-01
1.612261380855924409e-01
3.072737930474360793e-02
1.056790634770027743e-01
3.122917045272315395e-01
1.606619051221997996e-01
5.081594931742976218e-02
1.121266869945345204e-02
1.380084846088131811e-01
3.478274111924506418e-01
2.130919981707482536e-01
1.152352286463574627e-01
2.201955788145231185e-01
2.872968365774186128e-01
1.591133618957568385e-01
9.405126267065150314e-02
2.269070947670500174e-02
5.278263936337786004e-03
5.013440471127221520e-02
3.478274111924506418e-01
2.888332375423602882e-01
1.123751000501375247e-01
9.887423378352402925e-02
1.951940727284069699e-02
3.479623424547114569e-02
1.619934713568212115e-02
5.564027869657671432e-02
3.478274111924506418e-01
7.203190166978006015e-02
1.086610625554797066e-01
7.816022715451963199e-02
1.227769364949631709e-01
1.989717770881415937e-01
1.810711208397229877e-01
6.044329804288420260e-02
3.030862372037217492e-03
4.382465826171778878e-02
6.439985822215131550e-02
2.857968762814067781e-02
3.879961122157179337e-02
8.986009159439678484e-02
1.714849929215386537e-01
1.173866760949334453e-01
2.914787498267219779e-02
5.314054173988477792e-02
3.624492895327634245e-02
1.662780504767499001e-01
2.662245058554271182e-01
2.384250377541259347e-01
1.195876837776396334e-01
6.120852014688499265e-02
1.630851187209156686e-02
6.912366173872534075e-03
8.745784024337323326e-03
3.133523083742644627e-02
2.662245058554271182e-01
2.662245058554271182e-01
2.662245058554271182e-01
2.662245058554271182e-01
2.662245058554271182e-01
2.662245058554271182e-01
1.543242708042198708e-01
4.238012421378707650e-02
1.777215134287210563e-01
2.662245058554271182e-01
2.662245058554271182e-01
2.662245058554271182e-01
2.007389383173837361e-01
5.865807086425795652e-02
2.016671328549857201e-02
1.357738790705744457e-02
2.651465332795708077e-02
1.496132441518989442e-01
2.473737747991466007e-01
3.123680387772432288e-01
3.123680387772432288e-01
1.779119773821130623e-01
9.106062186314677065e-02
2.426236133746402165e-02
1.028360693622564284e-02
1.301120383282883784e-02
4.661778457368112583e-02
9.929305815932189250e-02
2.153679092718605304e-01
1.535086178275031910e-01
1.250720515896437124e-01
9.595976654160115471e-02
8.999114206025783658e-02
1.934226209546118999e-02
2.603532395418353684e-02
7.716625589998991896e-02
3.123680387772432288e-01
3.123680387772432288e-01
3.123680387772432288e-01
2.986416353713968186e-01
8.726628902926834852e-02
3.000225210977823520e-02
2.019923669330437807e-02
3.944615577595206313e-02
2.225813500921254851e-01
1.560302952355153983e-01
2.369532211550113010e-01
1.374941599602959030e-01
1.460691881381588342e-01
4.118258257283746726e-02
2.654582451935385071e-02
1.952892680989518417e-02
9.857659533455168446e-03
1.239789653145187825e-01
1.907433378578405891e-01
2.473581324463261510e-01
2.473581324463261510e-01
2.402651407378064707e-01
1.843400385637707917e-01
1.728742283943962843e-01
3.715675297148741951e-02
5.001421736112507399e-02
1.482374447238687110e-01
1.164626028222242177e-01
1.063703974546584829e-01
2.473581324463261510e-01
1.907996061438048951e-01
7.327364862072476004e-02
2.151723042905934538e-02
3.436651278386294254e-03
4.575594716008074547e-02
1.275564823253269031e-01
2.473581324463261510e-01
2.473581324463261510e-01
2.473581324463261510e-01
2.473581324463261510e-01
7.911231064053672601e-02
5.099489600658139998e-02
3.751533846932041116e-02
1.893670028634198213e-02
2.381653068868904155e-01
2.473581324463261510e-01
2.473581324463261510e-01
2.473581324463261510e-01
6.221760131947511735e-02
8.887226568661432680e-02
6.257165608198696216e-02
8.203847758542684443e-02
4.174801727755609454e-02
1.652561284611782921e-01
1.717165973861059514e-01
1.568362914007971898e-01
2.669863182702161275e-01
2.669863182702161275e-01
1.080372695982280418e-01
3.172576865803802132e-02
5.067120686182129824e-03
6.746419336429414215e-02
1.880738072880019096e-01
1.727548060671676711e-01
2.669863182702161275e-01
2.512434460418216386e-01
1.977976793430584468e-01
1.078358368595279532e-01
6.494646339807953750e-02
2.790382970005403016e-02
2.560628865723037911e-02
5.489955249242664537e-02
2.669863182702161275e-01
2.669863182702161275e-01
2.669863182702161275e-01
9.173584083823005386e-02
1.310364245335860767e-01
9.225787175316406408e-02
1.209604446777619996e-01
6.155475921709598064e-02
2.436595043292267837e-01
1.769439640162624450e-01
2.669863182702161275e-01
2.669863182702161275e-01
1.453306759732860831e-01
6.050810058127868013e-02
3.122168248606032800e-02
1.835927183842511745e-02
1.311465310683031932e-02
3.442918881610633475e-02
1.286082910127955559e-01
2.061892670673634020e-01
1.870396023080317938e-01
1.472515994531413130e-01
8.027899775503996582e-02
4.834976146310250578e-02
2.077316360762056918e-02
1.906274620288323993e-02
4.087028189926646821e-02
2.027633926325823621e-01
1.331336950902698157e-01
1.392522859982273653e-01
1.187781340564964538e-01
1.848365203424568171e-01
1.358399368274305630e-01
3.852658291159746090e-02
5.597146987833052922e-02
1.222040906394989551e-01
1.317269333063493253e-01
2.653070975790363106e-01
2.552835246519788992e-01
1.081922424861028326e-01
4.504559719839566073e-02
2.324315785180043614e-02
1.366766360445668266e-02
9.763277570635693972e-03
2.563100405365692849e-02
3.554805829226648783e-01
3.554805829226648783e-01
3.538049593079690136e-01
1.456062051608820185e-01
6.059588587361101203e-02
3.647345163175042676e-02
3.311670333850118969e-02
9.394414591319168173e-02
3.554805829226648783e-01
1.076479819054845799e-01
7.068126753065931411e-02
7.392965450424081320e-02
6.305983668782980112e-02
9.813052612190412138e-02
7.211802323774905987e-02
2.045393325837140119e-02
2.971550090209774606e-02
6.487869218964273377e-02
3.262266868012832499e-01
3.063110755412172814e-01
1.191751269808802027e-01
1.048572981116940167e-01
2.070056301880427232e-02
3.690181928924032850e-02
1.717959984944113574e-02
5.900717575297037554e-02
3.262266868012832499e-01
3.262266868012832499e-01
3.262266868012832499e-01
1.878366176614012784e-01
7.730297828902173152e-02
3.217062380628707419e-02
1.936391678156560228e-02
1.758180426686853717e-02
4.987536254985903278e-02
2.871230674215045076e-01
3.262266868012832499e-01
3.262266868012832499e-01
1.014767989490146238e-01
4.765468451696400209e-02
7.018762061273021990e-02
1.491924647155544112e-02
1.276648211927334207e-02
4.860481713571204038e-02
2.057929200617050203e-01
3.305478873359098402e-01
3.305478873359098402e-01
1.355800860052701340e-01
1.192913475858477373e-01
2.355008285325569869e-02
4.198151040182081933e-02
1.954444424881578504e-02
6.712976244446812457e-02
3.305478873359098402e-01
8.690618668330155061e-02
1.310991153745179327e-01
9.429998562914072846e-02
1.481298579669680648e-01
2.400586129684932624e-01
2.184615464241382865e-01
7.292458510328496402e-02
3.656722716043001638e-03
5.287426603957891963e-02
3.305478873359098402e-01
3.305478873359098402e-01
1.154455084512240742e-01
5.421455289408304290e-02
7.984924270905903454e-02
1.697294369211646559e-02
1.452384224430921383e-02
5.529547527637627968e-02
2.341211837409495344e-01
7.787346550298289427e-02
1.009814892314583323e-01
2.028247300426347655e-01
1.067610925265110311e-01
1.898662361131970566e-01
2.178454179809521940e-01
5.881896619638692786e-02
4.729064887933329131e-02
7.619738130827549694e-02
2.579697000056443978e-01
2.288356676691502278e-01
2.579697000056443978e-01
2.316544102844532438e-01
2.579697000056443978e-01
2.579697000056443978e-01
1.298492749590027528e-01
3.565886540824175083e-02
1.495358412716055740e-01
2.302683092675162080e-01
2.550434235488714951e-01
2.579697000056443978e-01
1.689028268898809249e-01
4.935521763702658410e-02
1.696838147869916130e-02
1.142408751637744718e-02
2.230957251560454491e-02
1.258853916895171787e-01
2.579697000056443978e-01
1.761487784113262012e-01
9.895639787022798839e-02
5.861093222989863238e-02
1.101808642091600260e-01
1.098220397085995642e-01
1.166421623451715552e-02
1.147214828551751040e-02
1.514431635057551240e-01
2.579697000056443978e-01
2.112149355211950241e-01
5.292109242584443207e-02
1.458555678950461051e-02
4.028656455778665407e-02
9.024476532592404232e-02
3.837244465814722977e-02
6.905111325237374420e-02
2.579697000056443978e-01
2.649693241633278018e-01
2.649693241633278018e-01
2.649693241633278018e-01
2.061891158821612391e-01
6.025067120626056982e-02
2.071425114350071081e-02
1.394602179333578537e-02
2.723454140705712859e-02
1.536753297318327049e-01
1.077269369538311761e-01
1.635980030534664731e-01
9.492915897650197610e-02
1.008495574382213406e-01
2.843341076630985856e-02
1.832785331891737327e-02
1.348322429339799365e-02
6.805956916699736244e-03
8.559795493483335349e-02
2.649693241633278018e-01
2.578418704893328806e-01
6.460373375465826296e-02
1.780540393819295478e-02
4.918005980749690087e-02
1.101668262052053482e-01
4.684338672116416386e-02
8.429455121830711772e-02
2.649693241633278018e-01
2.649693241633278018e-01
2.251852357129882354e-01
1.958195225213662516e-01
2.649693241633278018e-01
2.649693241633278018e-01
2.649693241633278018e-01
8.015656296995422869e-02
3.577919541086111571e-02
1.978824342516012358e-01
1.795894875676076474e-01
2.727310584171498409e-01
1.582545600746113612e-01
1.681243415424712728e-01
4.740078771114900058e-02
3.055400885638556718e-02
2.247762175441996371e-02
1.134607879551198344e-02
1.426986907663597981e-01
2.009741205940926423e-01
2.394193410439524883e-01
1.716853759522405654e-01
3.727818449699291797e-02
5.324854457052750206e-02
3.749031930256319783e-02
4.915402455936018072e-02
2.501366586707738995e-02
9.901456043607143043e-02
2.747087864587777206e-01
2.747087864587777206e-01
2.747087864587777206e-01
2.747087864587777206e-01
2.747087864587777206e-01
2.747087864587777206e-01
1.336274517405444673e-01
5.964680284348629347e-02
2.747087864587777206e-01
2.066538314889411754e-01
2.292053642360102339e-01
9.716328263401531606e-02
5.651993078527576403e-02
2.083415205466461820e-02
1.271980591081841791e-02
5.912085375091214248e-03
2.533868837960720835e-02
1.067521322710694581e-01
2.722903865721293393e-01
2.722903865721293393e-01
2.722903865721293393e-01
8.519017723350243154e-02
1.216865308919540672e-01
8.567495947082903740e-02
1.123295063977595015e-01
5.716261822374493068e-02
2.262735716898092719e-01
1.643184116176103493e-01
2.722903865721293393e-01
2.722903865721293393e-01
1.349608389752655346e-01
5.619064223406072811e-02
2.899390947106443572e-02
1.704927547948839606e-02
1.217887809517061853e-02
3.197254933785385195e-02
2.722903865721293393e-01
2.722903865721293393e-01
2.220429288569124582e-01
1.291624843267604739e-01
4.761136117532197010e-02
2.906800678573235458e-02
1.351062579145306287e-02
5.790537771755899232e-02
2.439559005069116826e-01
1.711381382750041258e-01
2.676366535506837785e-01
1.606011394326768982e-01
1.715297583406408533e-01
1.427452667591474489e-01
1.392982605830817011e-01
6.998403553859722237e-02
1.954378355871561751e-02
2.236874906287716902e-02
7.033881274143455320e-02
1.416672034122716806e-01
1.363148718774843393e-01
5.777188987317792568e-02
2.405319661390249372e-02
1.241125172067291706e-02
7.298182738764634817e-03
5.213340472950120374e-03
1.368630051010399917e-02
3.658014000049212289e-01
3.658014000049212289e-01
1.889227977537268899e-01
7.774998887268956549e-02
3.235665298191391093e-02
1.947589016130086073e-02
1.768347244009055991e-02
5.016377077703886023e-02
2.887833792593319515e-01
7.325809288527194985e-02
1.145656428365097457e-01
6.874758197458995246e-02
7.342573137563608576e-02
6.110412393507903828e-02
5.962858434368445426e-02
2.995765308451732098e-02
8.365992090981830623e-03
9.575258402907011260e-03
3.658014000049212289e-01
3.658014000049212289e-01
3.658014000049212289e-01
1.714879109281679526e-01
1.641936218321124741e-01
1.304006854014654881e-01
5.295300045847962933e-02
4.558796754784816274e-02
1.959833071196852849e-01
2.877194758679275099e-01
2.607437030022933810e-01
1.123458850076091281e-01
4.623524218935486790e-02
1.924138779627777157e-02
1.158164150911304702e-02
1.051575238621749696e-02
2.983066781919968546e-02
1.717295355781786048e-01
2.877194758679275099e-01
2.877194758679275099e-01
6.069370779566038432e-02
2.850247078270770965e-02
4.197951630778241905e-02
8.923265172475325357e-03
7.635687599044265958e-03
2.907074916876907153e-02
1.230856263303731629e-01
2.877194758679275099e-01
2.877194758679275099e-01
2.877194758679275099e-01
1.019779579299132655e-01
9.764029527754265747e-02
7.754479915189302353e-02
3.148932670408152723e-02
2.710959514021982208e-02
1.165445269013054147e-01
1.010363085055963339e-01
2.332989179366342924e-01
2.877194758679275099e-01
2.877194758679275099e-01
1.283704959819589597e-01
2.337769503206582611e-01
1.276206931344105178e-01
3.257103473119459663e-02
8.506089054101163838e-02
2.940933504702202828e-01
2.940933504702202828e-01
7.723228526649919545e-02
3.626917903419858702e-02
5.341861778733055649e-02
1.135478761043013859e-02
9.716354862363878186e-03
3.699230899308725284e-02
1.566255308862972706e-01
5.209683584145962526e-02
6.755595161378678826e-02
1.356884093621692211e-01
7.142246817557490468e-02
1.270192622189923459e-01
1.457371507234785091e-01
3.934950122619310792e-02
3.163713282296859441e-02
5.097554654754998804e-02
1.285679403052744918e-01
2.940933504702202828e-01
2.940933504702202828e-01
2.940933504702202828e-01
1.633504876462585076e-01
2.940933504702202828e-01
1.623963691796382336e-01
4.144639596338084431e-02
1.082393414718287039e-01
0.000000000000000000e+00
1.182428678081786921e-01
2.850911878279587808e-01
1.355966376584983035e-01
2.940933504702202828e-01
2.940933504702202828e-01
4.050530077497828396e-02
8.490465074851094932e-03
1.128865268063085694e-02
3.068153463360966948e-01
2.374461702648958117e-01
1.333918855947291704e-01
7.900674372630184239e-02
1.485223143691093706e-01
1.480386237967209195e-01
1.572320568446041594e-02
1.546430068760540170e-02
2.041433356027737012e-01
3.068153463360966948e-01
2.847148756555323290e-01
7.133691664559035917e-02
1.966113323114781347e-02
5.430574400600468588e-02
1.216487227805668619e-01
5.172553627651421682e-02
9.307996650432347197e-02
3.068153463360966948e-01
1.621378338300723532e-01
8.522626812205151559e-02
1.473715431375526574e-01
8.310212670675988511e-02
3.068153463360966948e-01
3.068153463360966948e-01
3.092084095990399462e-02
1.056629144525930188e-03
2.705677032093306220e-02
2.093296447579729436e-01
1.176895680742692657e-01
4.204256854230951218e-02
2.943282641160334390e-02
4.032776256498468714e-02
1.016187171551324597e-01
9.797858618216441495e-02
8.536868831596372553e-02
3.068153463360966948e-01
2.937759254699853773e-01
2.144998968910942494e-01
5.374415800992724673e-02
1.481240149863355220e-02
4.091312918955247735e-02
9.164831459292903382e-02
3.896923956784224125e-02
7.012504412294810752e-02
2.937759254699853773e-01
2.288112370462875578e-01
1.873326847581608390e-01
1.629032061797506814e-01
2.464477724296914307e-01
2.768489347308717430e-01
2.717824616815319172e-01
6.668263172141002115e-02
2.976488540015275949e-02
1.646193524076347281e-01
1.577057999286244905e-01
8.866554709853161076e-02
3.167423759155072599e-02
2.217424788910820135e-02
3.038232860900276847e-02
7.655801019105493155e-02
7.381559036991290623e-02
6.431548333869559209e-02
2.937759254699853773e-01
4.197578959220710226e-02
1.705252876853896550e-03
3.507157461678682420e-02
1.002947973376041441e-01
2.937759254699853773e-01
2.937759254699853773e-01
2.801076381865586495e-01
1.556880456202507264e-02
5.321829821517402859e-02
2.961287244145984765e-01
2.424469606244643305e-01
2.108301990400020809e-01
3.189540226543163826e-01
3.190511867344575925e-01
3.190511867344575925e-01
8.630101793591074544e-02
3.852187357437719673e-02
2.130512446491799883e-01
1.334638637910998127e-01
1.480283878221794192e-01
6.275125423772417999e-02
3.650243641484144513e-02
1.345538290769906185e-02
8.214870400898143660e-03
3.818219829448224814e-03
1.636456111253854762e-02
6.894404975790602297e-02
5.432529096340352193e-02
2.206947376124340342e-03
4.538981908646168295e-02
1.298020621032574540e-01
3.190511867344575925e-01
3.190511867344575925e-01
3.190511867344575925e-01
2.014922997282693473e-02
6.887540563747363009e-02
1.521122112655774739e-01
1.157084289731527826e-01
2.490657381175274618e-02
4.757154944086747217e-02
9.337291863558271066e-02
7.549008938231616117e-02
2.765823465302589754e-02
3.573875843126830820e-02
1.043635556883867749e-01
2.482063319882125974e-01
2.482063319882125974e-01
1.783282729283934831e-01
1.037336468029336628e-01
3.823788424100862254e-02
2.334524893116901589e-02
1.085072411886729184e-02
4.650526839471163382e-02
1.959271327938719442e-01
1.374453525175250712e-01
2.149457424549839346e-01
1.289828231540632308e-01
1.377598724633239680e-01
1.146423217388988086e-01
1.118739441944491680e-01
5.620594294268080326e-02
1.569610519215410352e-02
1.796490619398224270e-02
2.482063319882125974e-01
2.482063319882125974e-01
7.078019947756353236e-02
1.351901624177838379e-01
2.482063319882125974e-01
2.145298516545910417e-01
7.859994637297997022e-02
1.015634053067538817e-01
2.482063319882125974e-01
1.147353643381529148e-01
2.482063319882125974e-01
2.482063319882125974e-01
2.071070344202268765e-01
2.482063319882125974e-01
2.482063319882125974e-01
1.153441717673717587e-01
2.698117705508073366e-02
1.127529416004350721e-01
4.100277469571215333e-02
6.412273451414460257e-02
3.847822818693419356e-02
4.109660246244770110e-02
3.420016175704487099e-02
3.337429781440436061e-02
1.676738844076189339e-02
4.682470909389473655e-03
5.359300897478766652e-03
4.046050918392521401e-01
4.046050918392521401e-01
3.978438733568293029e-01
9.598229899101916318e-02
9.189966346787845075e-02
7.298565541497556430e-02
2.963795345670938025e-02
2.551572240799695676e-02
1.096924458371284217e-01
3.422791827746874543e-02
8.640700783285598652e-02
9.949508061808903792e-02
6.178428673422690226e-02
1.039563039725672489e-01
7.633979419969409708e-02
3.440953805140874178e-02
8.049039880584786533e-03
3.363652081384087972e-02
4.046050918392521401e-01
4.046050918392521401e-01
1.409909194670074251e-01
3.236430988449316010e-02
9.970672787879202026e-02
5.405010077659165579e-02
2.770266139797024612e-03
3.006783499301919280e-02
2.504092018298864075e-01
3.290041376769327064e-01
3.290041376769327064e-01
2.943980871895846563e-01
7.102536225729662311e-02
6.800427743182575757e-02
5.400821474301112368e-02
2.193161033811708363e-02
1.888122545860434348e-02
8.117065109265528267e-02
7.036952453668399166e-02
1.624874678513663073e-01
2.906350982580093167e-01
3.290041376769327064e-01
8.940717352404460583e-02
1.628204066935949046e-01
8.888495264465337553e-02
2.268499573670619898e-02
5.924300395145935816e-02
3.290041376769327064e-01
3.290041376769327064e-01
1.043310197338628009e-01
2.394907037982717604e-02
7.378137991613974156e-02
3.999620792642205602e-02
2.049952524544308881e-03
2.224971578219468726e-02
1.852987942515559594e-01
3.290041376769327064e-01
1.171475431454925831e-01
6.233065837516015180e-03
5.282649333532229291e-02
5.618801236057297671e-02
5.259112627712476951e-02
1.984128384669761949e-02
2.299570418567578947e-03
7.342787237102044173e-02
1.300748472507103626e-01
3.003506517924975361e-01
3.069499284078792134e-01
3.069499284078792134e-01
1.652650705803088982e-01
3.009660740130091217e-01
1.642997691722748732e-01
4.193217695817789969e-02
1.095079829002129634e-01
0.000000000000000000e+00
1.196287576211859383e-01
2.884326576376209927e-01
1.371859258945871407e-01
3.069499284078792134e-01
3.069499284078792134e-01
4.098005147036824086e-02
8.589979314255527174e-03
1.142096365246928792e-02
3.069499284078792134e-01
2.165418749206174942e-01
1.152153708663841702e-02
9.764735653145732719e-02
1.038609706864300486e-01
9.721229129058117646e-02
3.667570560707381772e-02
4.250650731361686405e-03
1.357280633269888348e-01
1.121359213508798108e-01
8.509850238844741954e-02
7.929808534605153891e-02
7.093019815593329391e-02
1.045307696523121027e-01
7.323303641058152846e-02
9.240004943469022972e-03
3.777057978456821105e-03
2.876156832329605784e-02
2.294624944959110235e-01
1.206148597023880553e-01
2.085647816258327236e-01
1.176087088472722725e-01
3.086867744237342670e-01
3.086867744237342670e-01
4.376013377609921928e-02
1.495374358547961772e-03
3.829158108372800184e-02
2.962498099515034622e-01
1.665579293156892460e-01
5.949994782121208192e-02
4.165424940578548590e-02
5.707310118191479681e-02
1.438139623249752586e-01
1.386623359980534709e-01
1.208164171809216481e-01
3.086867744237342670e-01
8.629715626846001146e-04
2.052174560768001144e-02
2.687521539739534324e-02
8.128784437981820266e-02
3.086867744237342670e-01
3.086867744237342670e-01
1.952624580704617752e-02
3.845639311447601738e-03
9.856420911356331832e-03
0.000000000000000000e+00
9.211541682310472401e-04
2.958039522804813484e-02
1.265614588012979880e-01
3.086867744237342670e-01
3.086867744237342670e-01
3.715694130547088359e-02
2.754039227861966067e-03
6.452774142531233223e-04
1.815076007058870067e-01
1.020474245488306730e-01
3.645468252932077685e-02
2.552090369302319195e-02
3.496779175004195023e-02
8.811255357053643378e-02
8.495623311758515595e-02
7.402231924462809864e-02
3.175310895842567982e-01
4.831099972267904191e-02
1.962618739543156490e-03
4.036476378517163399e-02
1.154318232827880736e-01
3.175310895842567982e-01
3.175310895842567982e-01
3.175310895842567982e-01
1.791853161514023532e-02
6.125028773233703178e-02
0.000000000000000000e+00
5.643766758304915102e-04
1.812344307209449654e-02
7.754221591777929468e-02
2.482186735123375065e-01
3.175310895842567982e-01
2.276547372985500417e-02
1.687356533936511640e-03
3.953513261998592280e-04
3.175310895842567982e-01
7.763559241719334390e-03
1.426661585621982233e-02
8.009889984828995335e-02
3.175310895842567982e-01
3.175310895842567982e-01
9.366788641574926022e-03
5.949323297351465784e-03
1.724159321609260720e-01
4.588908058859848121e-02
1.864229057990504559e-03
3.834120405105052171e-02
1.096450140034273824e-01
3.371569211522216225e-01
3.371569211522216225e-01
3.062213267957519802e-01
1.702024271980687870e-02
5.817969832871414115e-02
1.284906053421472905e-01
9.773999048631089315e-02
2.103881548657226055e-02
4.018413205530849130e-02
7.887297632602423281e-02
6.376718345860794834e-02
2.336316909533135006e-02
3.018886299005247437e-02
8.815687007959693844e-02
3.371569211522216225e-01
7.374357759985945490e-03
1.355140420423375097e-02
7.608339490583461429e-02
3.371569211522216225e-01
3.371569211522216225e-01
8.897214325867498427e-03
5.651072795159461752e-03
1.637724048582845648e-01
3.371569211522216225e-01
8.488770792636539386e-02
2.059804824669028006e-02
3.307019779289394057e-02
1.268446129536143253e-02
1.315454538225663793e-02
2.155525950272809549e-02
3.333260169088624741e-02
3.371569211522216225e-01
2.273236966294848449e-01
1.729201593121513225e-01
3.722156414765112609e-02
7.109317774895500264e-02
1.395409142548447168e-01
1.128159668083251466e-01
4.133377650131088432e-02
5.340969414585437780e-02
1.559658430779114757e-01
6.033650307909093485e-02
1.523170837296887459e-01
1.753885582349147543e-01
1.089124899901684346e-01
1.832527413407034622e-01
1.345707381456224261e-01
6.065665991599584334e-02
1.418873667985585951e-02
5.929399577274861027e-02
3.822330904856103828e-01
1.501820892884814795e-01
3.644176520393582058e-02
5.850730946850754566e-02
2.244116310088975497e-02
2.327282898085944116e-02
3.813524933531216993e-02
5.897155060071140181e-02
3.822330904856103828e-01
3.405338550661128338e-01
3.513674758065664094e-01
2.202365280936643133e-01
2.235360255288863229e-01
6.972934615862344532e-02
4.682867453460896195e-02
9.801728460496903633e-03
5.685182467950757046e-02
2.204102639677834596e-01
2.615233818234509108e-02
6.602052955282755597e-02
7.602066169232366000e-02
4.720718180784359147e-02
7.942932420365413082e-02
5.832852873191651799e-02
2.629110740897978513e-02
6.149985847629032241e-03
2.570047235914198897e-02
3.535689279703956300e-01
3.535689279703956300e-01
1.077261601669817770e-01
2.472842111740817042e-02
7.618237385642319393e-02
4.129776467386708783e-02
2.116662087240126638e-03
2.297376611612443956e-02
1.913287883048725713e-01
1.476014698523833157e-01
1.522972095602715958e-01
9.545962839876656614e-02
9.688976717635855440e-02
3.022358520817347571e-02
2.029748610811465265e-02
4.248474876550534761e-03
2.464193430886972916e-02
9.553493271874702319e-02
3.535689279703956300e-01
3.535689279703956300e-01
2.223164562812878775e-01
1.601422525267817976e-01
3.535689279703956300e-01
3.535689279703956300e-01
3.933869221439278974e-02
1.127799849672976584e-02
1.327214590954055862e-01
3.180260855911249962e-01
3.180260855911249962e-01
9.184462012692938548e-02
2.108283113727105543e-02
6.495117969827608750e-02
3.520943754686245430e-02
1.804612965303000003e-03
1.958685632672438337e-02
1.631221223699823031e-01
3.180260855911249962e-01
1.031272542571407408e-01
5.487088744393736096e-03
4.650418663017899523e-02
4.946339702332142041e-02
4.629698844400495505e-02
1.746666698340582774e-02
2.024356438643270736e-03
6.463998015018093679e-02
3.153300312533666161e-01
3.180260855911249962e-01
1.895414302660563544e-01
1.365332647779750608e-01
3.180260855911249962e-01
3.180260855911249962e-01
3.353918154253961170e-02
9.615338429575879392e-03
1.131549845869796872e-01
8.897671984361094077e-02
6.174092608241348729e-02
5.547680691004420322e-02
9.913940602084923837e-02
3.123833415643919031e-01
1.722654181756589908e-01
2.542253263249757630e-02
3.007483226282474734e-02
9.192713359871143575e-02
3.362865318487867072e-01
2.910433157350840738e-01
1.548553302814647745e-02
1.312430236789057791e-01
1.395944377738685682e-01
1.306582738224999762e-01
4.929401747684904189e-02
5.713091213146578515e-03
1.824254343575333337e-01
1.507163931915381783e-01
1.143767241708016913e-01
1.065806680533229883e-01
9.533380120873713448e-02
1.404946817196537079e-01
9.842893318485083920e-02
1.241903755170516849e-02
5.076558417057748691e-03
3.865701363129850354e-02
2.511080097405296585e-01
1.742437920316890765e-01
1.565653419728887663e-01
2.797889040696225349e-01
3.362865318487867072e-01
3.362865318487867072e-01
7.174687472330472382e-02
8.487648551297402588e-02
2.594345981701386417e-01
1.084155827091255395e-02
1.661104788836966634e-02
2.794897300616980967e-02
6.125517996437936097e-02
1.968486805739810552e-01
2.667588053061746844e-01
8.841475185039564255e-02
4.545105775668592529e-03
1.933554922099744999e-02
1.488326352685452993e-03
3.539288675515721294e-02
4.635041644432524172e-02
1.401933113150502230e-01
3.477758991280417433e-01
3.477758991280417433e-01
3.367599520108643246e-02
6.632392743447170121e-03
1.699890427431506590e-02
0.000000000000000000e+00
1.588671148327727104e-03
5.101591251025437701e-02
2.182745788080271143e-01
3.477758991280417433e-01
3.477758991280417433e-01
6.408282418725616547e-02
4.749761563875003895e-03
1.112879522284621796e-03
1.882707310297357384e-02
1.776813807076730103e-02
4.471404109534467264e-02
1.357984740549766645e-01
3.477758991280417433e-01
2.051768497977239925e-01
3.931930345309028046e-02
1.269098695976837721e-02
4.029218580182882675e-02
2.312515565944965254e-02
5.838061419483595721e-03
0.000000000000000000e+00
6.931438368438383457e-02
3.477758991280417433e-01
3.477758991280417433e-01
4.595766303534431357e-02
3.250395181636756958e-03
2.061271578633232238e-02
0.000000000000000000e+00
7.802890618758282285e-04
2.505689019106797227e-02
1.072073767492643104e-01
3.245444262132767266e-01
3.245444262132767266e-01
3.147481265714570375e-02
2.332884938907031462e-03
5.466000432741236013e-04
3.245444262132767266e-01
1.073364760977124459e-02
1.972456477973951600e-02
1.107421658202611819e-01
3.245444262132767266e-01
3.245444262132767266e-01
1.295022107561162768e-02
8.225343273896472754e-03
2.383767290884684364e-01
1.135811274362119073e-02
2.867412474241391989e-03
0.000000000000000000e+00
3.404433666244930518e-02
2.165650103285334804e-01
2.959503735362399857e-01
2.257248884616655862e-02
1.596458656453081382e-03
1.012410698120916504e-02
3.245444262132767266e-01
3.245444262132767266e-01
5.485646165935702950e-02
3.014271312997257590e-02
1.461882638514911681e-01
1.328114980513716015e-01
1.140159959072936310e-02
3.028715342867928026e-03
1.692558028235571083e-02
2.858782376907115785e-01
6.124362653051679956e-03
1.125436499096226124e-02
6.318683164614515013e-02
3.240396356565211633e-01
3.040250123131653659e-01
7.389086467869323584e-03
4.693184179935547783e-03
1.360120613291820046e-01
3.240396356565211633e-01
7.049876410232396029e-02
1.710656324436678893e-02
2.746461331057225078e-02
1.053437378003466325e-02
1.092477597087987418e-02
1.790152181002903700e-02
2.768253827233628853e-02
3.240396356565211633e-01
3.240396356565211633e-01
3.240396356565211633e-01
3.129978524348887847e-02
1.719871131103668446e-02
8.341152756230818532e-02
7.577906487457354567e-02
6.505480080689961773e-03
1.728112549148636467e-03
9.657331368706672733e-03
3.240396356565211633e-01
3.240396356565211633e-01
1.456194567399178574e-01
9.765917288125966489e-02
2.128723453906374019e-02
1.913398702087980296e-02
1.873186344458572031e-02
7.725034445825952958e-03
1.211515674279401988e-01
3.560359127787589562e-01
6.316307012393568288e-02
1.532655313240961943e-02
2.460680436815298328e-02
9.438227722890601967e-03
9.788006917900366963e-03
1.603879290381424530e-02
2.480205331778959424e-02
3.560359127787589562e-01
1.432205655748905737e-01
1.477769327806428279e-01
9.262632670605126795e-02
9.401401806699878627e-02
2.932653022727068834e-02
1.969504397930442116e-02
4.122377475365338224e-03
2.391054623036761861e-02
9.269939594654474924e-02
3.560359127787589562e-01
3.560359127787589562e-01
1.304671376100002833e-01
8.749732372600871333e-02
1.907220793238310549e-02
1.714301490727078089e-02
1.678273398644377842e-02
6.921212004558227431e-03
1.085452354592901653e-01
3.364894925401544779e-01
3.560359127787589562e-01
3.560359127787589562e-01
8.764677463824843695e-02
7.039641194815579595e-03
6.364622345245368219e-03
1.422801202626733114e-03
7.288566277278604386e-03
6.961331336070793185e-02
1.318518150737454098e-01
1.360465009682567117e-01
8.527371226879004729e-02
8.655124963898992718e-02
2.699861032359042110e-02
1.813166486394468882e-02
3.795145971978607612e-03
2.201254343064396740e-02
8.534098132296849548e-02
3.146024426320796485e-01
3.146024426320796485e-01
1.985944198981664799e-01
1.430544471323455802e-01
3.146024426320796485e-01
3.146024426320796485e-01
3.514109972131388565e-02
1.007459189722141255e-02
1.185595597284122837e-01
3.097791868547212224e-01
3.146024426320796485e-01
3.146024426320796485e-01
8.068943363702675564e-02
6.480839293425287931e-03
5.859402978273437618e-03
1.309860216669416714e-03
6.710004873161594559e-03
6.408745617686592566e-02
1.954465598531210935e-01
3.146024426320796485e-01
1.534969852273493918e-01
2.540540459552052821e-02
4.082854233015017348e-02
3.769408118090113863e-02
1.161403062606050640e-02
4.400660064788297805e-03
5.626338455031088155e-03
3.103797337904896647e-01
3.103797337904896647e-01
2.702961459184412552e-01
1.947036867208745414e-01
3.103797337904896647e-01
3.103797337904896647e-01
4.782865411262467170e-02
1.371198326174745581e-02
1.613650175710346912e-01
1.268855279631172506e-01
8.804583959341541477e-02
7.911287297240511551e-02
1.413780581821321713e-01
3.103797337904896647e-01
2.456596351655146171e-01
3.625388169965966523e-02
4.288830805156643861e-02
1.310929746714648569e-01
2.660117635148333548e-01
3.103797337904896647e-01
2.089164616927663698e-01
3.457792495473460681e-02
5.556952527148731336e-02
5.130337938175114770e-02
1.580723022536384414e-02
5.989500891411787299e-03
7.657705593175434880e-03
2.994513954287138322e-03
1.693106695404235015e-02
4.702595316549569929e-03
3.633922358687369236e-02
1.461492106490310805e-01
8.244243091989041095e-02
1.470883463667823840e-02
1.760955665897101811e-03
5.821619939949402266e-03
3.141205951945081343e-01
2.181022186279257535e-01
1.959739744318507171e-01
3.141205951945081343e-01
3.141205951945081343e-01
3.141205951945081343e-01
8.980608361603341361e-02
1.062405126970260988e-01
3.141205951945081343e-01
1.357045714340245589e-02
2.079216915532497781e-02
3.498393228212707401e-02
7.667355316885143823e-02
2.463969216151876140e-01
3.141205951945081343e-01
1.106693863417629459e-01
5.689141874228930557e-03
2.420244723968158554e-02
7.417842116768812513e-03
4.194069002541212648e-02
1.164900552467964569e-02
9.001748775539113179e-02
3.141205951945081343e-01
2.042217687484273181e-01
3.643590069110681784e-02
4.362140669123645842e-03
1.442099059733985278e-02
4.326569266388733716e-03
1.320485603055690862e-02
1.382872364867237733e-02
1.388054142747001951e-01
1.587502548392558388e-01
1.552809794886057526e-01
1.965292015162126149e-02
1.092986473750396552e-03
2.868834852061964615e-03
3.367308472791735036e-02
3.177913079966655091e-02
7.997311563491583952e-02
2.428818063097066549e-01
3.444208016710675890e-01
3.444208016710675890e-01
7.032437965142268599e-02
2.269841290995355462e-02
7.206442440400795402e-02
4.136040273535334516e-02
1.044164091517802394e-02
0.000000000000000000e+00
1.239719579300400665e-01
3.444208016710675890e-01
3.444208016710675890e-01
8.219739057802905036e-02
5.813481030844991175e-03
3.686678865851015369e-02
3.222189753659204098e-02
5.048840908373102704e-02
6.638012691716452252e-02
1.480014209932459801e-01
2.249774557322821444e-01
2.109188793609072243e-01
6.644449951214863315e-02
1.636416468774564217e-02
6.396944536900184275e-02
6.221629939219821409e-02
6.767259716797195679e-02
1.097306584048032690e-01
3.180512736978495236e-01
3.444208016710675890e-01
2.115685220728728833e-01
5.533239793991111266e-02
9.495263353283144372e-03
3.598999197164732319e-03
1.719030155552332337e-02
4.339777763164166802e-03
0.000000000000000000e+00
5.152549782655867217e-02
3.277672900379756671e-01
3.726257265970615018e-01
3.416306026212053565e-02
2.416211772573453268e-03
1.532265578937000439e-02
3.726257265970615018e-01
3.726257265970615018e-01
8.302427872297243883e-02
4.562046002729328031e-02
2.212533363781651052e-01
2.010078393372232430e-01
1.725611812490966679e-02
4.583906784952435955e-03
2.561656461979720106e-02
2.585847519580428133e-02
2.812623367829383478e-02
4.560649759467516606e-02
1.321891699161572287e-01
1.689797938276273448e-01
8.793257448096285234e-02
2.299737293332145341e-02
3.946442239367436121e-03
1.495823962189461861e-03
3.726257265970615018e-01
1.751813343407696011e-02
4.579511132711917842e-02
1.070999321006818050e-01
1.177690041513597408e-01
9.102508162805351966e-02
2.606543410761398560e-02
8.938108433148629975e-03
3.726257265970615018e-01
3.511502270996160191e-01
3.511502270996160191e-01
3.649503403942630508e-02
2.005341410005745048e-02
9.725646722449099446e-02
8.835714144871839593e-02
7.585282619054987442e-03
2.014950767697642163e-03
1.126028930515702436e-02
3.511502270996160191e-01
3.511502270996160191e-01
1.697898879875411049e-01
1.138689869862670873e-01
2.482056483981762499e-02
2.230991370083640346e-02
2.184104423445687448e-02
9.007262920911134063e-03
1.412607320726679827e-01
3.494975408083224599e-01
7.700456852110567491e-03
2.013018568097589556e-02
4.707798402773877289e-02
5.176779469092791103e-02
4.001195196819215538e-02
1.145759914619513473e-02
3.928929905001215736e-03
1.966622765687838226e-01
3.511502270996160191e-01
8.350059846866512980e-02
3.479340384715833706e-02
2.798692284190868601e-02
6.144614663097089889e-03
8.542430406623250858e-03
3.738875397186212750e-03
2.297091435639113388e-02
3.511502270996160191e-01
3.329979045482375777e-01
3.329979045482375777e-01
9.374142748038422068e-02
6.286735630935352814e-02
1.370349675432184014e-02
1.231735989739298626e-02
1.205849587668282596e-02
4.972932687011974440e-03
7.799040819431876659e-02
2.417697355877792831e-01
3.329979045482375777e-01
3.329979045482375777e-01
6.297473769372541330e-02
5.058024776510068425e-03
4.573019650360752447e-03
1.022291269650834689e-03
5.236878953839453101e-03
5.001758669358494225e-02
3.329979045482375777e-01
4.610089204189486006e-02
1.920952644584726296e-02
1.545165103222402928e-02
3.392457328659570677e-03
4.716297477783027055e-03
2.064242582745812963e-03
1.268230003459195308e-02
3.241637662348557103e-01
2.866131292447403611e-01
3.329979045482375777e-01
2.415735962666966385e-01
2.911996663756958800e-02
2.516361027292979627e-02
1.220060637801597021e-02
7.049994421802254982e-03
2.541405384128717602e-03
1.192411830213180486e-02
3.132400602582873783e-01
3.797320546524933782e-01
3.797320546524933782e-01
8.159090128454229984e-02
6.553243655290699569e-03
5.924864612846689367e-03
1.324494060964406762e-03
6.784969487921899134e-03
6.480344544275791485e-02
1.976301016452021719e-01
3.797320546524933782e-01
1.552118636189376011e-01
2.568923544279016341e-02
4.128468148427307666e-02
3.811520192937810358e-02
1.174378333833935376e-02
4.449824527807900477e-03
5.689196277456745610e-03
3.713397529147847154e-01
3.797320546524933782e-01
3.129859395652834775e-01
3.772821309538910983e-02
3.260230557412668179e-02
1.580726664462855230e-02
9.134065817365907836e-03
3.292678356659684696e-03
1.544904504447624886e-02
8.247477572575085672e-04
4.071904063202602328e-03
1.108069246395575885e-02
2.877575581143598793e-02
7.452159730555808770e-02
3.865619873443380816e-02
4.095208672816116544e-03
5.187956648718426494e-04
1.218674828856561180e-03
3.929288093776253099e-01
3.929288093776253099e-01
3.929288093776253099e-01
1.016837856204221568e-01
1.634140771064645781e-01
1.508685624567204231e-01
4.648454213469129653e-02
1.761340871127811680e-02
2.251912151756056343e-02
8.806008902029356308e-03
4.978942445891690327e-02
1.382898755936344537e-02
1.068632610446537956e-01
3.929288093776253099e-01
2.424396051139194597e-01
4.325447492526404702e-02
5.178466858625958152e-03
1.711971885855848030e-02
3.264537565808843435e-03
1.611751430873447494e-02
4.385987895746921994e-02
1.139009291075216146e-01
2.949732833188115078e-01
1.530099497809608022e-01
1.620975920769947287e-02
2.053510206059413600e-03
4.823789727585448689e-03
3.978358636555131070e-03
1.042754648754145100e-02
1.877572724629325562e-02
1.999847633805808961e-02
2.744408786405885814e-01
2.029512040885549651e-01
3.504348312775681928e-02
2.561344301178156754e-03
3.397075359448230129e-03
1.708412501384094437e-02
9.659412808761778935e-02
2.682897041184805972e-02
2.073204026233561037e-01
3.177556121617750029e-01
3.177556121617750029e-01
8.391597887903155806e-02
1.004650076749412889e-02
3.321316392424064623e-02
9.964575824677248186e-03
3.041226918349044378e-02
3.184910650251045194e-02
3.177556121617750029e-01
3.177556121617750029e-01
3.177556121617750029e-01
4.526288635859836845e-02
2.517270826481641209e-03
6.607249451413202759e-03
7.718227071192107144e-03
2.022999406004941797e-02
3.642590815772765722e-02
3.879810634383860923e-02
3.177556121617750029e-01
3.177556121617750029e-01
6.798621865315797319e-02
4.969143993794116962e-03
6.590506637902413499e-03
1.216191729863909735e-02
1.626875784568999200e-02
1.042959738541056336e-02
1.247651328529134490e-01
3.177556121617750029e-01
3.177556121617750029e-01
3.861740179603879997e-02
2.197688590478169991e-03
4.786205875992226647e-04
4.337363382098053527e-02
6.796203623063314103e-02
8.935374816537949849e-02
1.992235073013883806e-01
2.810504243529387547e-01
2.810504243529387547e-01
8.944039959116151239e-02
2.202766879717317494e-02
8.610874936882317865e-02
8.374885384913031972e-02
9.109353184259375014e-02
1.477075455031819917e-01
2.810504243529387547e-01
2.810504243529387547e-01
2.810504243529387547e-01
7.448249017479545431e-02
1.278149665926340411e-02
4.844583504821613727e-03
2.795812580962881225e-02
4.887099841446389259e-02
2.191888339887611836e-01
2.810504243529387547e-01
2.810504243529387547e-01
2.810504243529387547e-01
7.015307386080910090e-02
1.943277913651684022e-02
1.598438905294017123e-02
2.061835928202344903e-02
2.777351253013861029e-02
5.164599295260967338e-02
1.806647767801933813e-01
2.810504243529387547e-01
2.810504243529387547e-01
5.782237787884460245e-02
1.067873244834575616e-02
2.096618255486753721e-02
5.418915309164337724e-02
5.894147938513027291e-02
9.557320999857395194e-02
2.770163016729689787e-01
3.541149216178608450e-01
1.842719535552654331e-01
4.819341253314032153e-02
8.270184574189791069e-03
3.134656358174802739e-03
4.152297052989092352e-01
3.671109016872975417e-02
9.596846990253972420e-02
2.244391663762966560e-01
2.467973284226716302e-01
1.907526273754251156e-01
5.462285724746907684e-02
1.873074582186457643e-02
4.152297052989092352e-01
1.334097574212566098e-02
1.797067127747905071e-02
3.341720501298493795e-02
1.168979728946002994e-01
2.996270193862227149e-01
1.891770665255929629e-01
3.741359484923985346e-02
6.909604619909876649e-03
1.356603253651402462e-02
7.733361036700742153e-02
9.176231752610081172e-02
4.461410767967160379e-02
1.065701552788464873e-01
2.088011218555813064e-01
1.461867372474842663e-01
4.199926698238611728e-02
3.134215154521706459e-02
4.036100518041024071e-02
3.992753740815173091e-01
9.857797373520714099e-03
2.576980760304105333e-02
6.026723299827273922e-02
6.627092915887444757e-02
5.122159926308463007e-02
1.466753115294175749e-02
5.029648973054444590e-03
2.517586827201048205e-01
3.992753740815173091e-01
1.068939150079398215e-01
4.454103589533860846e-02
3.582766838155551636e-02
7.866074370713923777e-03
1.093565611017140345e-02
4.786349274874717244e-03
2.940638764149916540e-02
3.992753740815173091e-01
2.076590636935415554e-02
2.464035604879639962e-02
1.197994479284771735e-02
2.861661127400558918e-02
5.606804758877440009e-02
3.925460202512084940e-02
1.127779812165372909e-02
8.416110166243518168e-03
1.083788601840561527e-02
3.992753740815173091e-01
2.580930952445834037e-01
5.491755380707440126e-02
9.751880707324903086e-02
9.665997389407990359e-02
1.212201700957483974e-01
3.829962848703689221e-02
2.140346620548946865e-02
3.992753740815173091e-01
3.267096002563737445e-01
4.958759272658792849e-02
2.066238052403945522e-02
1.662028963871202761e-02
3.649035515473829545e-03
5.073000285834076278e-03
2.220365289006934022e-03
1.364148720550199811e-02
3.267096002563737445e-01
3.082902411121526964e-01
3.267096002563737445e-01
2.598442801124974388e-01
3.132236670221874575e-02
2.706678336312163743e-02
1.312336211500344553e-02
7.583199296780413282e-03
2.733616846867259823e-03
1.282596270485228569e-02
3.267096002563737445e-01
1.197281930555377794e-01
2.547599918595374463e-02
4.523852352092996854e-02
4.484011478170887854e-02
5.623347619468516828e-02
1.776702049741318845e-02
9.928968969433535005e-03
2.996819351942659471e-01
3.267096002563737445e-01
3.267096002563737445e-01
8.555671261348293810e-02
3.074504490400019330e-02
2.397941606712596443e-02
2.147123106801801518e-02
3.350011079360127805e-03
6.983315305991968230e-03
2.640218857336542602e-01
4.047765789210767129e-01
4.047765789210767129e-01
3.834365386041387880e-01
4.622052817167495581e-02
3.994082039985721172e-02
1.936535428852641239e-02
1.119007002441603331e-02
4.033833575936117931e-03
1.892649990865742302e-02
1.010391794927208283e-03
4.988456675373655926e-03
1.357486655668104641e-02
3.525294529006633287e-02
9.129580505048405514e-02
4.735739585909842786e-02
5.017006963786413594e-03
6.355723655113257884e-04
1.492988658563313689e-03
4.047765789210767129e-01
4.047765789210767129e-01
1.262508827389236810e-01
4.536860919976686002e-02
3.538497861313910642e-02
3.168380122404897831e-02
4.943409383493995411e-03
1.030485738516772991e-02
3.896011793587324523e-01
5.677565760849538623e-03
1.360925080801562645e-02
3.058035940309417750e-03
5.184286261156195730e-02
5.416429300695235066e-02
5.077084484014288829e-02
1.767903396888188122e-02
2.500527350177962800e-03
4.169438610000136478e-03
7.502435931307136451e-03
3.704065768446635626e-02
1.007971037857454399e-01
2.617627783167542632e-01
2.977410527324939604e-01
2.977410527324939604e-01
3.725265139889718385e-02
4.719298964914465412e-03
1.108584987850817251e-02
9.142912336229188155e-03
2.396419029233110704e-02
4.314966144189907177e-02
4.595973684648604202e-02
2.977410527324939604e-01
2.977410527324939604e-01
8.053559858812574246e-02
5.886383945729417762e-03
7.807029242062907097e-03
4.215748146452973771e-02
1.010524162734148801e-01
2.270675477868349182e-02
2.977410527324939604e-01
2.977410527324939604e-01
2.977410527324939604e-01
1.312716713901010135e-01
1.856710073595055008e-02
3.095922413275127225e-02
2.574710010641248492e-02
1.281030464159035598e-01
1.346497784282517096e-01
1.750826518640940244e-01
2.977410527324939604e-01
2.977410527324939604e-01
1.101233405547451666e-01
1.645426104927233055e-02
1.453009134613207198e-03
9.082290055729410477e-03
2.380529520371747060e-02
4.286355666661472580e-02
4.565499980468336327e-02
3.336142041549833293e-01
3.336142041549833293e-01
8.000160553774059158e-02
5.847354148049592470e-03
7.755264563678436820e-03
1.431132558308791970e-02
1.914397908199380258e-02
1.227284812237912706e-02
1.468152096277668683e-01
3.336142041549833293e-01
3.336142041549833293e-01
4.544235885717444468e-02
2.586091993249294875e-03
5.632084885717649056e-04
2.557638339522605789e-02
1.272536563608410998e-01
1.337569801231902888e-01
1.739217625061273698e-01
3.336142041549833293e-01
3.066312446424221960e-01
1.093931653331990939e-01
1.634516071099248458e-02
1.443374925721339734e-03
9.414608211847140182e-03
4.025898090587638756e-02
2.094326687904364201e-02
1.064417465230277776e-01
3.336142041549833293e-01
3.336142041549833293e-01
2.699134705864172923e-02
3.149374432375248375e-03
5.859358965992405265e-03
1.820088732642623913e-02
3.181527766661917944e-02
1.426930867185032537e-01
3.247720168540126906e-01
3.247720168540126906e-01
1.854404869589555693e-01
4.567002100345711468e-02
1.265084168772346793e-02
1.040592155981101032e-02
1.342266061406158922e-02
1.808070310800463654e-02
3.362181374361346287e-02
1.176137223367729051e-01
3.014615924474587372e-01
1.903353704421170967e-01
3.764267289892649082e-02
6.951911133272540427e-03
1.364909539876964402e-02
1.049758388756394552e-02
3.192030694665816404e-02
1.106058611255697792e-03
4.687000705792718214e-02
3.247720168540126906e-01
3.247720168540126906e-01
1.188539805389608461e-01
1.426219295683050711e-02
1.144480287744453414e-02
1.116071828423843837e-01
6.574103397790724557e-02
1.270132726777698229e-01
3.247720168540126906e-01
3.247720168540126906e-01
3.247720168540126906e-01
8.709995437390191664e-02
9.387002202109185484e-03
2.476782744050950655e-02
1.324935118151604127e-02
1.784725040546144073e-02
3.318769880704467573e-02
1.160951286641889874e-01
2.975692093332933941e-01
1.878778163108509869e-01
3.715664181558253620e-02
6.862150108371684910e-03
1.347286230710951181e-02
7.680249043941031473e-02
9.113210260131827944e-02
4.430770220437847684e-02
1.058382415237910101e-01
2.073670954834019586e-01
1.451827405514284630e-01
4.171081998588673651e-02
3.112689661039075295e-02
4.008380961114309943e-02
1.101661438350986510e-01
6.489220514871575640e-02
1.253733147851835428e-01
3.029678871020138886e-01
3.029678871020138886e-01
3.029678871020138886e-01
8.597534546801406663e-02
9.265799999972967188e-03
2.444803256209293965e-02
1.967823937618062569e-01
1.887228773924518599e-01
3.029678871020138886e-01
3.029678871020138886e-01
3.029678871020138886e-01
3.029678871020138886e-01
3.828862543977281513e-02
1.487322373396393442e-02
7.080651066662686788e-02
1.842149024312537964e-02
2.185852476008035700e-02
1.062744058406772836e-02
2.538587124486784211e-02
4.973811271401874790e-02
3.482286086345402071e-02
1.000456442241212142e-02
7.465953498727303378e-03
9.614317236776278100e-03
3.490928982928875879e-01
2.289550646767165576e-01
4.871750664956878835e-02
8.650919064492315624e-02
8.574731746928924980e-02
1.075347322178202697e-01
3.397570132216771316e-02
1.898707125326168713e-02
3.490928982928875879e-01
4.719931509983731760e-02
4.526619676847931650e-02
8.081601439624958028e-02
8.356482681164772996e-02
1.782141219473794003e-01
1.167896801805737433e-01
9.183732661871122152e-03
3.567422675117370642e-03
1.698332225859308653e-02
3.198135806435933315e-01
3.490928982928875879e-01
2.188469608822973533e-01
2.805124353475585974e-01
3.490928982928875879e-01
3.289278566341024557e-01
6.886535488819342521e-02
2.263103766519939872e-02
1.357632193336591186e-01
3.055204163644054116e-01
1.576583551866056754e-01
3.354685330070632937e-02
5.957019000589105356e-02
5.904556447772970479e-02
7.404836853394027030e-02
2.339565274228710273e-02
1.307448877720563361e-02
3.055204163644054116e-01
3.055204163644054116e-01
3.055204163644054116e-01
1.126612725171412394e-01
4.048514460962881339e-02
3.157614926773909259e-02
2.827336559272240063e-02
4.411302159916748004e-03
9.195645376368754426e-03
3.055204163644054116e-01
2.202234886649150902e-01
3.055204163644054116e-01
1.506979194323941895e-01
1.931607375828563733e-01
3.055204163644054116e-01
2.264995750376249395e-01
4.742065259113075609e-02
1.558372241950366048e-02
9.348649214292645282e-02
4.096405697945750685e-02
1.063018306736656093e-01
1.864762563699523812e-01
1.201384666251843897e-01
1.889395915923337554e-01
1.456511732631177725e-01
2.993674988872978629e-02
3.766237301948855212e-03
9.517902228860045458e-03
3.593321862669952016e-01
3.593321862669952016e-01
2.055901659670328896e-01
7.387940339681969837e-02
5.762180404598727518e-02
5.159471213828158154e-02
8.049974254019084952e-03
1.678069328405631597e-02
3.593321862669952016e-01
9.245493272911044919e-03
2.216165203448748275e-02
4.979783925958507565e-03
8.442224321359997896e-02
8.820251983357552117e-02
8.267654206075009116e-02
2.878899100702022110e-02
4.071922681057801689e-03
6.789620454313116324e-03
7.475334766708138790e-02
1.939851248127273942e-01
3.402915983411820555e-01
2.192349397503790820e-01
3.447868209308680987e-01
2.657918574450811589e-01
5.463014255587323592e-02
6.872826257675071666e-03
1.736876439587176427e-02
1.350387733980047168e-02
2.453217293257717313e-02
4.717218336353871250e-02
6.303746257388546936e-02
2.936914527392007757e-01
2.035716434622764082e-01
2.685872954460746462e-02
7.859833937836893311e-04
3.661358414719160029e-03
2.959598778364995464e-02
7.094223785765371715e-02
1.594091519916056299e-02
2.702462275472870545e-01
2.823473688667470505e-01
2.646580184092167665e-01
9.215718415412410547e-02
1.303473707321287783e-02
2.173442974754346765e-02
1.807534116702235252e-02
8.993270150550528030e-02
9.452873034615859316e-02
1.229139845571314699e-01
3.323256767908825404e-01
2.167024271467169749e-01
7.731033563983605306e-02
1.155145165426886902e-02
1.020061898947310962e-03
4.322761122455553301e-02
7.853057365216556396e-02
1.510040969523963050e-01
2.017908528163996074e-01
3.323256767908825404e-01
3.323256767908825404e-01
8.597817423280372517e-02
2.516031782612450710e-03
1.172046917508311713e-02
1.138851731821646091e-02
6.470263758975376006e-03
1.104964060773297105e-02
1.299391373760275525e-01
3.323256767908825404e-01
3.323256767908825404e-01
1.654455813976329903e-01
8.882245951027979008e-03
2.124614785334668146e-02
1.902389801421829063e-02
9.465218530454486134e-02
9.948940431618456814e-02
1.293642584739810864e-01
3.359740217675827312e-01
2.280745262498322101e-01
8.136742355605063037e-02
1.215764815481959991e-02
1.073592656119157869e-03
7.002653334459798574e-03
2.994491969700098857e-02
1.557775261008361757e-02
7.917213700695922840e-02
3.359740217675827312e-01
3.359740217675827312e-01
2.007635816899016462e-02
2.342527365353634563e-03
4.358233362209490251e-03
1.198616335885178963e-02
6.809809936003405860e-03
1.162950309335187768e-02
1.367580769101613136e-01
3.359740217675827312e-01
3.359740217675827312e-01
1.741278263203101528e-01
9.348368008557801298e-03
2.236110213479602579e-02
2.081039337404841719e-02
3.499862567707115457e-02
5.146163616080651898e-02
2.094216589674058604e-01
3.359740217675827312e-01
3.359740217675827312e-01
9.497695994762728189e-02
8.970579287652645853e-03
4.842420132185039881e-03
1.173843826939490083e-02
3.569340875450105477e-02
1.236798950083986418e-03
5.241022033530571417e-02
3.477039147630230365e-01
3.477039147630230365e-01
1.329029735386295374e-01
1.594803846323955554e-02
1.279762215012425312e-02
1.247995767643651083e-01
7.351187448285644022e-02
1.420267250722402064e-01
3.477039147630230365e-01
3.477039147630230365e-01
3.477039147630230365e-01
9.739550058717567904e-02
1.049658160052130938e-02
2.769547893986048018e-02
1.022171712748408817e-01
7.617705102783961513e-02
1.743577991268016325e-01
2.352617286104305983e-01
1.753430036972813966e-01
1.657058104537759147e-01
4.992329075261892762e-02
4.995549351999408957e-03
1.456779808469378309e-02
1.109669530129135107e-01
1.276756642105189854e-01
2.386878565435044952e-01
1.552712403418526066e-01
1.337847174396894212e-01
1.585067866278291604e-01
5.396133473340885417e-02
2.761094465406353782e-02
4.928469140240310242e-02
1.067045961245955132e-01
6.285321697737457358e-02
1.214339401674929403e-01
2.967235511612812959e-01
2.967235511612812959e-01
2.967235511612812959e-01
8.327390063292940126e-02
8.974657842688273796e-03
2.367984709062636445e-02
1.905992632565476352e-01
1.827929862170354081e-01
2.967235511612812959e-01
2.967235511612812959e-01
2.967235511612812959e-01
2.967235511612812959e-01
3.708555252539590813e-02
1.440588983471111258e-02
6.858168817257954963e-02
9.487759663461338422e-02
1.091636729685844520e-01
2.040799495691270893e-01
1.327581023910427704e-01
1.143869603740624019e-01
1.355245193023711103e-01
4.613735541703053999e-02
2.360756962736481127e-02
4.213878947000049280e-02
1.449046804784331066e-01
8.312491924508226548e-02
6.749807081783272544e-02
2.039958975356102044e-01
2.080244814606113102e-01
1.551537066344333970e-01
1.038019823938981928e-01
2.678488215821207136e-02
3.128171110140141875e-02
7.747502395785864360e-02
7.430191882447814700e-02
1.326549471805717750e-01
1.371669683251194316e-01
2.925284686503756282e-01
1.917036984727726601e-01
1.507458119881672880e-02
5.855723894253692108e-03
2.787716932089695510e-02
3.448520341721124094e-01
3.448520341721124094e-01
3.448520341721124094e-01
3.448520341721124094e-01
3.448520341721124094e-01
3.448520341721124094e-01
1.130386110167859726e-01
3.714757685771097329e-02
2.228476970104913968e-01
5.890103350799177906e-02
3.378871985113288817e-02
2.743669920004889601e-02
8.292050440721389359e-02
8.455804817717901822e-02
6.306707031954048026e-02
4.219355802029427227e-02
1.088755198451488680e-02
1.271542856785219840e-02
2.689877314917163767e-02
2.344492701886652375e-02
4.547852517130109018e-02
9.316412724773545651e-02
9.951984818646632258e-02
6.020718186124556642e-02
1.426162410827680124e-02
8.771662533235679085e-03
9.402338529152053440e-03
3.036653877806598789e-01
3.036653877806598789e-01
2.917253509163084124e-01
3.036653877806598789e-01
3.036653877806598789e-01
3.036653877806598789e-01
9.179825819714827750e-02
3.016741643504601209e-02
1.809738304885145366e-01
7.929939538846117464e-02
2.057821300594210312e-01
3.036653877806598789e-01
2.325674864443104117e-01
3.036653877806598789e-01
2.819557150596024853e-01
5.795241831790101661e-02
7.290790096395591280e-03
1.842502788465470026e-02
2.184439901130329556e-02
1.903954272378319962e-02
3.693295024193678916e-02
7.565825987130714303e-02
8.081971847836662282e-02
4.889404050621736636e-02
1.158181474830627909e-02
7.123436273687464536e-03
7.635606030473291068e-03
9.752195493344028784e-03
0.000000000000000000e+00
7.293215145316070402e-03
1.238535732785480542e-02
8.417522311233521792e-02
1.261895400408246659e-01
3.051414065866378880e-02
2.861386911085274116e-03
1.693342022138068746e-03
1.606999867378515190e-01
3.258238452729410040e-01
3.258238452729410040e-01
3.258238452729410040e-01
3.258238452729410040e-01
3.258238452729410040e-01
1.174404017772402997e-01
1.477476424706403689e-02
3.733826370559433644e-02
2.902977561727485348e-02
5.273770323267922000e-02
1.014077560068172429e-01
1.355139229981553728e-01
3.258238452729410040e-01
3.258238452729410040e-01
5.773918648883004379e-02
1.689657050808328906e-03
7.870955175255529498e-03
1.976279489608012696e-02
0.000000000000000000e+00
1.477967860142261058e-02
2.509888945028994692e-02
1.705808369855019713e-01
2.557227241352567626e-01
6.183681445669295812e-02
5.798591986871244087e-03
3.431552525302486445e-03
1.032948987211811526e-01
5.813742216506977839e-02
1.667138837950057906e-01
1.323977419036558856e-01
9.224681572388751527e-02
1.014602501515283195e-01
3.649965357557021645e-02
1.310327457070395224e-03
2.936405716730057860e-02
4.644359292579105375e-02
8.437297115456164620e-02
1.622382687896464504e-01
2.168033800357063723e-01
3.482770289957765053e-01
3.482770289957765053e-01
9.237464693174543551e-02
2.703215666787207611e-03
1.259243071376630989e-02
1.223578281038834557e-02
6.951628545545215400e-03
1.187169486872604977e-02
1.396061505705538663e-01
3.482770289957765053e-01
3.482770289957765053e-01
1.777541487057153757e-01
9.543053699482809474e-03
2.282678626436518421e-02
1.652574339797016345e-01
9.301176848168944689e-02
2.667189666269880188e-01
2.118179248208938437e-01
1.475820417857874878e-01
1.623222521011294939e-01
5.839435602069974890e-02
2.096341212484273929e-03
4.697839679188633988e-02
1.346163007454920235e-01
3.067368310714164645e-02
1.874937618799784600e-01
2.280068117725264354e-01
1.927623486811231857e-01
1.152145063222592691e-01
9.174355449706252108e-02
8.462309234100962030e-03
2.518489183392290387e-02
1.312253642972064337e-02
7.455428087310724677e-03
1.273206224820533534e-02
1.497237099631890389e-01
3.469426535674685064e-01
3.469426535674685064e-01
1.906363759533500624e-01
1.023465942170225136e-02
2.448109278903356362e-02
2.278336586878685135e-02
3.831674295497989463e-02
5.634056328412192366e-02
2.292763135872672997e-01
3.469426535674685064e-01
3.469426535674685064e-01
1.039814475727494081e-01
9.821053657756583302e-03
5.301515813705554026e-03
1.443722349392439763e-01
3.289667120157044322e-02
2.010818399396953338e-01
2.445309580985013942e-01
2.067322526106744607e-01
1.235643505507876133e-01
9.839240813081691350e-02
9.075591069642957240e-03
2.701009536460855301e-02
5.961763931367831948e-02
5.169615482046563057e-03
3.807673142431339253e-02
1.925816649456865426e-01
3.455661806101936184e-01
1.867987346627890954e-01
5.277679485541936222e-02
5.671939514960541197e-03
1.019525522833313394e-02
