0.000000000000000000e+00
0.000000000000000000e+00
0.000000000000000000e+00
0.000000000000000000e+00
0.000000000000000000e+00
0.000000000000000000e+00
0.000000000000000000e+00
0.000000000000000000e+00
0.000000000000000000e+00
0.000000000000000000e+00
0.000000000000000000e+00
0.000000000000000000e+00
0.000000000000000000e+00
0.000000000000000000e+00
0.000000000000000000e+00
0.000000000000000000e+00
0.000000000000000000e+00
0.000000000000000000e+00
0.000000000000000000e+00
3.316835416688360128e-02
2.640216191854679595e-01
1.431010277244742779e-01
0.000000000000000000e+00
0.000000000000000000e+00
0.000000000000000000e+00
0.000000000000000000e+00
0.000000000000000000e+00
0.000000000000000000e+00
0.000000000000000000e+00
0.000000000000000000e+00
3.518152300566699253e-01
6.264744945522185970e-01
6.264744945522185970e-01
0.000000000000000000e+00
0.000000000000000000e+00
0.000000000000000000e+00
0.000000000000000000e+00
0.000000000000000000e+00
0.000000000000000000e+00
0.000000000000000000e+00
0.000000000000000000e+00
0.000000000000000000e+00
0.000000000000000000e+00
0.000000000000000000e+00
0.000000000000000000e+00
0.000000000000000000e+00
0.000000000000000000e+00
0.000000000000000000e+00
0.000000000000000000e+00
0.000000000000000000e+00
0.000000000000000000e+00
0.000000000000000000e+00
0.000000000000000000e+00
0.000000000000000000e+00
0.000000000000000000e+00
0.000000000000000000e+00
0.000000000000000000e+00
2.008136572145393650e-01
4.882157977075599620e-01
4.882157977075599620e-01
0.000000000000000000e+00
0.000000000000000000e+00
0.000000000000000000e+00
0.000000000000000000e+00
0.000000000000000000e+00
0.000000000000000000e+00
0.000000000000000000e+00
4.882157977075599620e-01
4.882157977075599620e-01
7.908991434566729761e-02
0.000000000000000000e+00
0.000000000000000000e+00
0.000000000000000000e+00
0.000000000000000000e+00
0.000000000000000000e+00
0.000000000000000000e+00
0.000000000000000000e+00
0.000000000000000000e+00
0.000000000000000000e+00
0.000000000000000000e+00
0.000000000000000000e+00
0.000000000000000000e+00
0.000000000000000000e+00
0.000000000000000000e+00
0.000000000000000000e+00
0.000000000000000000e+00
0.000000000000000000e+00
0.000000000000000000e+00
0.000000000000000000e+00
0.000000000000000000e+00
0.000000000000000000e+00
0.000000000000000000e+00
0.000000000000000000e+00
0.000000000000000000e+00
6.971649387871297066e-01
6.971649387871297066e-01
1.649927377899820524e-01
0.000000000000000000e+00
0.000000000000000000e+00
0.000000000000000000e+00
0.000000000000000000e+00
0.000000000000000000e+00
0.000000000000000000e+00
0.000000000000000000e+00
0.000000000000000000e+00
2.079631101550252076e-02
1.301973357345324531e-02
9.873839894610861659e-03
0.000000000000000000e+00
0.000000000000000000e+00
0.000000000000000000e+00
0.000000000000000000e+00
0.000000000000000000e+00
0.000000000000000000e+00
0.000000000000000000e+00
0.000000000000000000e+00
0.000000000000000000e+00
0.000000000000000000e+00
0.000000000000000000e+00
0.000000000000000000e+00
0.000000000000000000e+00
0.000000000000000000e+00
0.000000000000000000e+00
0.000000000000000000e+00
0.000000000000000000e+00
0.000000000000000000e+00
0.000000000000000000e+00
0.000000000000000000e+00
0.000000000000000000e+00
0.000000000000000000e+00
0.000000000000000000e+00
0.000000000000000000e+00
5.773502691896257311e-01
5.773502691896257311e-01
5.773502691896257311e-01
0.000000000000000000e+00
0.000000000000000000e+00
0.000000000000000000e+00
0.000000000000000000e+00
0.000000000000000000e+00
0.000000000000000000e+00
0.000000000000000000e+00
0.000000000000000000e+00
0.000000000000000000e+00
0.000000000000000000e+00
0.000000000000000000e+00
0.000000000000000000e+00
0.000000000000000000e+00
0.000000000000000000e+00
0.000000000000000000e+00
0.000000000000000000e+00
0.000000000000000000e+00
0.000000000000000000e+00
0.000000000000000000e+00
0.000000000000000000e+00
0.000000000000000000e+00
0.000000000000000000e+00
0.000000000000000000e+00
0.000000000000000000e+00
0.000000000000000000e+00
0.000000000000000000e+00
0.000000000000000000e+00
0.000000000000000000e+00
0.000000000000000000e+00
0.000000000000000000e+00
0.000000000000000000e+00
0.000000000000000000e+00
0.000000000000000000e+00
0.000000000000000000e+00
0.000000000000000000e+00
0.000000000000000000e+00
0.000000000000000000e+00
0.000000000000000000e+00
0.000000000000000000e+00
0.000000000000000000e+00
0.000000000000000000e+00
0.000000000000000000e+00
0.000000000000000000e+00
0.000000000000000000e+00
0.000000000000000000e+00
0.000000000000000000e+00
0.000000000000000000e+00
0.000000000000000000e+00
0.000000000000000000e+00
0.000000000000000000e+00
0.000000000000000000e+00
0.000000000000000000e+00
0.000000000000000000e+00
0.000000000000000000e+00
0.000000000000000000e+00
0.000000000000000000e+00
0.000000000000000000e+00
0.000000000000000000e+00
0.000000000000000000e+00
0.000000000000000000e+00
0.000000000000000000e+00
0.000000000000000000e+00
0.000000000000000000e+00
0.000000000000000000e+00
0.000000000000000000e+00
0.000000000000000000e+00
0.000000000000000000e+00
0.000000000000000000e+00
0.000000000000000000e+00
0.000000000000000000e+00
0.000000000000000000e+00
0.000000000000000000e+00
0.000000000000000000e+00
0.000000000000000000e+00
0.000000000000000000e+00
0.000000000000000000e+00
0.000000000000000000e+00
0.000000000000000000e+00
0.000000000000000000e+00
0.000000000000000000e+00
0.000000000000000000e+00
0.000000000000000000e+00
0.000000000000000000e+00
0.000000000000000000e+00
0.000000000000000000e+00
0.000000000000000000e+00
0.000000000000000000e+00
0.000000000000000000e+00
0.000000000000000000e+00
0.000000000000000000e+00
5.661621052124359288e-01
0.000000000000000000e+00
0.000000000000000000e+00
0.000000000000000000e+00
3.173622308093503874e-01
4.087559790991672770e-01
2.100537512182801964e-02
1.323300043498578868e-02
1.943914788856273002e-01
0.000000000000000000e+00
0.000000000000000000e+00
0.000000000000000000e+00
0.000000000000000000e+00
0.000000000000000000e+00
0.000000000000000000e+00
0.000000000000000000e+00
0.000000000000000000e+00
0.000000000000000000e+00
0.000000000000000000e+00
0.000000000000000000e+00
0.000000000000000000e+00
0.000000000000000000e+00
3.558816038629263878e-01
4.933737302859378393e-01
5.623198670282859163e-02
3.940615737586677242e-03
2.988476987602760749e-03
0.000000000000000000e+00
9.904741701902860379e-03
7.884219785500211353e-02
4.273286246752985851e-02
0.000000000000000000e+00
0.000000000000000000e+00
0.000000000000000000e+00
0.000000000000000000e+00
0.000000000000000000e+00
0.000000000000000000e+00
0.000000000000000000e+00
0.000000000000000000e+00
1.050591465278680608e-01
4.690904732838215296e-01
4.690904732838215296e-01
0.000000000000000000e+00
0.000000000000000000e+00
0.000000000000000000e+00
1.676832501483606075e-01
1.314955090752672195e-01
2.923883813002419244e-02
0.000000000000000000e+00
0.000000000000000000e+00
0.000000000000000000e+00
5.215351102374198543e-03
1.422969361322584843e-02
5.753341417275537745e-02
1.533931023618406442e-01
0.000000000000000000e+00
1.356748196774419379e-01
7.377637929762632940e-02
4.690904732838215296e-01
4.690904732838215296e-01
5.878188647499849734e-02
0.000000000000000000e+00
0.000000000000000000e+00
0.000000000000000000e+00
0.000000000000000000e+00
0.000000000000000000e+00
5.684221302244386875e-02
3.594598873073102663e-01
3.054461074933463305e-01
0.000000000000000000e+00
0.000000000000000000e+00
0.000000000000000000e+00
0.000000000000000000e+00
0.000000000000000000e+00
0.000000000000000000e+00
0.000000000000000000e+00
3.018166868770503775e-01
3.594598873073102663e-01
2.238715145932696632e-02
0.000000000000000000e+00
0.000000000000000000e+00
8.299328224898935846e-02
0.000000000000000000e+00
7.340681184613573329e-02
3.991668318900623569e-02
3.594598873073102663e-01
3.594598873073102663e-01
3.180391830031346900e-02
0.000000000000000000e+00
0.000000000000000000e+00
8.299328224898935846e-02
0.000000000000000000e+00
7.340684915902911944e-02
9.675885437578178594e-02
3.594598873073102663e-01
3.594598873073102663e-01
9.416775886536410747e-03
0.000000000000000000e+00
0.000000000000000000e+00
0.000000000000000000e+00
0.000000000000000000e+00
0.000000000000000000e+00
0.000000000000000000e+00
4.651378441463322466e-01
4.651378441463322466e-01
4.046138670971426154e-02
0.000000000000000000e+00
0.000000000000000000e+00
0.000000000000000000e+00
0.000000000000000000e+00
0.000000000000000000e+00
0.000000000000000000e+00
0.000000000000000000e+00
0.000000000000000000e+00
5.099906780168772004e-03
3.192846436935283146e-03
2.421374780714205966e-03
1.499977919694556461e-01
0.000000000000000000e+00
1.326717656045389715e-01
1.748769793959812635e-01
4.651378441463322466e-01
4.651378441463322466e-01
1.701939665687671188e-02
0.000000000000000000e+00
0.000000000000000000e+00
1.639716316134241236e-01
1.382703454312553537e-01
1.056887845312615981e-01
4.178694656768713878e-02
0.000000000000000000e+00
0.000000000000000000e+00
0.000000000000000000e+00
1.072188534299490376e-02
5.383855040865345026e-02
0.000000000000000000e+00
0.000000000000000000e+00
0.000000000000000000e+00
0.000000000000000000e+00
0.000000000000000000e+00
0.000000000000000000e+00
4.690963008860775385e-02
2.936823195842942422e-02
2.227213166147876816e-02
0.000000000000000000e+00
0.000000000000000000e+00
0.000000000000000000e+00
0.000000000000000000e+00
0.000000000000000000e+00
0.000000000000000000e+00
0.000000000000000000e+00
0.000000000000000000e+00
0.000000000000000000e+00
4.579794354850307836e-01
4.579794354850307836e-01
4.579794354850307836e-01
3.843619678785092364e-01
0.000000000000000000e+00
0.000000000000000000e+00
0.000000000000000000e+00
9.862134681522781443e-02
4.579794354850307836e-01
0.000000000000000000e+00
0.000000000000000000e+00
0.000000000000000000e+00
0.000000000000000000e+00
0.000000000000000000e+00
0.000000000000000000e+00
0.000000000000000000e+00
0.000000000000000000e+00
0.000000000000000000e+00
0.000000000000000000e+00
0.000000000000000000e+00
0.000000000000000000e+00
0.000000000000000000e+00
0.000000000000000000e+00
0.000000000000000000e+00
0.000000000000000000e+00
0.000000000000000000e+00
0.000000000000000000e+00
0.000000000000000000e+00
0.000000000000000000e+00
0.000000000000000000e+00
0.000000000000000000e+00
0.000000000000000000e+00
0.000000000000000000e+00
0.000000000000000000e+00
0.000000000000000000e+00
0.000000000000000000e+00
0.000000000000000000e+00
0.000000000000000000e+00
0.000000000000000000e+00
0.000000000000000000e+00
0.000000000000000000e+00
0.000000000000000000e+00
0.000000000000000000e+00
0.000000000000000000e+00
0.000000000000000000e+00
0.000000000000000000e+00
0.000000000000000000e+00
0.000000000000000000e+00
0.000000000000000000e+00
0.000000000000000000e+00
0.000000000000000000e+00
0.000000000000000000e+00
0.000000000000000000e+00
0.000000000000000000e+00
0.000000000000000000e+00
0.000000000000000000e+00
0.000000000000000000e+00
0.000000000000000000e+00
0.000000000000000000e+00
0.000000000000000000e+00
0.000000000000000000e+00
0.000000000000000000e+00
0.000000000000000000e+00
0.000000000000000000e+00
0.000000000000000000e+00
0.000000000000000000e+00
0.000000000000000000e+00
0.000000000000000000e+00
0.000000000000000000e+00
0.000000000000000000e+00
0.000000000000000000e+00
0.000000000000000000e+00
0.000000000000000000e+00
0.000000000000000000e+00
0.000000000000000000e+00
0.000000000000000000e+00
0.000000000000000000e+00
0.000000000000000000e+00
0.000000000000000000e+00
0.000000000000000000e+00
0.000000000000000000e+00
0.000000000000000000e+00
0.000000000000000000e+00
0.000000000000000000e+00
0.000000000000000000e+00
0.000000000000000000e+00
0.000000000000000000e+00
0.000000000000000000e+00
0.000000000000000000e+00
0.000000000000000000e+00
0.000000000000000000e+00
0.000000000000000000e+00
0.000000000000000000e+00
0.000000000000000000e+00
0.000000000000000000e+00
0.000000000000000000e+00
0.000000000000000000e+00
0.000000000000000000e+00
0.000000000000000000e+00
0.000000000000000000e+00
0.000000000000000000e+00
0.000000000000000000e+00
0.000000000000000000e+00
6.721520460703055422e-01
6.721520460703055422e-01
3.093268690054805647e-01
2.167695647146847260e-02
1.643933077725657013e-02
0.000000000000000000e+00
0.000000000000000000e+00
0.000000000000000000e+00
0.000000000000000000e+00
0.000000000000000000e+00
0.000000000000000000e+00
0.000000000000000000e+00
0.000000000000000000e+00
0.000000000000000000e+00
0.000000000000000000e+00
0.000000000000000000e+00
0.000000000000000000e+00
0.000000000000000000e+00
0.000000000000000000e+00
0.000000000000000000e+00
0.000000000000000000e+00
0.000000000000000000e+00
0.000000000000000000e+00
2.444003378773079438e-01
1.916562734734069962e-01
4.261595545050145262e-02
0.000000000000000000e+00
0.000000000000000000e+00
0.000000000000000000e+00
7.601436460954153797e-03
2.073994822909250996e-02
8.385563764189706004e-02
2.235722769693038181e-01
0.000000000000000000e+00
1.977476685433498804e-01
1.075299531214423121e-01
6.269804148943535216e-01
6.269804148943535216e-01
8.567530091910999235e-02
0.000000000000000000e+00
0.000000000000000000e+00
0.000000000000000000e+00
0.000000000000000000e+00
0.000000000000000000e+00
0.000000000000000000e+00
0.000000000000000000e+00
0.000000000000000000e+00
0.000000000000000000e+00
0.000000000000000000e+00
0.000000000000000000e+00
0.000000000000000000e+00
0.000000000000000000e+00
0.000000000000000000e+00
0.000000000000000000e+00
0.000000000000000000e+00
0.000000000000000000e+00
0.000000000000000000e+00
0.000000000000000000e+00
0.000000000000000000e+00
1.201585504764787066e-01
0.000000000000000000e+00
1.062791573909427634e-01
5.779179545436307491e-02
4.804327533199163058e-01
4.804327533199163058e-01
4.604604877504477056e-02
0.000000000000000000e+00
0.000000000000000000e+00
1.201585504764787066e-01
0.000000000000000000e+00
1.062792114129438581e-01
1.400884911706237190e-01
4.804327533199163058e-01
4.804327533199163058e-01
1.363370757278191403e-02
0.000000000000000000e+00
0.000000000000000000e+00
0.000000000000000000e+00
0.000000000000000000e+00
0.000000000000000000e+00
0.000000000000000000e+00
0.000000000000000000e+00
0.000000000000000000e+00
0.000000000000000000e+00
0.000000000000000000e+00
0.000000000000000000e+00
0.000000000000000000e+00
0.000000000000000000e+00
0.000000000000000000e+00
0.000000000000000000e+00
0.000000000000000000e+00
0.000000000000000000e+00
0.000000000000000000e+00
0.000000000000000000e+00
0.000000000000000000e+00
2.089029142129043004e-01
0.000000000000000000e+00
1.847728430176046599e-01
2.435523226369202543e-01
6.029550518714392737e-01
6.029550518714392737e-01
2.370302597848173570e-02
0.000000000000000000e+00
0.000000000000000000e+00
2.283643728519972049e-01
1.925700220686989150e-01
1.471934673058133691e-01
5.819695609803608727e-02
0.000000000000000000e+00
0.000000000000000000e+00
0.000000000000000000e+00
1.493244043528562000e-02
7.498130425584070835e-02
0.000000000000000000e+00
0.000000000000000000e+00
0.000000000000000000e+00
0.000000000000000000e+00
0.000000000000000000e+00
0.000000000000000000e+00
0.000000000000000000e+00
0.000000000000000000e+00
0.000000000000000000e+00
0.000000000000000000e+00
1.348905851083016978e-02
1.073736261450517065e-01
5.819695609803608727e-02
0.000000000000000000e+00
0.000000000000000000e+00
0.000000000000000000e+00
0.000000000000000000e+00
0.000000000000000000e+00
4.430936392987993577e-01
3.736421352973915422e-01
2.855983544850537736e-01
1.129191070898944854e-01
0.000000000000000000e+00
0.000000000000000000e+00
0.000000000000000000e+00
2.897329952764296848e-02
1.454856489528832675e-01
0.000000000000000000e+00
0.000000000000000000e+00
0.000000000000000000e+00
0.000000000000000000e+00
0.000000000000000000e+00
0.000000000000000000e+00
0.000000000000000000e+00
0.000000000000000000e+00
0.000000000000000000e+00
0.000000000000000000e+00
2.617271666168267952e-02
2.083362224113391448e-01
1.129191070898944854e-01
0.000000000000000000e+00
0.000000000000000000e+00
0.000000000000000000e+00
0.000000000000000000e+00
0.000000000000000000e+00
0.000000000000000000e+00
0.000000000000000000e+00
0.000000000000000000e+00
2.776130696362545391e-01
4.482597259881557217e-01
4.482597259881557217e-01
1.093371521723793538e-01
0.000000000000000000e+00
0.000000000000000000e+00
0.000000000000000000e+00
0.000000000000000000e+00
0.000000000000000000e+00
0.000000000000000000e+00
0.000000000000000000e+00
0.000000000000000000e+00
0.000000000000000000e+00
0.000000000000000000e+00
0.000000000000000000e+00
0.000000000000000000e+00
0.000000000000000000e+00
0.000000000000000000e+00
0.000000000000000000e+00
0.000000000000000000e+00
0.000000000000000000e+00
0.000000000000000000e+00
0.000000000000000000e+00
0.000000000000000000e+00
0.000000000000000000e+00
0.000000000000000000e+00
0.000000000000000000e+00
4.136110793331590485e-01
6.331302152714347597e-01
6.331302152714347597e-01
1.628995982807497911e-01
0.000000000000000000e+00
0.000000000000000000e+00
0.000000000000000000e+00
0.000000000000000000e+00
0.000000000000000000e+00
0.000000000000000000e+00
0.000000000000000000e+00
0.000000000000000000e+00
2.053249088753551777e-02
1.285452319468889833e-02
9.748589893583530300e-03
0.000000000000000000e+00
0.000000000000000000e+00
0.000000000000000000e+00
0.000000000000000000e+00
0.000000000000000000e+00
0.000000000000000000e+00
0.000000000000000000e+00
0.000000000000000000e+00
0.000000000000000000e+00
0.000000000000000000e+00
0.000000000000000000e+00
0.000000000000000000e+00
0.000000000000000000e+00
0.000000000000000000e+00
0.000000000000000000e+00
0.000000000000000000e+00
0.000000000000000000e+00
0.000000000000000000e+00
0.000000000000000000e+00
0.000000000000000000e+00
0.000000000000000000e+00
0.000000000000000000e+00
0.000000000000000000e+00
0.000000000000000000e+00
5.773502691896257311e-01
5.773502691896257311e-01
5.773502691896257311e-01
0.000000000000000000e+00
0.000000000000000000e+00
0.000000000000000000e+00
0.000000000000000000e+00
0.000000000000000000e+00
0.000000000000000000e+00
0.000000000000000000e+00
0.000000000000000000e+00
0.000000000000000000e+00
0.000000000000000000e+00
0.000000000000000000e+00
0.000000000000000000e+00
0.000000000000000000e+00
0.000000000000000000e+00
0.000000000000000000e+00
0.000000000000000000e+00
0.000000000000000000e+00
0.000000000000000000e+00
0.000000000000000000e+00
0.000000000000000000e+00
0.000000000000000000e+00
0.000000000000000000e+00
0.000000000000000000e+00
0.000000000000000000e+00
0.000000000000000000e+00
0.000000000000000000e+00
0.000000000000000000e+00
0.000000000000000000e+00
0.000000000000000000e+00
0.000000000000000000e+00
0.000000000000000000e+00
0.000000000000000000e+00
0.000000000000000000e+00
0.000000000000000000e+00
0.000000000000000000e+00
0.000000000000000000e+00
0.000000000000000000e+00
0.000000000000000000e+00
0.000000000000000000e+00
0.000000000000000000e+00
0.000000000000000000e+00
0.000000000000000000e+00
0.000000000000000000e+00
0.000000000000000000e+00
0.000000000000000000e+00
0.000000000000000000e+00
0.000000000000000000e+00
0.000000000000000000e+00
0.000000000000000000e+00
0.000000000000000000e+00
0.000000000000000000e+00
0.000000000000000000e+00
0.000000000000000000e+00
0.000000000000000000e+00
0.000000000000000000e+00
0.000000000000000000e+00
0.000000000000000000e+00
0.000000000000000000e+00
0.000000000000000000e+00
0.000000000000000000e+00
0.000000000000000000e+00
0.000000000000000000e+00
0.000000000000000000e+00
0.000000000000000000e+00
0.000000000000000000e+00
0.000000000000000000e+00
0.000000000000000000e+00
0.000000000000000000e+00
0.000000000000000000e+00
0.000000000000000000e+00
0.000000000000000000e+00
0.000000000000000000e+00
0.000000000000000000e+00
0.000000000000000000e+00
0.000000000000000000e+00
0.000000000000000000e+00
0.000000000000000000e+00
0.000000000000000000e+00
0.000000000000000000e+00
0.000000000000000000e+00
0.000000000000000000e+00
0.000000000000000000e+00
0.000000000000000000e+00
0.000000000000000000e+00
0.000000000000000000e+00
0.000000000000000000e+00
0.000000000000000000e+00
0.000000000000000000e+00
0.000000000000000000e+00
0.000000000000000000e+00
0.000000000000000000e+00
0.000000000000000000e+00
0.000000000000000000e+00
0.000000000000000000e+00
0.000000000000000000e+00
0.000000000000000000e+00
0.000000000000000000e+00
0.000000000000000000e+00
0.000000000000000000e+00
0.000000000000000000e+00
0.000000000000000000e+00
0.000000000000000000e+00
0.000000000000000000e+00
0.000000000000000000e+00
0.000000000000000000e+00
0.000000000000000000e+00
0.000000000000000000e+00
0.000000000000000000e+00
0.000000000000000000e+00
0.000000000000000000e+00
0.000000000000000000e+00
0.000000000000000000e+00
0.000000000000000000e+00
0.000000000000000000e+00
0.000000000000000000e+00
0.000000000000000000e+00
0.000000000000000000e+00
0.000000000000000000e+00
0.000000000000000000e+00
0.000000000000000000e+00
0.000000000000000000e+00
0.000000000000000000e+00
0.000000000000000000e+00
0.000000000000000000e+00
0.000000000000000000e+00
0.000000000000000000e+00
0.000000000000000000e+00
3.295269044503539718e-02
2.623051758192047611e-01
1.421705063850206840e-01
0.000000000000000000e+00
0.000000000000000000e+00
0.000000000000000000e+00
0.000000000000000000e+00
0.000000000000000000e+00
0.000000000000000000e+00
0.000000000000000000e+00
0.000000000000000000e+00
0.000000000000000000e+00
0.000000000000000000e+00
0.000000000000000000e+00
0.000000000000000000e+00
0.000000000000000000e+00
0.000000000000000000e+00
6.503853852515767420e-01
6.097103475169226572e-01
9.727668526958606343e-02
0.000000000000000000e+00
0.000000000000000000e+00
0.000000000000000000e+00
0.000000000000000000e+00
3.647875697609476858e-02
3.230423371936084198e-01
0.000000000000000000e+00
7.516199154276930958e-03
5.982934667939373424e-02
3.242775704874824305e-02
0.000000000000000000e+00
0.000000000000000000e+00
0.000000000000000000e+00
0.000000000000000000e+00
0.000000000000000000e+00
0.000000000000000000e+00
0.000000000000000000e+00
0.000000000000000000e+00
7.972405563351590840e-02
3.689543053154715757e-01
3.689543053154715757e-01
3.139910240545320391e-02
0.000000000000000000e+00
0.000000000000000000e+00
3.689543053154715757e-01
1.390692030444212468e-01
2.218789815580233041e-02
0.000000000000000000e+00
0.000000000000000000e+00
0.000000000000000000e+00
0.000000000000000000e+00
8.320461808425872602e-03
7.368292266333140161e-02
3.689543053154715757e-01
1.599092767999634179e-01
2.995104394830681582e-01
1.430897677921061095e-01
3.689543053154715757e-01
3.689543053154715757e-01
2.641496170262412971e-02
0.000000000000000000e+00
9.708774487052118651e-02
0.000000000000000000e+00
0.000000000000000000e+00
0.000000000000000000e+00
7.995551020686729460e-02
3.697719008829395415e-01
3.697719008829395415e-01
3.149026015944754453e-02
0.000000000000000000e+00
0.000000000000000000e+00
0.000000000000000000e+00
0.000000000000000000e+00
0.000000000000000000e+00
0.000000000000000000e+00
0.000000000000000000e+00
0.000000000000000000e+00
3.969153310345432950e-03
2.484918832818517297e-03
1.884508219643556397e-03
3.697719008829395415e-01
1.603735248006773473e-01
3.003799770452753592e-01
1.435051854586071318e-01
3.697719008829395415e-01
3.697719008829395415e-01
2.649164951839555818e-02
0.000000000000000000e+00
9.736960964004512387e-02
3.697719008829395415e-01
1.394730208867756283e-01
2.225227580586251752e-02
0.000000000000000000e+00
0.000000000000000000e+00
0.000000000000000000e+00
0.000000000000000000e+00
8.344617741320311047e-03
7.389683864255254531e-02
0.000000000000000000e+00
0.000000000000000000e+00
0.000000000000000000e+00
0.000000000000000000e+00
0.000000000000000000e+00
0.000000000000000000e+00
1.822114345929597493e-02
1.140748643280599037e-02
8.651188789016387576e-03
0.000000000000000000e+00
0.000000000000000000e+00
0.000000000000000000e+00
0.000000000000000000e+00
0.000000000000000000e+00
0.000000000000000000e+00
0.000000000000000000e+00
0.000000000000000000e+00
0.000000000000000000e+00
6.800908467745895303e-01
6.402770877243211256e-01
1.021532498373449865e-01
0.000000000000000000e+00
0.000000000000000000e+00
0.000000000000000000e+00
0.000000000000000000e+00
3.830753440066821114e-02
3.392373115406853712e-01
0.000000000000000000e+00
0.000000000000000000e+00
0.000000000000000000e+00
0.000000000000000000e+00
0.000000000000000000e+00
0.000000000000000000e+00
0.000000000000000000e+00
0.000000000000000000e+00
0.000000000000000000e+00
0.000000000000000000e+00
0.000000000000000000e+00
0.000000000000000000e+00
0.000000000000000000e+00
0.000000000000000000e+00
0.000000000000000000e+00
0.000000000000000000e+00
0.000000000000000000e+00
0.000000000000000000e+00
0.000000000000000000e+00
0.000000000000000000e+00
0.000000000000000000e+00
0.000000000000000000e+00
0.000000000000000000e+00
0.000000000000000000e+00
0.000000000000000000e+00
0.000000000000000000e+00
0.000000000000000000e+00
0.000000000000000000e+00
0.000000000000000000e+00
0.000000000000000000e+00
0.000000000000000000e+00
0.000000000000000000e+00
0.000000000000000000e+00
0.000000000000000000e+00
0.000000000000000000e+00
0.000000000000000000e+00
0.000000000000000000e+00
0.000000000000000000e+00
0.000000000000000000e+00
0.000000000000000000e+00
0.000000000000000000e+00
0.000000000000000000e+00
0.000000000000000000e+00
0.000000000000000000e+00
0.000000000000000000e+00
0.000000000000000000e+00
0.000000000000000000e+00
0.000000000000000000e+00
0.000000000000000000e+00
0.000000000000000000e+00
0.000000000000000000e+00
0.000000000000000000e+00
0.000000000000000000e+00
0.000000000000000000e+00
0.000000000000000000e+00
0.000000000000000000e+00
0.000000000000000000e+00
0.000000000000000000e+00
0.000000000000000000e+00
0.000000000000000000e+00
0.000000000000000000e+00
0.000000000000000000e+00
0.000000000000000000e+00
0.000000000000000000e+00
3.316833883141009215e-02
2.640217484916999591e-01
1.431008959792524904e-01
0.000000000000000000e+00
0.000000000000000000e+00
0.000000000000000000e+00
0.000000000000000000e+00
0.000000000000000000e+00
0.000000000000000000e+00
0.000000000000000000e+00
0.000000000000000000e+00
3.518153838116376275e-01
6.264744395847110514e-01
6.264744395847110514e-01
0.000000000000000000e+00
0.000000000000000000e+00
0.000000000000000000e+00
0.000000000000000000e+00
0.000000000000000000e+00
0.000000000000000000e+00
0.000000000000000000e+00
0.000000000000000000e+00
0.000000000000000000e+00
0.000000000000000000e+00
0.000000000000000000e+00
0.000000000000000000e+00
0.000000000000000000e+00
0.000000000000000000e+00
0.000000000000000000e+00
0.000000000000000000e+00
0.000000000000000000e+00
0.000000000000000000e+00
0.000000000000000000e+00
0.000000000000000000e+00
0.000000000000000000e+00
0.000000000000000000e+00
0.000000000000000000e+00
0.000000000000000000e+00
2.008137558518440502e-01
4.882157860644985026e-01
4.882157860644985026e-01
0.000000000000000000e+00
0.000000000000000000e+00
0.000000000000000000e+00
0.000000000000000000e+00
0.000000000000000000e+00
0.000000000000000000e+00
0.000000000000000000e+00
4.882157860644985026e-01
4.882157860644985026e-01
7.908995138683033721e-02
0.000000000000000000e+00
0.000000000000000000e+00
0.000000000000000000e+00
0.000000000000000000e+00
0.000000000000000000e+00
0.000000000000000000e+00
0.000000000000000000e+00
0.000000000000000000e+00
0.000000000000000000e+00
0.000000000000000000e+00
0.000000000000000000e+00
5.219893772926337272e-01
3.656011795039184609e-01
5.833010874365227721e-02
0.000000000000000000e+00
0.000000000000000000e+00
0.000000000000000000e+00
0.000000000000000000e+00
2.187379077886959788e-02
1.937061753809381781e-01
0.000000000000000000e+00
0.000000000000000000e+00
0.000000000000000000e+00
0.000000000000000000e+00
5.219893772926337272e-01
5.219893772926337272e-01
8.254558610745210689e-02
0.000000000000000000e+00
0.000000000000000000e+00
0.000000000000000000e+00
0.000000000000000000e+00
0.000000000000000000e+00
0.000000000000000000e+00
0.000000000000000000e+00
0.000000000000000000e+00
2.080871694349691395e-02
1.302747852932454459e-02
9.879734460233239798e-03
3.697585170498276508e-01
1.394663391787231699e-01
2.225125953207386306e-02
0.000000000000000000e+00
0.000000000000000000e+00
0.000000000000000000e+00
0.000000000000000000e+00
8.344222324527698215e-03
7.389333697814726154e-02
3.697585170498276508e-01
1.603659253651174565e-01
3.003657432851714604e-01
1.434983853436208601e-01
3.697585170498276508e-01
3.697585170498276508e-01
2.649039418910326821e-02
0.000000000000000000e+00
9.736499569846800151e-02
0.000000000000000000e+00
0.000000000000000000e+00
0.000000000000000000e+00
0.000000000000000000e+00
0.000000000000000000e+00
0.000000000000000000e+00
7.937927276530244020e-03
4.969608527192503553e-03
3.768834660479645354e-03
0.000000000000000000e+00
0.000000000000000000e+00
0.000000000000000000e+00
7.995168327798589381e-02
3.697585170498276508e-01
3.697585170498276508e-01
3.148875365330480042e-02
0.000000000000000000e+00
0.000000000000000000e+00
3.689543036078672955e-01
1.599092759090853522e-01
2.995104378144515245e-01
1.430897669949320050e-01
3.689543036078672955e-01
3.689543036078672955e-01
2.641496155546249613e-02
0.000000000000000000e+00
9.708774432963110379e-02
3.689543036078672955e-01
1.390692747233478188e-01
2.218785997169593627e-02
0.000000000000000000e+00
0.000000000000000000e+00
0.000000000000000000e+00
0.000000000000000000e+00
8.320461762071360359e-03
7.368292225283301633e-02
0.000000000000000000e+00
0.000000000000000000e+00
0.000000000000000000e+00
7.972401712886713343e-02
3.689543036078672955e-01
3.689543036078672955e-01
3.139908795783881434e-02
0.000000000000000000e+00
0.000000000000000000e+00
0.000000000000000000e+00
7.516202284110943578e-03
5.982931462899703651e-02
3.242778541345920501e-02
0.000000000000000000e+00
0.000000000000000000e+00
0.000000000000000000e+00
0.000000000000000000e+00
0.000000000000000000e+00
6.503852704277380825e-01
6.097105758366622164e-01
9.727650415117011784e-02
0.000000000000000000e+00
0.000000000000000000e+00
0.000000000000000000e+00
0.000000000000000000e+00
3.647875163131025777e-02
3.230422898621798100e-01
0.000000000000000000e+00
0.000000000000000000e+00
0.000000000000000000e+00
0.000000000000000000e+00
0.000000000000000000e+00
0.000000000000000000e+00
0.000000000000000000e+00
0.000000000000000000e+00
0.000000000000000000e+00
0.000000000000000000e+00
3.295269952235356514e-02
2.623049983321325551e-01
1.421706107037643274e-01
0.000000000000000000e+00
0.000000000000000000e+00
0.000000000000000000e+00
0.000000000000000000e+00
0.000000000000000000e+00
0.000000000000000000e+00
0.000000000000000000e+00
0.000000000000000000e+00
0.000000000000000000e+00
0.000000000000000000e+00
0.000000000000000000e+00
0.000000000000000000e+00
0.000000000000000000e+00
0.000000000000000000e+00
0.000000000000000000e+00
0.000000000000000000e+00
0.000000000000000000e+00
0.000000000000000000e+00
0.000000000000000000e+00
0.000000000000000000e+00
0.000000000000000000e+00
0.000000000000000000e+00
0.000000000000000000e+00
0.000000000000000000e+00
0.000000000000000000e+00
0.000000000000000000e+00
0.000000000000000000e+00
0.000000000000000000e+00
0.000000000000000000e+00
0.000000000000000000e+00
0.000000000000000000e+00
0.000000000000000000e+00
0.000000000000000000e+00
0.000000000000000000e+00
0.000000000000000000e+00
0.000000000000000000e+00
0.000000000000000000e+00
0.000000000000000000e+00
0.000000000000000000e+00
0.000000000000000000e+00
0.000000000000000000e+00
0.000000000000000000e+00
0.000000000000000000e+00
0.000000000000000000e+00
0.000000000000000000e+00
0.000000000000000000e+00
0.000000000000000000e+00
0.000000000000000000e+00
0.000000000000000000e+00
0.000000000000000000e+00
0.000000000000000000e+00
9.264043236540946136e-03
7.374227891985944694e-02
3.996862472606332178e-02
0.000000000000000000e+00
0.000000000000000000e+00
0.000000000000000000e+00
0.000000000000000000e+00
0.000000000000000000e+00
0.000000000000000000e+00
0.000000000000000000e+00
0.000000000000000000e+00
9.826337530732159875e-02
3.876288467817692318e-01
3.876288467817692318e-01
0.000000000000000000e+00
0.000000000000000000e+00
0.000000000000000000e+00
3.876288467817692318e-01
1.714088575130033043e-01
2.734755208373588001e-02
0.000000000000000000e+00
0.000000000000000000e+00
0.000000000000000000e+00
0.000000000000000000e+00
0.000000000000000000e+00
0.000000000000000000e+00
3.876288467817692318e-01
9.854760256689512610e-02
1.845798860169763078e-01
8.818211517389730469e-02
3.876288467817692318e-01
3.876288467817692318e-01
0.000000000000000000e+00
0.000000000000000000e+00
0.000000000000000000e+00
0.000000000000000000e+00
0.000000000000000000e+00
0.000000000000000000e+00
7.272209163147846933e-02
3.087101444682416873e-01
3.087101444682416873e-01
0.000000000000000000e+00
0.000000000000000000e+00
0.000000000000000000e+00
0.000000000000000000e+00
0.000000000000000000e+00
0.000000000000000000e+00
0.000000000000000000e+00
3.087101444682416873e-01
3.087101444682416873e-01
2.864139793354418193e-02
0.000000000000000000e+00
0.000000000000000000e+00
3.087101444682416873e-01
7.293244061196306471e-02
1.366026288255768051e-01
6.526122107934481664e-02
3.087101444682416873e-01
3.087101444682416873e-01
0.000000000000000000e+00
0.000000000000000000e+00
0.000000000000000000e+00
3.087101444682416873e-01
0.000000000000000000e+00
0.000000000000000000e+00
0.000000000000000000e+00
3.087101444682416873e-01
3.087101444682416873e-01
1.204748861283592813e-02
7.589696500515057294e-03
1.114918974178796540e-01
0.000000000000000000e+00
0.000000000000000000e+00
0.000000000000000000e+00
0.000000000000000000e+00
3.443912975236366747e-01
3.443912975236366747e-01
3.893610666345206223e-02
0.000000000000000000e+00
0.000000000000000000e+00
0.000000000000000000e+00
0.000000000000000000e+00
0.000000000000000000e+00
0.000000000000000000e+00
0.000000000000000000e+00
0.000000000000000000e+00
9.815308857179867036e-03
6.144959621624385832e-03
4.660193389983043229e-03
3.443912975236366747e-01
0.000000000000000000e+00
0.000000000000000000e+00
0.000000000000000000e+00
3.443912975236366747e-01
3.443912975236366747e-01
1.637777257745945403e-02
1.031769584616484305e-02
1.515659403233618474e-01
3.443912975236366747e-01
0.000000000000000000e+00
0.000000000000000000e+00
0.000000000000000000e+00
3.443912975236366747e-01
3.443912975236366747e-01
5.531387924091152319e-02
1.031769584616484305e-02
1.515659403233618474e-01
0.000000000000000000e+00
0.000000000000000000e+00
0.000000000000000000e+00
0.000000000000000000e+00
0.000000000000000000e+00
0.000000000000000000e+00
1.620931007189773884e-02
1.014797978703848094e-02
7.695990085730945555e-03
0.000000000000000000e+00
0.000000000000000000e+00
0.000000000000000000e+00
1.632619674980839430e-01
4.236495544875323316e-01
4.236495544875323316e-01
6.430028318011078714e-02
0.000000000000000000e+00
0.000000000000000000e+00
4.236495544875323316e-01
0.000000000000000000e+00
0.000000000000000000e+00
0.000000000000000000e+00
4.236495544875323316e-01
4.236495544875323316e-01
9.134708168042847409e-02
1.703896776265778970e-02
2.503007657515529671e-01
0.000000000000000000e+00
0.000000000000000000e+00
0.000000000000000000e+00
0.000000000000000000e+00
0.000000000000000000e+00
0.000000000000000000e+00
8.104658283522716417e-03
5.073983398371546480e-03
3.847998290439320207e-03
0.000000000000000000e+00
0.000000000000000000e+00
0.000000000000000000e+00
3.880184890405263265e-01
5.976822678870706840e-01
5.976822678870706840e-01
1.528200297152327580e-01
0.000000000000000000e+00
0.000000000000000000e+00
0.000000000000000000e+00
3.658151656971231347e-02
2.911905483281004292e-01
1.578267221372222640e-01
0.000000000000000000e+00
0.000000000000000000e+00
0.000000000000000000e+00
0.000000000000000000e+00
0.000000000000000000e+00
0.000000000000000000e+00
0.000000000000000000e+00
0.000000000000000000e+00
0.000000000000000000e+00
0.000000000000000000e+00
0.000000000000000000e+00
1.926203211656858996e-02
1.205914274967896833e-02
9.145390720005358923e-03
0.000000000000000000e+00
0.000000000000000000e+00
0.000000000000000000e+00
0.000000000000000000e+00
0.000000000000000000e+00
0.000000000000000000e+00
0.000000000000000000e+00
0.000000000000000000e+00
0.000000000000000000e+00
0.000000000000000000e+00
3.618323132435042333e-01
6.591954858358992642e-01
6.591954858358992642e-01
0.000000000000000000e+00
0.000000000000000000e+00
0.000000000000000000e+00
0.000000000000000000e+00
0.000000000000000000e+00
0.000000000000000000e+00
0.000000000000000000e+00
0.000000000000000000e+00
0.000000000000000000e+00
0.000000000000000000e+00
0.000000000000000000e+00
0.000000000000000000e+00
0.000000000000000000e+00
0.000000000000000000e+00
0.000000000000000000e+00
0.000000000000000000e+00
0.000000000000000000e+00
0.000000000000000000e+00
0.000000000000000000e+00
0.000000000000000000e+00
0.000000000000000000e+00
0.000000000000000000e+00
0.000000000000000000e+00
0.000000000000000000e+00
0.000000000000000000e+00
0.000000000000000000e+00
0.000000000000000000e+00
0.000000000000000000e+00
0.000000000000000000e+00
0.000000000000000000e+00
0.000000000000000000e+00
0.000000000000000000e+00
0.000000000000000000e+00
0.000000000000000000e+00
0.000000000000000000e+00
0.000000000000000000e+00
0.000000000000000000e+00
0.000000000000000000e+00
0.000000000000000000e+00
0.000000000000000000e+00
0.000000000000000000e+00
0.000000000000000000e+00
0.000000000000000000e+00
0.000000000000000000e+00
0.000000000000000000e+00
0.000000000000000000e+00
0.000000000000000000e+00
0.000000000000000000e+00
0.000000000000000000e+00
0.000000000000000000e+00
0.000000000000000000e+00
0.000000000000000000e+00
0.000000000000000000e+00
0.000000000000000000e+00
0.000000000000000000e+00
0.000000000000000000e+00
0.000000000000000000e+00
0.000000000000000000e+00
0.000000000000000000e+00
0.000000000000000000e+00
0.000000000000000000e+00
0.000000000000000000e+00
0.000000000000000000e+00
0.000000000000000000e+00
0.000000000000000000e+00
0.000000000000000000e+00
0.000000000000000000e+00
0.000000000000000000e+00
3.159527604877578333e-01
1.074641898368790122e-01
1.714545310750689375e-02
0.000000000000000000e+00
0.000000000000000000e+00
0.000000000000000000e+00
0.000000000000000000e+00
0.000000000000000000e+00
0.000000000000000000e+00
3.159527604877578333e-01
6.178407827853776846e-02
1.157217205621539347e-01
5.528547184060388781e-02
3.159527604877578333e-01
3.083948689397140730e-01
0.000000000000000000e+00
0.000000000000000000e+00
0.000000000000000000e+00
3.159527604877578333e-01
3.133864744271988578e-02
7.714781370810261385e-02
2.565047593846874266e-02
3.159527604877578333e-01
3.156055801144584949e-01
0.000000000000000000e+00
0.000000000000000000e+00
0.000000000000000000e+00
3.159527604877578333e-01
0.000000000000000000e+00
0.000000000000000000e+00
0.000000000000000000e+00
2.573517164377294164e-01
3.159527604877578333e-01
4.551637903585742558e-03
0.000000000000000000e+00
2.350398558203991434e-02
3.239720089965592575e-01
7.473773434485785072e-02
1.399839481348789938e-01
6.687662942749596218e-02
3.239720089965592575e-01
3.239720089965592575e-01
0.000000000000000000e+00
0.000000000000000000e+00
0.000000000000000000e+00
3.239720089965592575e-01
0.000000000000000000e+00
0.000000000000000000e+00
0.000000000000000000e+00
3.239720089965592575e-01
3.239720089965592575e-01
1.234569960793467820e-02
7.777563948964408280e-03
1.142516518150748922e-01
3.239720089965592575e-01
0.000000000000000000e+00
0.000000000000000000e+00
0.000000000000000000e+00
3.113081031913293995e-01
3.239720089965592575e-01
5.505934764269949933e-03
0.000000000000000000e+00
2.843183356327707439e-02
2.789093225337404766e-02
3.943415397489642010e-02
6.040272765658738496e-02
2.565285561257820909e-02
8.233586220785728271e-02
5.085725442438190219e-02
5.671486589141077478e-02
1.420702398815751333e-02
1.555729217172150194e-02
3.277025672160807646e-01
0.000000000000000000e+00
0.000000000000000000e+00
0.000000000000000000e+00
3.277025672160807646e-01
3.277025672160807646e-01
1.379553249972542868e-02
8.690932035773136360e-03
1.276689394539591293e-01
3.277025672160807646e-01
0.000000000000000000e+00
0.000000000000000000e+00
0.000000000000000000e+00
3.032066721800932840e-01
3.277025672160807646e-01
4.659268622426148559e-02
8.690932035773136360e-03
1.276689394539591293e-01
3.116633925725577695e-02
4.406515386217702696e-02
6.749619858909855497e-02
2.866543124754433389e-02
9.200507861469260640e-02
5.682974060112718634e-02
6.337524810012908072e-02
1.587544386929998219e-02
1.738428250957679833e-02
3.277025672160807646e-01
0.000000000000000000e+00
0.000000000000000000e+00
0.000000000000000000e+00
3.032066721800932840e-01
3.277025672160807646e-01
4.659268622426147866e-02
0.000000000000000000e+00
5.070526991152398549e-02
3.777296303077191109e-01
0.000000000000000000e+00
0.000000000000000000e+00
0.000000000000000000e+00
3.515620435694825630e-01
3.777296303077191109e-01
5.402328341463348560e-02
1.007696105448858265e-02
1.480295698378407687e-01
0.000000000000000000e+00
0.000000000000000000e+00
0.000000000000000000e+00
0.000000000000000000e+00
0.000000000000000000e+00
0.000000000000000000e+00
4.793149856294904795e-03
3.000788182049840373e-03
2.275732277366974803e-03
3.777296303077191109e-01
0.000000000000000000e+00
0.000000000000000000e+00
0.000000000000000000e+00
3.515620435694825630e-01
3.777296303077191109e-01
5.402328341463347866e-02
0.000000000000000000e+00
5.879174155920147832e-02
3.777296303077191109e-01
0.000000000000000000e+00
0.000000000000000000e+00
0.000000000000000000e+00
0.000000000000000000e+00
0.000000000000000000e+00
0.000000000000000000e+00
1.007696105448858265e-02
8.923782827863928346e-02
0.000000000000000000e+00
0.000000000000000000e+00
0.000000000000000000e+00
0.000000000000000000e+00
0.000000000000000000e+00
0.000000000000000000e+00
2.060418280218027573e-02
1.289940646699718786e-02
9.782628387908729253e-03
0.000000000000000000e+00
0.000000000000000000e+00
0.000000000000000000e+00
0.000000000000000000e+00
0.000000000000000000e+00
0.000000000000000000e+00
0.000000000000000000e+00
0.000000000000000000e+00
0.000000000000000000e+00
9.221088668575566638e-01
0.000000000000000000e+00
0.000000000000000000e+00
0.000000000000000000e+00
0.000000000000000000e+00
0.000000000000000000e+00
0.000000000000000000e+00
4.331755815738874693e-02
3.836042230784636464e-01
0.000000000000000000e+00
0.000000000000000000e+00
0.000000000000000000e+00
0.000000000000000000e+00
0.000000000000000000e+00
0.000000000000000000e+00
0.000000000000000000e+00
0.000000000000000000e+00
0.000000000000000000e+00
0.000000000000000000e+00
0.000000000000000000e+00
0.000000000000000000e+00
0.000000000000000000e+00
0.000000000000000000e+00
0.000000000000000000e+00
0.000000000000000000e+00
0.000000000000000000e+00
0.000000000000000000e+00
0.000000000000000000e+00
0.000000000000000000e+00
0.000000000000000000e+00
0.000000000000000000e+00
0.000000000000000000e+00
0.000000000000000000e+00
0.000000000000000000e+00
0.000000000000000000e+00
0.000000000000000000e+00
0.000000000000000000e+00
0.000000000000000000e+00
0.000000000000000000e+00
0.000000000000000000e+00
0.000000000000000000e+00
0.000000000000000000e+00
0.000000000000000000e+00
0.000000000000000000e+00
0.000000000000000000e+00
0.000000000000000000e+00
0.000000000000000000e+00
0.000000000000000000e+00
0.000000000000000000e+00
0.000000000000000000e+00
0.000000000000000000e+00
0.000000000000000000e+00
0.000000000000000000e+00
0.000000000000000000e+00
0.000000000000000000e+00
0.000000000000000000e+00
0.000000000000000000e+00
0.000000000000000000e+00
0.000000000000000000e+00
0.000000000000000000e+00
0.000000000000000000e+00
0.000000000000000000e+00
0.000000000000000000e+00
0.000000000000000000e+00
0.000000000000000000e+00
0.000000000000000000e+00
0.000000000000000000e+00
0.000000000000000000e+00
0.000000000000000000e+00
0.000000000000000000e+00
0.000000000000000000e+00
0.000000000000000000e+00
0.000000000000000000e+00
0.000000000000000000e+00
0.000000000000000000e+00
0.000000000000000000e+00
0.000000000000000000e+00
0.000000000000000000e+00
0.000000000000000000e+00
0.000000000000000000e+00
0.000000000000000000e+00
0.000000000000000000e+00
0.000000000000000000e+00
0.000000000000000000e+00
0.000000000000000000e+00
0.000000000000000000e+00
0.000000000000000000e+00
0.000000000000000000e+00
0.000000000000000000e+00
0.000000000000000000e+00
2.955631764272158013e-01
2.786353880063071817e-02
6.859297627852514734e-02
2.280612246819221228e-02
2.955631764272158013e-01
2.806084194695403489e-01
0.000000000000000000e+00
0.000000000000000000e+00
0.000000000000000000e+00
2.955631764272158013e-01
0.000000000000000000e+00
0.000000000000000000e+00
0.000000000000000000e+00
2.288142635855007490e-01
2.955631764272158013e-01
4.046911710685356309e-03
0.000000000000000000e+00
2.089765410047303776e-02
1.119930439317057790e-02
0.000000000000000000e+00
2.143529419141747706e-03
7.810591192391143356e-03
2.804764053940000945e-01
2.955631764272158013e-01
4.015877711604665112e-03
8.978362671929893818e-03
6.149311029834238218e-02
1.180288304290324081e-01
1.810524138313552578e-01
2.529613701332686371e-01
2.184351042295105683e-01
2.955631764272158013e-01
2.955631764272158013e-01
8.257266571231898500e-02
1.646084801766993164e-02
5.201646034166107491e-02
2.504712645676114846e-01
0.000000000000000000e+00
0.000000000000000000e+00
0.000000000000000000e+00
9.899898730238536337e-02
1.439336283532605398e-01
1.750940499871011862e-03
0.000000000000000000e+00
9.041598021573109267e-03
8.869586174268181966e-03
1.254044230979019757e-02
1.920865151598304815e-02
8.157856159300543031e-03
2.618360040643375602e-02
1.617309871917846018e-02
1.803587581139663373e-02
4.517971016462329729e-03
4.947369356528375471e-03
5.106646107572289373e-02
7.833430196653329292e-02
1.094464963739452956e-01
9.450833077952766614e-02
2.547752135958789022e-01
2.869409601058517389e-01
3.572596461550300861e-02
7.121965468201101220e-03
2.250548902059552187e-02
3.374816964346425419e-01
3.374816964346425419e-01
3.374816964346425419e-01
3.374816964346425419e-01
3.281990194994405807e-01
2.172195903934509842e-01
1.189819473413468165e-01
4.843340083867844759e-02
3.145827915786198470e-01
9.217303997459676962e-03
1.303207012828631363e-02
1.996169572349735383e-02
8.477671754965058343e-03
2.721008623765037646e-02
1.680713897431561007e-02
1.874294323858789399e-02
4.695090784647699966e-03
5.141322994203956394e-03
2.534065693189680446e-01
0.000000000000000000e+00
0.000000000000000000e+00
0.000000000000000000e+00
8.967200313368146880e-02
1.341295132679964919e-01
1.377957640268220527e-02
0.000000000000000000e+00
1.499585444379565417e-02
3.483929734991844107e-01
3.483929734991844107e-01
3.483929734991844107e-01
3.483929734991844107e-01
3.410655328171652845e-01
2.257353341544490466e-01
1.236464427209220257e-01
5.033215421662574213e-02
3.269155026377405515e-01
3.483929734991844107e-01
2.429661585246363498e-02
1.912870956526738784e-04
8.838564312232800521e-03
1.941432239963706077e-02
3.852666369800435316e-03
1.107973532043457499e-02
1.191610516175680909e-02
8.366491384707162859e-02
3.642308856683055818e-01
0.000000000000000000e+00
0.000000000000000000e+00
0.000000000000000000e+00
2.523512433098188401e-01
3.642308856683055818e-01
3.877791413129923204e-02
0.000000000000000000e+00
4.220071350188811521e-02
3.642308856683055818e-01
0.000000000000000000e+00
0.000000000000000000e+00
0.000000000000000000e+00
0.000000000000000000e+00
0.000000000000000000e+00
0.000000000000000000e+00
7.233242886706093069e-03
6.405491527964689291e-02
3.642308856683055818e-01
6.837453167461693404e-02
5.383122349248085480e-04
2.487312221564478426e-02
5.463498332096355242e-02
1.084201439135568275e-02
3.118013299521337628e-02
3.353381041903381876e-02
2.354463410306848192e-01
3.642308856683055818e-01
0.000000000000000000e+00
0.000000000000000000e+00
0.000000000000000000e+00
2.523512433098188401e-01
3.642308856683055818e-01
3.877791413129923898e-02
0.000000000000000000e+00
4.220071350188811521e-02
4.913015523024761855e-01
0.000000000000000000e+00
0.000000000000000000e+00
0.000000000000000000e+00
0.000000000000000000e+00
0.000000000000000000e+00
0.000000000000000000e+00
1.552007030024623972e-02
1.374399842211231904e-01
0.000000000000000000e+00
0.000000000000000000e+00
0.000000000000000000e+00
0.000000000000000000e+00
0.000000000000000000e+00
0.000000000000000000e+00
0.000000000000000000e+00
0.000000000000000000e+00
0.000000000000000000e+00
4.913015523024761855e-01
0.000000000000000000e+00
0.000000000000000000e+00
0.000000000000000000e+00
4.913015523024761855e-01
4.913015523024761855e-01
8.320416759691352804e-02
0.000000000000000000e+00
9.054832673648983976e-02
0.000000000000000000e+00
0.000000000000000000e+00
1.163903514678203514e-02
3.869806294114071579e-03
0.000000000000000000e+00
0.000000000000000000e+00
7.382188174298492771e-03
4.621675452523145260e-03
3.504977814074466957e-03
0.000000000000000000e+00
0.000000000000000000e+00
0.000000000000000000e+00
0.000000000000000000e+00
0.000000000000000000e+00
0.000000000000000000e+00
0.000000000000000000e+00
0.000000000000000000e+00
0.000000000000000000e+00
0.000000000000000000e+00
0.000000000000000000e+00
0.000000000000000000e+00
0.000000000000000000e+00
0.000000000000000000e+00
0.000000000000000000e+00
0.000000000000000000e+00
0.000000000000000000e+00
0.000000000000000000e+00
0.000000000000000000e+00
0.000000000000000000e+00
8.757301490376574737e-02
2.911672660107351290e-02
0.000000000000000000e+00
0.000000000000000000e+00
5.554416382950646408e-02
3.477384922203613504e-02
2.637172845329665075e-02
5.217973662826639464e-02
4.377421946114006812e-01
2.657419412875007825e-01
4.377421946114006812e-01
4.377421946114006812e-01
4.377421946114006812e-01
3.597642874187818030e-01
4.642475084938355034e-02
1.228548756289924715e-01
0.000000000000000000e+00
0.000000000000000000e+00
0.000000000000000000e+00
0.000000000000000000e+00
0.000000000000000000e+00
0.000000000000000000e+00
0.000000000000000000e+00
0.000000000000000000e+00
0.000000000000000000e+00
0.000000000000000000e+00
0.000000000000000000e+00
0.000000000000000000e+00
0.000000000000000000e+00
0.000000000000000000e+00
0.000000000000000000e+00
0.000000000000000000e+00
0.000000000000000000e+00
0.000000000000000000e+00
1.653228457667619070e-02
1.577031185978445826e-01
8.419592894118640980e-02
4.174161683305563919e-01
1.525537707357294548e-01
4.049722039625263115e-01
1.139853507215763118e-01
1.470891273198820202e-02
3.892453080014987576e-02
5.772407755333430583e-03
6.817001274710132730e-02
2.532640588354138078e-01
4.174161683305563919e-01
4.174161683305563919e-01
4.174161683305563919e-01
0.000000000000000000e+00
0.000000000000000000e+00
0.000000000000000000e+00
1.647911291461974081e-03
0.000000000000000000e+00
3.154076547413663459e-04
1.149282220312159960e-03
4.127044137842097310e-02
4.720395875388794932e-02
5.909126132976073300e-04
1.321112875093957521e-03
9.048346866038394290e-03
1.736724313883827864e-02
2.664079005487855062e-02
3.722176695192858098e-02
3.214143147417183183e-02
8.664675380007128003e-02
9.758603427131018471e-02
1.215007855991694086e-02
2.422116263926122910e-03
7.653913969083569503e-03
1.287204018310296634e-02
1.583352028874709244e-02
1.909822515349487992e-02
4.768499491196784845e-01
4.768499491196784845e-01
1.072979142849283946e-01
8.066368270767265355e-03
1.120422305513137616e-03
9.200979127899123772e-04
5.798500061160614255e-02
6.282377164930318114e-02
1.467026625295428550e-02
1.903349084867015165e-02
4.768499491196784845e-01
4.768499491196784845e-01
2.099847814409220026e-01
3.073073432867390320e-02
2.187647097684052369e-02
6.634690006497457465e-03
1.017740018546909285e-02
1.421957896517691243e-02
1.227877288821530022e-02
3.310107119115467816e-02
3.728013025312485601e-02
4.641612036821647982e-03
9.253046348449146504e-04
2.923972798406211746e-03
6.558574591036242518e-02
1.394676992846437258e-01
1.093338932030333277e-01
5.627138796607471238e-02
4.264048670978670685e-02
2.822174506006726660e-02
1.545845003452817404e-02
6.292595839930474784e-03
4.087143027999998179e-02
2.215161617817404394e-02
2.400013903185278449e-02
5.604382234015490780e-03
7.271235308500426618e-03
3.395846345056625637e-01
3.395846345056625637e-01
8.021906066525130719e-02
1.173985383361308282e-02
8.357319708554753271e-03
3.395846345056625637e-01
3.395846345056625637e-01
3.395846345056625637e-01
3.395846345056625637e-01
2.547691536025054604e-01
2.744296690787633164e-01
4.267314554937723381e-02
1.023377243361398847e-01
3.183286401560128098e-01
7.986606726533904133e-02
1.698347178613018038e-01
1.331397233915609657e-01
6.852364632026608504e-02
5.192481891484523188e-02
3.436661058018798676e-02
1.882429776681772068e-02
7.662715055682176382e-03
4.977057674139144516e-02
5.980315290107170861e-02
3.698988191395569374e-03
2.912210952678206664e-05
1.345609002437446076e-03
2.955693489837278500e-03
5.865412489465533612e-04
1.686811462260502745e-03
1.814142864521473648e-03
1.273739232795522563e-02
3.720042265516193547e-01
3.720042265516193547e-01
3.720042265516193547e-01
3.720042265516193547e-01
3.102413501031226484e-01
3.341826506052789081e-01
5.196458873134026518e-02
1.246202427396728707e-01
3.720042265516193547e-01
7.819959518025666745e-02
7.854710903213804607e-02
7.393858478295397760e-03
3.685065593787198619e-03
4.918855624074401287e-03
3.007506602474246775e-03
7.774064157599729075e-04
4.145068402427379631e-03
3.634579678101143574e-02
3.312316261065934020e-01
4.020501665773566075e-02
3.165338298068290173e-04
1.462568398667567389e-02
3.212600307037870306e-02
6.375230053234687451e-03
1.833427938385934902e-02
1.971826897346215177e-02
1.384451758761480189e-01
3.312316261065934020e-01
0.000000000000000000e+00
0.000000000000000000e+00
0.000000000000000000e+00
1.483854542383366837e-01
2.219518696751740516e-01
2.280186270262835740e-02
0.000000000000000000e+00
2.481450838136577824e-02
3.312316261065934020e-01
3.312316261065934020e-01
8.036527501663941198e-02
4.005368925688977677e-02
5.346399125115761097e-02
3.268916979297170622e-02
8.449780393504859391e-03
4.505354857706945354e-02
3.312316261065934020e-01
3.113519111258314376e-01
3.519610936721531691e-02
3.057158434758932078e-02
1.463827366198081070e-01
3.312316261065934020e-01
3.312316261065934020e-01
3.923475277806533212e-02
0.000000000000000000e+00
2.481450838136577824e-02
3.305352902284428018e-01
0.000000000000000000e+00
0.000000000000000000e+00
0.000000000000000000e+00
1.867367382432038037e-01
2.793169209399136155e-01
2.869516752038964516e-02
0.000000000000000000e+00
3.122799589777925169e-02
0.000000000000000000e+00
0.000000000000000000e+00
4.014030462159237124e-03
1.334605502203002267e-03
0.000000000000000000e+00
0.000000000000000000e+00
2.545943700257541787e-03
1.593907554937715014e-03
1.208784709166982156e-03
3.305352902284428018e-01
4.429279605484957166e-02
3.847302940371958441e-02
1.842164039043303059e-01
3.305352902284428018e-01
3.305352902284428018e-01
4.937525579688197691e-02
0.000000000000000000e+00
3.122799589777925169e-02
3.305352902284428018e-01
2.820666815497938629e-01
3.305352902284428018e-01
2.873696373654044955e-01
2.200714043002435089e-02
8.956855117887642381e-02
3.002650337341780662e-02
8.423901690286041133e-03
1.317189259346542018e-01
0.000000000000000000e+00
0.000000000000000000e+00
7.586634093836832271e-04
2.522443140451148839e-04
0.000000000000000000e+00
0.000000000000000000e+00
4.811907497825244711e-04
3.012531547209484797e-04
2.284638189253249704e-04
4.520440107565710055e-04
4.312093099362883722e-03
2.302178215686216493e-03
1.354228327791457201e-02
4.171293934578650109e-03
1.107319792827772022e-02
3.116713535186140319e-03
4.021873610025367596e-04
1.064317574386625890e-03
1.079042945178077251e-01
5.331142160366073718e-02
2.023029602201760480e-01
5.431369564637391484e-02
4.159413424193748529e-03
1.692871617480705068e-02
5.675096299317553515e-03
1.592141872592458401e-03
2.489525935889057295e-02
5.839748869934633518e-02
7.445254374095491845e-02
2.592200462636960467e-01
4.642098712860107668e-01
4.642098712860107668e-01
4.642098712860107668e-01
4.642098712860107668e-01
3.916707531083663679e-02
2.596930061119706590e-02
4.551098464946352743e-04
4.341338413569704666e-03
2.317791961430200678e-03
1.363412923773369041e-02
4.199584326032345348e-03
1.114829815112185034e-02
3.137851591468514452e-03
4.049150608623261873e-04
1.071535948656739947e-03
1.589060238619732692e-04
1.876621703006527099e-03
6.971992673160663269e-03
1.398236463831048493e-02
4.364799349063022693e-02
2.801416077041539096e-02
0.000000000000000000e+00
0.000000000000000000e+00
0.000000000000000000e+00
5.879354993145516350e-02
7.495749295819767455e-02
2.609781186260038965e-01
4.668558475163991361e-01
4.668558475163991361e-01
4.668558475163991361e-01
4.668558475163991361e-01
3.943271276291224897e-02
2.614542861646161620e-02
1.138472941155535892e-02
6.031599782775388940e-02
1.149506817987403645e-01
9.255354019001410526e-02
1.153253584574870372e-01
6.674642709208250535e-02
4.295123422262234203e-02
1.592862565651031667e-02
7.553968533892823495e-03
1.700756788277465754e-03
2.092051200148136066e-03
2.523410089761529175e-03
1.159948639162979300e-01
1.353297026788050639e-01
1.417705767634689674e-02
1.065793021005491392e-03
1.480391464548393686e-04
1.215706872257558112e-04
7.661441543502776376e-03
8.300778631658119883e-03
1.938352783290890873e-03
2.514856876222808062e-03
1.518320285894284305e-01
2.069791911908967774e-01
2.774486696673103894e-02
4.060390138220050515e-03
2.890494124331375453e-03
1.602682035715439213e-01
2.888713307980816936e-01
3.289587989165317361e-01
3.289587989165317361e-01
3.289587989165317361e-01
2.543414010793263458e-01
1.865977002069131932e-02
6.826332243937347811e-03
3.762059115293604067e-02
1.382098992999106768e-01
2.053884199186208903e-01
2.206486040584157982e-01
1.849922187046570410e-01
3.289587989165317361e-01
3.289587989165317361e-01
1.231002977619944372e-01
4.299773112967323480e-02
1.526144645558837054e-01
6.973273558905285219e-03
7.555183945709966972e-03
1.764245558071970586e-03
2.288966751207228718e-03
1.381941328333295971e-01
1.883878527271515835e-01
2.525276034749923335e-02
3.695676724663035477e-03
2.630863413225983591e-03
2.781173326850678307e-01
2.359182183138757716e-01
2.109548323316239593e-01
1.109973111690936154e-01
8.020069452952544031e-02
8.638977579665753359e-02
1.343339985404702792e-02
3.221566053924678624e-02
1.002090624714488259e-01
1.257955739653656979e-01
1.869399681236809940e-01
2.008294480553396433e-01
1.683757997723527300e-01
2.781173326850678307e-01
2.781173326850678307e-01
1.120431509661589248e-01
3.913557779915995127e-02
1.389062886339629821e-01
2.781173326850678307e-01
2.692339579217856715e-01
1.368392876218154086e-01
1.762694531424146560e-01
2.781173326850678307e-01
2.781173326850678307e-01
3.283103753181077639e-02
1.474445761893559137e-01
2.120719431726525162e-01
3.119895080147685462e-01
3.119895080147685462e-01
3.016684632673567457e-01
1.587277613747721527e-01
1.146881538777139858e-01
1.235386296608782797e-01
1.920995620548676674e-02
4.606886081063961413e-02
1.433004096047568177e-01
2.890835538920621256e-02
2.903682221706768360e-02
2.733317072746478844e-03
1.362272855405168882e-03
1.818372923301772234e-03
1.111796928095354440e-03
2.873869218483150116e-04
1.532323923336537802e-03
1.343609526145755559e-02
3.119895080147685462e-01
3.119895080147685462e-01
1.956821616988606849e-01
2.520678690443924896e-01
3.119895080147685462e-01
3.119895080147685462e-01
4.694885881601849192e-02
2.108478778349456295e-01
3.032659479373576161e-01
3.383107551226057635e-02
3.806876518384866986e-02
2.658342749991223983e-02
1.662193583356840268e-02
1.028941785422647810e-02
3.723167560477676739e-03
3.739052673965160244e-03
4.225945149375660154e-02
2.241495860862116954e-02
6.669434648700786616e-02
6.699073177126650680e-02
6.306024450518330458e-03
3.142894038938017116e-03
4.195160608637163967e-03
2.565022068784613123e-03
6.630291721383350370e-04
3.535218150510794060e-03
3.099835949625430812e-02
2.443085976957819552e-02
2.761734171715625723e-03
2.398861427986976984e-03
1.148621859462524430e-02
3.291412788624292068e-02
2.820170010581901643e-02
3.078634525636792137e-03
0.000000000000000000e+00
1.947120775087072533e-03
7.805153360904459880e-02
8.782828982558256448e-02
6.133051502311988312e-02
3.834839903008620959e-02
2.373867313723477743e-02
8.589704393920708642e-03
8.626352873180625352e-03
9.749660478187778534e-02
5.171345778091216566e-02
4.822243019210181170e-01
4.822243019210181170e-01
4.822243019210181170e-01
4.822243019210181170e-01
5.446747146234521414e-02
1.577329224174288738e-02
3.121647706650890544e-03
2.365774507566528045e-03
1.485291030209709984e-01
1.155068841962022218e-02
1.305722811893323667e-03
1.134159877215045647e-03
5.430579740438454955e-03
1.556150047125783378e-02
1.333350745320537045e-02
1.455550418565144249e-03
0.000000000000000000e+00
9.205810029005173515e-04
1.683015633584448306e-02
8.315142266442912197e-03
3.155379925261259100e-02
8.471469953914496573e-03
6.487561825728644944e-04
2.640422617657000974e-03
8.851617849438251934e-04
2.483311414463958470e-04
3.882988243460287932e-03
3.286323837417668980e-01
3.286323837417668980e-01
3.286323837417668980e-01
3.286323837417668980e-01
2.575172539156889845e-02
7.457469190783647117e-03
1.475886659553651966e-03
1.118516682004319944e-03
7.022320976100994427e-02
8.564490590224703437e-02
3.286323837417668980e-01
3.286323837417668980e-01
3.286323837417668980e-01
2.995324443487579757e-01
3.286323837417668980e-01
1.499911839628091936e-01
9.189979875842624324e-02
1.797122109349274036e-02
1.252796713440183958e-02
6.189593664677352398e-03
2.348789590030915531e-02
6.305960268276272068e-03
4.829186355329853284e-04
1.965467647171346283e-03
6.588933298728199455e-04
1.848517813148903722e-04
2.890403875437222003e-03
6.780099183506319883e-03
8.644132517870880411e-03
3.009611651400736707e-02
2.201096484631260286e-01
1.201899663358383524e-01
6.804513313383346584e-02
5.687388975925539852e-02
4.547398548292479366e-03
3.015102837327630382e-03
6.375202612272413971e-02
3.093055290383562861e-01
3.093055290383562861e-01
3.093055290383562861e-01
2.229648105226585963e-01
2.894072122205271214e-01
1.116498614533996819e-01
6.840801924410272461e-02
1.337734853626059220e-02
0.000000000000000000e+00
3.093055290383562861e-01
3.093055290383562861e-01
3.093055290383562861e-01
3.093055290383562861e-01
2.549800601134177280e-01
1.884200859720978061e-01
4.817332088502872256e-02
8.443776601602406785e-05
8.286730602311543487e-03
1.056497781633229140e-02
3.678388810801770659e-02
2.690210438544275995e-01
1.468978321952681132e-01
8.316569888095580454e-02
6.951205137043191262e-02
5.557893135650947454e-03
3.685100213870042517e-03
1.604634959511060414e-03
8.501313929690007196e-03
1.620186795539226010e-02
1.304507475291139494e-02
1.625467722677709226e-02
9.407658843933778062e-03
6.053815553825431413e-03
2.245080112264993301e-03
1.064703565130665965e-03
0.000000000000000000e+00
3.308349671467546993e-01
3.308349671467546993e-01
3.308349671467546993e-01
3.308349671467546993e-01
3.116401412329171117e-01
2.302896241272514299e-01
5.887809626208091729e-02
1.032010005602827536e-04
9.120982594185006453e-03
1.832743653370762997e-04
1.538125678622885529e-03
4.970365547080623017e-03
2.844529506774075567e-01
3.308349671467546993e-01
2.480095077815217541e-01
1.377656961422220327e-01
1.715490676919098623e-01
1.435404942762477376e-01
2.587208983501472215e-01
3.056117999714518807e-01
3.056117999714518807e-01
3.056117999714518807e-01
2.277949687602415785e-01
1.671218964312834801e-02
6.113845931711874016e-03
3.369400872236313904e-02
1.237844863627212411e-01
1.839513681238447995e-01
1.976187976286304382e-01
1.656839842113318473e-01
3.056117999714518807e-01
3.056117999714518807e-01
1.102519226680050979e-01
3.850991925766079904e-02
1.366856006860862893e-01
3.813161173382672436e-02
2.337133774278378484e-02
8.669725866973194278e-03
1.452383469138653072e-02
2.069956417248549618e-01
2.963564420032870905e-01
4.924142544000349730e-02
1.607057154948530672e-02
5.202196169487329630e-02
6.560723568097001634e-02
1.302440229444846720e-01
1.422903435133393568e-01
1.677659755645524442e-01
1.803307846745369480e-01
4.917402175208909765e-02
9.216445444696024988e-03
3.926170904098947277e-03
3.302060494406675734e-02
1.377016110443685104e-01
2.046330722756675990e-01
2.198371347308728796e-01
1.843118812425030006e-01
2.927205342437347868e-01
2.927205342437347868e-01
1.226475774002612207e-01
4.283960033109165955e-02
1.520532012863744231e-01
2.927205342437347868e-01
2.927205342437347868e-01
1.497905670741292439e-01
1.929526366508181046e-01
2.927205342437347868e-01
2.927205342437347868e-01
3.593836108759415615e-02
1.613996028717067932e-01
2.321436860745526021e-01
7.298347567533214342e-02
1.448873951441822794e-01
1.582880869289951808e-01
1.866279514702279263e-01
2.006054256089491727e-01
5.470267087389019817e-02
1.025265300304530232e-02
4.367591405159865388e-03
3.673312086244594904e-02
1.897285535494831407e-02
2.219666248467613845e-02
3.039796464244863203e-02
3.477770453893676977e-02
8.538548354886621797e-03
1.442569801692950536e-02
1.141641691264337968e-02
3.293635726763453897e-02
1.626646551147850062e-01
3.421290231541764815e-01
3.421290231541764815e-01
2.216038393298401521e-01
2.854588638380418097e-01
3.421290231541764815e-01
3.421290231541764815e-01
5.316809297004453094e-02
2.387785316613512121e-01
3.421290231541764815e-01
3.831261959233728254e-02
4.311166868786758810e-02
3.010488817878438986e-02
1.882381493455492424e-02
1.165243924724523698e-02
4.216369129956171885e-03
4.234358516962401404e-03
4.785748796766351593e-02
2.538422942063617294e-02
2.806890762103555342e-02
3.283828696955653353e-02
4.497149456177469001e-02
5.145098920076306148e-02
1.263213788896302807e-02
2.134173151225466497e-02
1.688972722814962787e-02
4.872685487888575584e-02
2.406500809818115649e-01
9.419117742592784644e-04
0.000000000000000000e+00
2.110344766419427651e-04
6.893228714868843100e-04
0.000000000000000000e+00
9.081532695573924646e-03
1.049335005912250228e-02
3.421290231541764815e-01
1.778738711117879845e-01
3.598207822985759197e-02
4.048920308380089816e-02
2.827361984318053911e-02
1.767876978307649644e-02
1.094362601733708980e-02
3.959889078176816873e-03
3.976784177949498587e-03
4.494633607046143869e-02
2.384011687367531065e-02
3.123896444352961543e-01
3.123896444352961543e-01
3.123896444352961543e-01
3.123896444352961543e-01
2.510972851548857326e-02
7.271552641459311586e-03
1.439092440507176414e-03
1.090631784787856121e-03
6.847252779273833856e-02
8.846156568683148950e-04
0.000000000000000000e+00
1.981973336338026866e-04
6.473916362647236158e-04
0.000000000000000000e+00
8.529106685372841654e-03
9.855043762033516980e-03
3.123896444352961543e-01
1.670538745064575892e-01
3.123896444352961543e-01
3.123896444352961543e-01
3.123896444352961543e-01
1.534707787807591262e-01
2.577922459937022695e-02
3.104087884533635305e-03
8.268838961881594049e-03
2.391223563224537940e-01
3.123896444352961543e-01
1.981921569623981971e-01
2.056359225538889057e-01
2.485265765987349773e-01
2.485265765987349773e-01
1.498315210717890075e-02
4.338986748309073098e-03
8.587166093456578440e-04
6.507876783423077825e-04
4.085804027904166302e-02
4.983086114915314530e-02
2.485265765987349773e-01
2.485265765987349773e-01
2.485265765987349773e-01
1.742772612891363149e-01
2.262110161010888187e-01
8.726952038663789157e-02
5.347015170748299628e-02
1.045621351972404398e-02
2.485265765987349773e-01
2.485265765987349773e-01
2.485265765987349773e-01
9.157709614665564268e-02
1.538264514246885997e-02
1.852231134212789726e-03
4.934074529687464128e-03
1.426859965768389193e-01
2.485265765987349773e-01
2.355274998482876081e-01
2.485265765987349773e-01
1.876727064353719832e-01
1.428289893730282645e-01
1.245753731010167537e-01
1.049401143807292547e-01
9.973669074149277280e-02
6.433257760864738439e-02
1.534009560611936107e-01
4.831982590709309189e-02
2.643983811318194044e-01
2.643983811318194044e-01
2.642754928119327995e-01
1.689926027938843389e-01
2.193515557267667615e-01
8.462322213248602010e-02
5.184876123248258889e-02
1.013914681121350081e-02
0.000000000000000000e+00
2.643983811318194044e-01
2.643983811318194044e-01
2.643983811318194044e-01
2.639496707172809820e-01
1.932580478421665471e-01
1.428099827610975758e-01
3.651219608377922338e-02
6.399825075400762502e-05
2.283855331124567678e-01
2.643983811318194044e-01
1.819818540828944953e-01
1.384979456873797754e-01
1.207978389643903361e-01
1.017579857263503779e-01
9.671234696814816345e-02
6.238180273264702647e-02
1.487493356510954101e-01
6.251444694478061614e-02
1.906226564222505970e-01
7.083334190389854734e-02
5.154382304992162489e-02
5.915770446422078527e-02
1.592224613374921827e-01
2.231931917950913946e-01
3.246975318539443295e-02
2.440998708890209506e-02
0.000000000000000000e+00
2.837476524552070001e-01
2.837476524552070001e-01
2.837476524552070001e-01
2.837476524552070001e-01
2.391857318983668379e-01
1.767487079089360147e-01
4.518930228793266446e-02
7.920740490618066254e-05
7.000410437472784873e-03
1.406642066003755678e-04
1.180520951946698992e-03
3.814786235423941758e-03
2.183193953425128508e-01
2.837476524552070001e-01
1.903488279840737096e-01
1.057360221051808075e-01
1.316649682869477089e-01
7.737097582047761102e-02
2.359240409486265400e-01
8.766685224890605199e-02
6.379318832354197166e-02
7.321650507024651811e-02
1.970616042896717879e-01
2.762349487139630355e-01
4.018617473850619182e-02
3.021100902487144912e-02
1.119443711721440915e-01
3.173355299809810237e-02
4.933588405836539931e-02
1.266227871004908453e-02
2.837476524552070001e-01
2.449984717093789399e-01
8.918416693092388881e-02
6.325958280113878895e-02
1.715030475813622557e-01
8.758370867903554624e-02
5.368114126913408474e-02
1.991331365588402263e-02
3.335949488294053661e-02
3.310320939399275519e-01
3.310320939399275519e-01
1.131016095197429072e-01
3.691216271477715943e-02
1.194881656144063664e-01
1.506918998658924036e-01
2.991547968751590569e-01
3.268237409187934039e-01
3.310320939399275519e-01
3.310320939399275519e-01
1.129467913859751177e-01
2.116906252269428607e-02
9.017940576156143959e-03
7.584434311390771122e-02
1.052944447175973852e-01
5.217378595549457959e-02
5.024783682837759974e-02
1.844777306177909637e-01
3.310320939399275519e-01
3.310320939399275519e-01
6.188551229501984552e-02
1.292314847178639529e-02
2.846614365200462321e-02
4.201834768327180475e-02
5.228800536156274353e-03
9.694926967798703568e-03
2.664389973222364150e-02
3.436992646318876715e-02
3.543237809622180184e-02
3.806518967276702886e-02
1.580661635855356781e-02
4.531093664736966092e-02
3.136757437945984495e-01
3.524243121032087922e-01
3.524243121032087922e-01
3.524243121032087922e-01
3.524243121032087922e-01
2.351066568855969541e-01
4.406488628884450143e-02
1.877147491164864179e-02
1.578753122101454187e-01
8.154345158683974637e-02
9.539905506297692572e-02
1.306474387637964196e-01
1.494711266869263311e-01
3.669783442569676118e-02
6.200022009565706732e-02
4.906662821147355497e-02
1.415571986427306694e-01
3.524243121032087922e-01
8.746413360173926899e-02
1.088411453297793291e-02
2.018066950091511672e-02
5.546114338947027295e-02
7.154340914873928703e-02
7.375497663533950310e-02
7.923535832990180605e-02
3.290257902088727926e-02
9.431788813826327833e-02
1.698209956469192566e-02
2.111451956637281843e-02
2.137306225369186782e-02
6.005821769212838640e-02
2.558624840258432176e-01
7.836037394688109836e-02
2.783258853426336457e-02
2.273066554453006746e-03
7.171142043425911446e-03
7.683854456192515392e-02
8.989470522738016167e-02
1.231093220853249764e-01
1.408469178720432036e-01
3.458043694461590545e-02
5.842292154626152478e-02
4.623557410144258500e-02
1.333896089054708856e-01
3.974418834869821171e-01
2.578480460193747874e-03
0.000000000000000000e+00
5.777062027665836761e-04
1.887019149209949063e-03
0.000000000000000000e+00
2.486066661876357858e-02
2.872551212208583615e-02
3.974418834869821171e-01
3.974418834869821171e-01
1.600226368596867690e-02
1.989625066185226124e-02
2.013987591212228201e-02
5.659296910594824315e-02
2.410996897722385846e-01
7.383912464134990972e-02
2.622669941909685706e-02
2.141914799259578631e-03
6.757380350485503798e-03
6.031688671966557724e-02
2.571751328557363506e-02
1.549655622000784549e-01
1.280324360611406476e-01
1.014806404191109651e-01
8.899707828566710832e-02
6.101499140611418154e-02
3.974418834869821171e-01
3.974418834869821171e-01
8.730168969901161945e-04
0.000000000000000000e+00
1.955986420286189964e-04
6.389032717666639875e-04
0.000000000000000000e+00
8.417276129751207620e-03
9.725828000027188919e-03
2.970301746579935287e-01
1.648635246499078610e-01
2.970301746579935287e-01
2.970301746579935287e-01
2.970301746579935287e-01
1.514585255523910601e-01
2.544121674968691238e-02
3.063388209218153874e-03
8.160420942320544338e-03
2.359870706523900796e-01
2.970301746579935287e-01
2.042197414059522542e-02
8.707385606942527265e-03
5.246793851680991994e-02
4.334897307532192129e-02
3.435911777148197704e-02
3.013245759492838918e-02
2.065833706695682781e-02
2.586480508286673752e-01
1.636564884344303139e-01
2.970301746579935287e-01
5.992273700425997801e-02
3.863487026405588304e-02
7.950879596122886750e-02
1.403322162605997736e-01
2.970301746579935287e-01
2.970301746579935287e-01
1.790506391627395277e-01
1.516753831155091825e-01
2.325285024079998542e-01
2.367772878002736558e-01
2.379267029641737585e-01
8.131134154787442170e-02
1.365825698475933714e-02
1.644596790210442775e-03
4.380966815802848045e-03
1.266909553801340016e-01
2.379267029641737585e-01
2.091249645371119903e-01
2.379267029641737585e-01
1.666346736714886256e-01
1.268179187430169830e-01
1.106105253048098730e-01
9.317637096528640084e-02
8.855624896370342669e-02
5.712092226875986611e-02
1.362047723383474906e-01
2.379267029641737585e-01
3.216985057306281232e-02
2.074134235917808253e-02
4.268473392887638801e-02
7.533812127722555596e-02
2.379267029641737585e-01
2.379267029641737585e-01
9.612431932919270061e-02
8.142776272203827714e-02
1.610697255679811868e-01
2.379267029641737585e-01
2.379267029641737585e-01
2.092459591852264544e-01
2.379267029641737585e-01
2.379267029641737585e-01
1.803088115384735846e-01
3.683212790601901598e-02
1.852575572920476255e-01
2.372109571122789640e-01
2.451337276277824329e-01
1.890141165938675205e-01
1.438498744069349189e-01
1.254657885170357978e-01
1.056901847459822130e-01
1.004495690959243126e-01
6.479240138785076486e-02
1.544974053248709955e-01
6.493017132488140830e-02
1.979888225010381642e-01
7.357053049507986109e-02
5.353561336513119884e-02
6.144371539336245663e-02
1.653752404231391970e-01
2.318179699262675197e-01
3.372447074620237711e-02
2.535325386659098221e-02
1.827017823929505125e-01
2.451337276277824329e-01
2.451337276277824329e-01
2.373482016366150749e-01
2.451337276277824329e-01
2.451337276277824329e-01
2.045247245133592351e-01
4.177877247896989721e-02
2.101380988864714194e-01
1.895624447477349261e-01
2.451337276277824329e-01
1.505095442881877743e-01
1.251615575934515168e-01
1.878431094750969976e-01
7.063791606892957931e-02
9.475868022680085379e-02
5.896994300953645185e-02
1.375821945088209208e-01
7.216536329404457661e-02
2.200507870594876070e-01
8.176852074435397855e-02
5.950110570836781437e-02
6.829041034423884160e-02
1.838030619888804951e-01
2.576495283542600823e-01
3.748240045635699985e-02
2.817837591732275104e-02
1.044126189270968008e-01
2.959848129655437421e-02
4.601650630290349264e-02
1.181034533364759206e-02
3.103625211514126070e-01
2.285146791791347332e-01
8.318374866539339496e-02
5.900340180879076746e-02
1.599641157875785480e-01
2.106854550510848800e-01
2.975317026841692858e-01
1.672808760727230448e-01
1.391083542500788084e-01
2.087745336405535945e-01
7.850912405486160095e-02
1.053176734990506902e-01
6.554098462822861848e-02
1.529130271325231660e-01
1.018586925538016510e-02
8.686683930788141605e-02
1.653545877560859689e-01
1.909045627695809821e-01
3.103625211514126070e-01
3.103625211514126070e-01
3.103625211514126070e-01
1.890555293771794404e-02
3.177064967413510688e-02
1.196483454851679645e-01
5.928619676009304340e-02
5.709769928364794717e-02
2.096260187940221786e-01
3.433592459527848861e-01
3.433592459527848861e-01
7.032184058200044441e-02
1.468485196209030202e-02
3.234669216823603255e-02
4.774635351188475513e-02
5.941598673139692616e-03
1.101655433397036830e-02
3.027603715260857378e-02
3.905528773903259310e-02
4.026257441395032777e-02
4.325429491689520428e-02
1.796139862926358910e-02
5.148779327134807987e-02
3.000730657174046079e-01
3.433592459527848861e-01
1.651381921195908542e-01
6.752093743924633684e-02
3.433592459527848861e-01
3.433592459527848861e-01
7.962550921103912771e-02
1.375102051921422985e-02
9.990103940832652241e-02
2.737814869945708884e-01
2.714506920238614618e-01
1.570861171921883806e-02
2.418255176627780514e-02
1.047383053445666151e-01
1.255329519014490025e-01
3.532249615888965327e-02
3.540861340645272415e-02
1.041671169925053597e-01
1.141753300683573114e-01
1.420807956508298754e-02
2.634376522563068243e-02
7.239875468606185582e-02
9.339248006465597496e-02
9.627945141340099600e-02
1.034335197510171805e-01
4.295089501389985631e-02
1.231221938191413151e-01
2.216836482804707825e-02
2.756280936483735886e-02
2.790030995445991202e-02
7.839975708831185830e-02
3.092604946414471145e-01
1.022913186381479711e-01
3.633254971719178383e-02
2.967251985868351975e-03
9.361180132457699518e-03
3.092604946414471145e-01
3.092604946414471145e-01
3.756383045065502663e-02
5.782747009408037431e-02
2.504595577239135951e-01
3.001855673488348919e-01
8.446629660997354017e-02
8.467222783700732724e-02
2.490936812992026739e-01
2.297104462645479031e-02
1.014444878654858495e-01
3.092604946414471145e-01
3.092604946414471145e-01
3.092604946414471145e-01
3.092604946414471145e-01
2.689502986724916569e-02
8.693743675867652079e-03
4.029846450995316735e-03
1.760256643671197913e-02
2.188597069699697514e-02
2.215395963516818972e-02
6.225253614660332391e-02
2.652108095686322997e-01
8.122338955504716795e-02
2.884949454651997494e-02
2.356116502992184475e-03
7.433150639921658545e-03
6.634886329672885774e-02
2.828938736919268254e-02
1.704628581030772083e-01
1.408362907928099317e-01
1.116291888493117085e-01
9.789721091587436086e-02
6.711678178402176453e-02
3.230243985473859603e-01
3.230243985473859603e-01
1.823992623246030106e-02
8.055097212362805070e-02
2.536173228536848789e-01
3.186477775102259935e-01
3.230243985473859603e-01
2.800267074175316617e-01
2.135572712411520219e-02
6.903179455283545846e-03
3.199858917589012888e-03
3.238450976562026046e-02
1.131034558265331530e-01
2.113667681066135617e-01
3.097287700562633694e-01
3.230243985473859603e-01
9.245914697320981035e-02
3.016993938769936892e-02
5.811440370056529525e-02
1.004560950773309563e-02
2.462171052689156314e-02
1.049804129533151061e-02
6.325786063628742462e-02
5.226359897190056836e-02
4.142499867567394495e-02
3.632913464968955120e-02
2.490668099605869434e-02
2.834621065298311149e-01
1.973121039297661139e-01
2.834621065298311149e-01
7.224572288362227090e-02
4.658005075007254359e-02
9.585961401290875317e-02
1.691912438326555745e-01
2.834621065298311149e-01
2.834621065298311149e-01
2.158720296465616029e-01
1.828671092919421370e-01
1.201771945117418097e-02
4.197209131522925546e-02
7.843708423535622476e-02
1.149387003673272845e-01
2.834621065298311149e-01
3.431109802373857876e-02
1.119590415431308966e-02
2.156594633669903227e-02
3.727872296160172037e-03
2.683314113498326825e-01
2.252961098584704280e-01
2.185164461793575874e-01
1.143982331027355165e-01
1.932907983552369924e-01
2.011373229408287555e-01
1.161369931488400176e-01
2.113288840037748084e-01
2.834621065298311149e-01
2.428198838163965478e-01
3.065821646005987763e-02
1.976672419648571946e-02
4.067901432614463159e-02
7.179804657673671819e-02
2.428198838163965478e-01
2.327338423637566600e-01
9.160751873488516550e-02
7.760154091237872476e-02
1.535011951768436023e-01
2.428198838163965478e-01
2.428198838163965478e-01
1.994136682582284270e-01
2.428198838163965478e-01
2.428198838163965478e-01
1.718362527437864717e-01
3.510141731814186289e-02
1.765524611133061084e-01
1.138691975641018678e-01
9.560672421780472274e-02
9.272970412160511100e-02
4.854606823938538429e-02
8.202494070491228584e-02
8.535469421283639613e-02
4.928392896992919714e-02
8.967958809807080600e-02
1.255533435400523201e-01
2.428198838163965478e-01
2.059170210356890407e-01
2.428198838163965478e-01
2.347793390307027772e-01
1.881502400600040259e-01
2.428198838163965478e-01
2.428198838163965478e-01
2.508295276568774101e-02
3.928090567433378116e-02
1.486704864406033222e-01
2.362347323852473646e-01
2.362347323852473646e-01
1.931380861803758953e-01
2.362347323852473646e-01
2.362347323852473646e-01
1.664285366255120746e-01
3.399676974130825396e-02
1.709963251150019570e-01
1.542532344369900721e-01
2.178376645670664358e-01
1.224745969645328753e-01
1.018481013560161019e-01
1.528541544280835329e-01
5.748040990936428146e-02
7.710827392744491748e-02
4.798579410542584689e-02
1.119551846472918444e-01
2.362347323852473646e-01
1.994367773391387821e-01
2.362347323852473646e-01
2.273907932748361060e-01
1.822291199844472409e-01
2.362347323852473646e-01
2.362347323852473646e-01
2.429358797333992792e-02
3.804472888763303640e-02
4.629869144550655818e-02
7.430297397023551131e-02
1.817621966865559102e-01
1.502702739885934669e-01
2.205737100108748350e-01
1.622597580435862219e-01
4.522632533108521258e-02
5.625618860184613407e-02
1.475601320966994645e-01
1.815346666488823479e-01
2.563647236642352945e-01
1.441356170848700768e-01
1.198610920281117653e-01
1.798881434887102670e-01
6.764647165956159947e-02
9.074574581453787037e-02
5.647262547592622056e-02
1.317557275135265715e-01
8.776535520006303881e-03
7.484779959193049725e-02
1.424758532091646435e-01
1.644906913755557198e-01
3.007964618894444220e-01
3.007964618894444220e-01
3.007964618894444220e-01
1.628974933048541601e-02
2.737480998113561714e-02
5.448713959558965786e-02
8.744429677561894876e-02
2.139089005510668717e-01
1.768472745179205108e-01
2.595846697443989215e-01
1.909572346698696632e-01
5.322511338383745932e-02
6.620573294328173375e-02
1.736578133263166901e-01
5.375446517619222528e-03
3.758362611997148606e-02
1.119336909982169698e-01
2.002666185830412615e-01
3.007964618894444220e-01
3.007964618894444220e-01
1.039358090196367823e-01
1.246716890270583959e-02
1.065062452543562299e-02
2.080030841945808007e-01
3.541163020445859955e-01
1.144696315781327522e-01
4.680381160333503543e-02
3.333178057952439488e-01
3.108920296750859458e-01
5.519439559449772909e-02
9.531860755250809447e-03
6.924888197311815374e-02
1.897784246450155421e-01
1.881627763315832369e-01
1.088881362344524227e-02
1.676273523268484097e-02
7.260195277073144826e-02
8.701627752269429361e-02
2.448466384323721989e-02
2.454435814819805328e-02
7.220601940496694515e-02
8.999863547042248613e-03
1.064353469850330865e-02
2.522460415145463819e-02
7.819309427815020197e-02
3.541163020445859955e-01
3.541163020445859955e-01
3.200163629065460973e-03
3.089981010931068658e-04
2.851228229829879442e-03
4.958549386622236859e-04
1.077267606987208047e-02
2.004271768141167604e-03
4.573444786312151969e-03
3.541163020445859955e-01
3.541163020445859955e-01
2.086669499796759905e-02
3.198087708946396445e-03
1.151242484974517553e-02
2.347715063889923848e-01
2.327728166588566017e-01
1.347035724396484536e-02
2.073688096599245537e-02
8.981458166622408035e-02
1.076462858861765431e-01
3.028954120921392365e-02
3.036338796984918917e-02
8.932477955682167903e-02
8.237396816916186734e-03
3.637790596925991743e-02
1.145370053236203917e-01
1.439056361702237830e-01
3.024986551228411313e-01
1.264638397620074239e-01
9.644534544336738624e-03
3.117568993801996240e-03
1.445099466214958819e-03
6.134133061643010955e-04
1.332668554655401169e-02
2.479448878868064244e-03
5.657727024964994897e-03
4.225777416560044242e-01
4.225777416560044242e-01
2.581381643986142838e-02
3.956297299853188398e-03
1.424181557635103776e-02
4.128984288847990271e-03
2.666767338349053384e-02
4.600178576141901454e-03
4.063773898839509457e-02
4.225777416560044242e-01
4.225777416560044242e-01
6.703880790956712622e-04
9.278255693509987890e-05
1.688190336070204437e-03
8.491688411390311414e-03
3.750090585844287339e-02
1.180728065430326490e-01
1.483480582713893603e-01
3.118369044565988957e-01
1.303678269282394497e-01
9.942265019358133629e-03
3.213809542598793784e-03
1.489710240177294278e-03
1.507676965249330273e-02
5.265587661320372814e-02
9.840285056031464195e-02
1.441957699741300558e-01
3.571434814127992796e-01
4.304481590951786396e-02
1.404576539432188589e-02
2.705544979456772983e-02
4.676783488869580563e-03
4.256447615151948485e-03
2.749091467395221519e-02
4.742187850551334363e-03
4.189224155429806251e-02
4.040251135115692782e-01
4.040251135115692782e-01
6.910832158407653964e-04
9.564679000129876554e-05
1.740305418283254538e-03
3.193932002942647536e-02
2.264891540720708960e-02
1.250056270566636714e-02
1.234828809577889763e-01
4.040251135115692782e-01
4.040251135115692782e-01
1.065156137762543614e-01
1.984651356854988738e-02
1.469728167386005757e-02
1.209328486823216080e-02
4.223600483042793535e-02
7.893028354884805420e-02
1.156614157597648240e-01
2.748891725926281837e-01
3.452684048988740456e-02
1.126630213374663417e-02
2.170154941312327918e-02
3.751312535878092037e-03
2.700186345447813663e-01
2.267127342498255760e-01
2.198904411753846710e-01
1.151175501270865625e-01
1.945061786818060856e-01
2.024020409063047032e-01
1.168672432065824274e-01
2.126576848067077419e-01
2.748891725926281837e-01
2.561896908397826716e-02
1.816700740868266301e-02
1.002687374664654012e-02
9.904732181973661953e-02
2.748891725926281837e-01
2.748891725926281837e-01
8.543764281082692758e-02
1.591916224481265685e-02
1.178889232689473571e-02
1.746077817896733806e-04
2.590628214052800860e-02
1.813462435104925274e-01
2.629735942304757823e-01
2.748891725926281837e-01
2.748891725926281837e-01
2.748891725926281837e-01
5.108265087109133129e-02
1.432989562634488269e-02
1.443719384014835183e-01
1.212174002699040881e-01
1.175696976690797091e-01
6.155035886281071122e-02
1.039973929751152187e-01
1.082191050677776961e-01
6.248587422796447050e-02
1.137025310244813708e-01
1.591859780118377865e-01
2.625004351173799155e-01
2.610770964645285908e-01
2.625004351173799155e-01
2.625004351173799155e-01
2.385510344259312854e-01
2.625004351173799155e-01
2.625004351173799155e-01
3.180205524480507473e-02
4.980328847208146531e-02
9.335823788405125294e-05
1.385141501700126732e-02
9.696111804126318623e-02
1.406051386470605902e-01
1.827692757595431594e-01
1.984249301541616273e-01
1.669962845264394424e-01
2.731256432497287945e-02
7.661822348498856933e-03
1.058999169521136346e-01
2.131381815453726736e-01
1.579505784276778180e-01
1.527975293012719948e-01
2.625004351173799155e-01
2.625004351173799155e-01
1.713329641001018200e-01
3.388949063364578990e-02
7.051985696491001876e-02
2.377221510063066701e-01
2.112971240867095035e-01
2.377221510063066701e-01
2.377221510063066701e-01
1.930661410161547686e-01
2.377221510063066701e-01
2.377221510063066701e-01
2.573830835516030882e-02
4.030721869791186601e-02
4.905203785346986395e-02
7.872171281780597496e-02
1.925714501605872708e-01
1.592067278319409529e-01
2.336910533566234349e-01
1.719092169811489712e-01
4.791589897794059499e-02
5.960169945704833078e-02
1.563354159542407751e-01
8.570781656461068376e-02
1.724987959628507539e-01
1.278338981915827788e-01
1.236633888844401868e-01
2.377221510063066701e-01
2.377221510063066701e-01
1.386646437617387595e-01
2.742772922107218972e-02
5.707372714601981201e-02
1.616646630522226014e-01
2.377221510063066701e-01
2.093156314117612105e-01
2.377221510063066701e-01
1.874134887942093264e-01
7.363253514851031412e-02
1.886021179917529711e-02
2.021343174843484927e-02
1.358920003350712058e-01
6.800446416449806852e-02
1.091377266379505162e-01
2.658967566205873156e-01
2.207200493878839764e-01
2.658967566205873156e-01
2.383304485873565526e-01
6.642935090054713498e-02
8.263023948113729089e-02
2.167393375920672050e-01
6.709002579118711687e-03
4.690747898710345004e-02
1.397025194345929977e-01
2.499493309404333952e-01
2.658967566205873156e-01
2.658967566205873156e-01
1.297205001463522522e-01
1.556005962451787947e-02
1.329286175132851286e-02
2.241276665822118375e-01
2.658967566205873156e-01
2.658967566205873156e-01
2.658967566205873156e-01
2.598251660964949750e-01
1.020822236337282363e-01
2.614730505719717671e-02
2.802337385215745297e-02
1.883971201081219848e-01
2.521876307739424894e-02
8.226187523021410986e-02
1.789011485983579286e-01
6.005506423750293921e-02
9.649828702901278032e-02
7.020754977474451264e-02
2.084746341034395337e-02
1.045057775433688371e-02
2.031718187038177373e-02
7.192257431980550800e-03
8.505800242161595456e-03
2.015828859279652704e-02
6.248815446056468770e-02
3.276389376180181001e-01
3.276389376180181001e-01
2.557416623529154814e-03
2.469363982507436438e-04
2.278564260344383054e-03
3.962633821209085344e-04
8.609003805543226362e-03
1.601717453245121020e-03
3.654876774761378795e-03
3.276389376180181001e-01
3.276389376180181001e-01
1.667565751364377680e-02
2.555757648165084186e-03
9.200175397426901824e-03
3.276389376180181001e-01
1.661272326280622269e-01
5.760679625280531319e-02
8.981447447674073548e-02
2.387295209940723251e-01
1.360865994767908593e-01
3.906413510599484641e-03
1.354909702389507946e-03
2.151619893395961824e-02
3.276389376180181001e-01
6.557487559077031236e-02
8.076948444337404831e-02
1.025502820205901749e-01
3.276389376180181001e-01
3.008255405155485507e-01
5.004265803230597415e-02
2.561060641915164152e-02
1.170098314035286635e-01
3.880480753377677579e-04
8.430522496013132666e-03
1.568510750703263181e-03
3.579104106092035383e-03
3.266125051618576358e-01
3.266125051618576358e-01
1.632993886169079728e-02
2.502771846068871202e-03
9.009437956727664454e-03
2.612014428585264243e-03
1.687009268662317471e-02
2.910094099269125260e-03
2.570762036306642115e-02
3.266125051618576358e-01
3.266125051618576358e-01
4.240905784211663381e-04
5.869467173563197327e-05
1.067956961697201588e-03
3.266125051618576358e-01
6.421538151548861206e-02
7.909497672109358501e-02
1.004242162130771082e-01
3.266125051618576358e-01
2.945888448857078568e-01
4.900517688585536574e-02
2.507964898495852399e-02
1.145839911543525130e-01
3.266125051618576358e-01
2.370934206276461564e-01
1.550589883557141335e-01
7.175412754217143363e-02
1.684281045774124463e-01
1.179116110235322173e-01
1.224480039438284248e-02
5.360155041695235066e-03
2.459479798045446225e-02
2.720856331591094222e-03
1.757306468088253373e-02
3.031356897906130766e-03
2.677884963785380490e-02
3.155085423711054826e-01
3.155085423711054826e-01
4.417623129633081042e-04
6.114046211798787914e-05
1.112458426454578661e-03
2.041662648905336053e-02
1.447790515969279643e-02
7.990756203621138948e-03
7.893417442777939108e-02
3.155085423711054826e-01
3.155085423711054826e-01
6.808815903777717948e-02
1.268652101127052713e-02
9.394968648773642517e-03
3.155085423711054826e-01
2.469730364555157431e-01
1.615202525761938734e-01
7.474410175699344738e-02
1.754464560923386651e-01
1.228249545295386214e-01
1.275503776607033943e-02
5.583511187342712727e-03
2.561965626107525623e-02
3.155085423711054826e-01
8.100651719105678161e-02
4.765783595791980853e-02
1.412221988168081699e-01
3.155085423711054826e-01
3.155085423711054826e-01
6.776370233096191964e-02
2.979714891400106827e-02
1.309166723611889238e-01
2.111360529282668708e-02
1.497214905570356039e-02
8.263543076762509473e-03
8.162881384330700207e-02
2.928266595287337126e-01
2.928266595287337126e-01
7.041253930024227170e-02
1.311961098542572569e-02
9.715692251853758066e-03
1.439011762603952937e-04
2.135039134192889820e-02
1.494546089761236429e-01
2.167269359207187052e-01
2.817181896548185960e-01
2.928266595287337126e-01
2.574059056718292493e-01
4.209923218487329061e-02
1.180983353195360838e-02
2.928266595287337126e-01
8.377190183870840412e-02
4.928476984507230291e-02
1.460432146320483349e-01
2.928266595287337126e-01
2.928266595287337126e-01
7.007700635379880694e-02
3.081435815848967627e-02
1.353858801289466451e-01
2.928266595287337126e-01
2.928266595287337126e-01
6.973841709507705433e-02
1.033382164967125011e-01
4.989256111160202123e-02
5.745802868468795344e-02
1.550138600808931635e-02
1.037576212500546449e-02
8.631749915793075767e-02
1.120034931313311575e-04
1.661778223195182688e-02
1.163259307874754261e-01
1.686864173705259207e-01
2.192714621239597317e-01
2.380538215514366451e-01
2.003483316613689780e-01
3.276735594099874221e-02
9.192020824657965578e-03
1.270499624862873045e-01
2.557055637917062807e-01
1.894960415596749215e-01
1.833138393725297355e-01
2.902647015485230741e-01
2.902647015485230741e-01
2.055511211725071508e-01
4.065780821746099727e-02
8.460389242780556873e-02
2.902647015485230741e-01
2.403793344599426673e-01
5.427993379264758889e-02
8.043187361199514995e-02
3.883318587789621329e-02
4.472166307716598371e-02
1.206528971063724684e-02
8.075831150938383649e-03
6.718403334351187584e-02
2.902647015485230741e-01
2.902647015485230741e-01
1.332234877044565780e-01
5.402323660459814464e-02
8.435601166516834559e-02
1.449499207279825348e-02
1.707845829850812916e-02
1.874108499001852363e-02
2.902647015485230741e-01
9.999061977238024590e-02
2.012449063535790561e-01
1.491368141254641178e-01
1.442713091213399801e-01
2.573078116281647953e-01
2.573078116281647953e-01
1.617724523387006064e-01
3.199843087469847469e-02
6.658479446560341963e-02
1.886053163155642920e-01
2.573078116281647953e-01
2.441970937053490609e-01
2.573078116281647953e-01
2.186450623684972894e-01
8.590304968696599319e-02
2.200317710131206167e-02
2.358190476978333505e-02
1.585377609680330424e-01
2.573078116281647953e-01
2.573078116281647953e-01
1.048492958448882378e-01
4.251726489715990792e-02
6.638970781936830157e-02
1.140782108543532750e-02
1.344105575953154046e-02
1.474957305525423368e-02
2.463861637066079024e-01
2.573078116281647953e-01
2.572342873078747871e-01
2.276807885202006276e-01
1.509514480192832575e-01
5.964737049615059794e-02
3.106870870185755862e-02
6.089691292607336305e-03
2.648103782094313532e-02
1.015127667881788598e-01
2.739577752019843326e-01
2.739577752019843326e-01
2.739577752019843326e-01
2.739577752019843326e-01
2.739577752019843326e-01
1.365770872440721373e-01
3.498280735740438158e-02
3.749282332653647298e-02
2.520588697387800003e-01
3.374049939749599464e-02
1.100591945419361617e-01
2.393540903639725659e-01
8.034842361235344788e-02
1.291062684307600350e-01
9.393156133806702945e-02
2.789208275113824048e-02
1.398195904143139691e-02
2.718261242839924846e-02
2.739577752019843326e-01
2.739577752019843326e-01
2.739577752019843326e-01
2.399974059230263190e-01
9.483323530210259478e-02
4.939607795528699191e-02
9.681988031748469184e-03
4.210214917821811231e-02
1.613949453079764063e-01
1.023075651964212296e-01
8.734047460324263767e-02
1.453001688201469854e-01
1.505179897223529184e-01
1.572774574845088313e-01
1.475167633202215944e-01
5.152133494051108764e-02
1.619839199985039294e-02
4.832218245178795252e-02
