2.308149008354130338e-01
9.407122832072564722e-02
2.002707827798793916e-01
2.033059402617597988e-01
2.930771644538026077e-01
1.297099540945345908e-01
3.224010376343246914e-02
1.195127992584505035e-02
5.990332895334350011e-02
1.453136280822692750e-01
5.910739718395702008e-04
0.000000000000000000e+00
7.332115670961343590e-02
2.930771644538026077e-01
2.930771644538026077e-01
5.108140323642142155e-02
1.774748414731890100e-02
5.729496503805424357e-02
1.058910241994846652e-01
1.314303471343808982e-01
2.930771644538026077e-01
2.409775533976770412e-01
2.930771644538026077e-01
2.930771644538026077e-01
7.231383942559058142e-02
2.280500401290652679e-02
9.822551825529596270e-02
3.196023396167410602e-02
4.855743290550278840e-02
1.527921333108948343e-01
2.930771644538026077e-01
1.689731288445304735e-01
1.436382082948513272e-01
1.469962349377441080e-01
2.013162196654437117e-02
3.166565242134675162e-02
1.647788515815346300e-01
6.702502137261325509e-04
0.000000000000000000e+00
8.314275927650599529e-02
2.895882856370537439e-01
2.895882856370537439e-01
5.792391996231385787e-02
2.012481619825117959e-02
6.496980816575398388e-02
1.991051589742801886e-01
1.217331942505885389e-01
1.570683364072191224e-01
2.340855777648859770e-01
2.895882856370537439e-01
1.750014892241127107e-01
9.200173462187549722e-02
4.587747149237838412e-02
1.575444256253261954e-01
3.624140913679662485e-02
5.506185576335807103e-02
1.732591264145444676e-01
2.895882856370537439e-01
1.916076178579547706e-01
1.628790039751462637e-01
1.666868489866464853e-01
2.282831687501951298e-02
3.590736746050746803e-02
2.895882856370537439e-01
1.604655811270754018e-01
2.582082121293758914e-01
2.689724904945988704e-01
1.266837481195225990e-01
1.555273938776504106e-01
4.580623800684380242e-02
1.008991575124515427e-02
6.555147054498342007e-02
1.793513462237427969e-01
1.096556833656920221e-01
1.414851213744663938e-01
2.108612540226456056e-01
2.583560308092517355e-01
1.576390729662554002e-01
8.287396993808883450e-02
4.132583161525382048e-02
1.419139763706402657e-01
1.220073214680058860e-01
1.744802497457690824e-02
2.593235599182517823e-02
6.665186593443439556e-02
2.583560308092517355e-01
2.583560308092517355e-01
2.583560308092517355e-01
3.525246982493168008e-02
9.325314773503717153e-03
2.583560308092517355e-01
1.445453153799689527e-01
2.325906103588782636e-01
2.422869327740058421e-01
1.141150781172924900e-01
1.400970603189150288e-01
4.126166541487682332e-02
9.088865314151550051e-03
5.904791492975579315e-02
2.583560308092517355e-01
2.583560308092517355e-01
2.583560308092517355e-01
2.583560308092517355e-01
4.386355009551663742e-02
8.637193173007630398e-03
0.000000000000000000e+00
3.083735960260462414e-02
2.020686541537586034e-01
1.221436944761248311e-01
1.746752740789720218e-02
2.596134173916940166e-02
6.672636568858728023e-02
2.653224472225870212e-01
2.653224472225870212e-01
2.653224472225870212e-01
3.529187307791522427e-02
9.335738092465377044e-03
2.212748341824239129e-01
0.000000000000000000e+00
0.000000000000000000e+00
1.203176095163881014e-02
4.107011158568490972e-02
2.653224472225870212e-01
2.653224472225870212e-01
1.062255278663817304e-01
1.222971208745368549e-01
2.653224472225870212e-01
2.653224472225870212e-01
2.653224472225870212e-01
2.653224472225870212e-01
4.391257833580031883e-02
8.646847347859885902e-03
0.000000000000000000e+00
3.087182789057991289e-02
2.022945152732547602e-01
7.801658131231524462e-02
2.238732767247092192e-01
2.194179921641628839e-01
1.977489919567959886e-01
2.544178596422322913e-01
8.749533313205828944e-02
1.449233208507626734e-02
8.421836687795699120e-03
8.786009270513193969e-02
2.483537072587131689e-01
0.000000000000000000e+00
0.000000000000000000e+00
1.350416755809943740e-02
4.609613428260368045e-02
2.725874391202913749e-01
2.725874391202913749e-01
1.192250521782343559e-01
1.372634329090403893e-01
1.034572699865660000e-01
0.000000000000000000e+00
0.000000000000000000e+00
1.408803561595377979e-02
1.753206965766642977e-01
2.725874391202913749e-01
2.725874391202913749e-01
4.289491593380635737e-02
3.759780252893183544e-02
8.756398922703774457e-02
2.512701384961817941e-01
2.462696311335054733e-01
2.219488512582274142e-01
2.725874391202913749e-01
9.820271894664833745e-02
1.626585514548756217e-02
9.452472853813760970e-03
9.861211657456052382e-02
2.460087075731098860e-01
2.725874391202913749e-01
2.725874391202913749e-01
1.159317837030706955e-01
4.128535490932516011e-02
1.461191313717015994e-01
7.265275256070216625e-02
6.401095305706855365e-02
1.763785723284558293e-01
1.241341121363479100e-01
0.000000000000000000e+00
0.000000000000000000e+00
1.690365300726332301e-02
2.103600743717309873e-01
2.925617471356200539e-01
2.925617471356200539e-01
5.146784083223686357e-02
4.511205288727148516e-02
2.045565080293795523e-01
8.906161660094052968e-02
6.991609804830624386e-02
1.439349487020993509e-02
4.812879605414193546e-02
1.647212107365728928e-01
1.272720709224685054e-01
2.657669790886185018e-02
2.861763567972917116e-02
2.925617471356200539e-01
2.925617471356200539e-01
2.925617471356200539e-01
1.391017667509736599e-01
4.953659493014426346e-02
1.753223204257742251e-01
8.717304191919643397e-02
7.680410304440120350e-02
2.116293758641854261e-01
2.551069524925026477e-01
2.925617471356200539e-01
2.925617471356200539e-01
4.064705543958275352e-02
0.000000000000000000e+00
0.000000000000000000e+00
3.037646724222383015e-06
9.452792645932753257e-02
2.183710127324182959e-01
3.495514773660653995e-01
1.964331572745153243e-01
1.542060475443732259e-01
3.174610735215443319e-02
1.061522541983197510e-01
3.495514773660653995e-01
2.807096443823421938e-01
5.861722343936894702e-02
6.311868956398053454e-02
1.283827490932097082e-01
5.210006616755102210e-02
5.663737174263678426e-02
3.101254502130813134e-02
3.833078505977166595e-02
2.358967202914118502e-02
1.016701682704767087e-02
2.251752509863350418e-02
5.339385397496631408e-02
3.495514773660653995e-01
3.495514773660653995e-01
3.495514773660653995e-01
8.965062322734869416e-02
0.000000000000000000e+00
0.000000000000000000e+00
6.699794586002274549e-06
2.084895800647617037e-01
3.495514773660653995e-01
1.006781866141246706e-01
4.320702544265288964e-02
6.940641194732360963e-02
5.295554096932254817e-02
7.335662130365942779e-02
2.567416241651246031e-02
0.000000000000000000e+00
0.000000000000000000e+00
0.000000000000000000e+00
1.026750441767596417e-01
1.274387210833596573e-01
2.675163269257467835e-01
2.336589066709050810e-01
2.675163269257467835e-01
2.675163269257467835e-01
7.011762057968412565e-02
2.211240104794220951e-02
9.524234468776346385e-02
3.098958064408287999e-02
4.708271174420090854e-02
1.481517357694404069e-01
2.675163269257467835e-01
1.638413038305648606e-01
1.392758214743590461e-01
1.425318626403810074e-01
1.952021137193634889e-02
3.070394573880716113e-02
2.675163269257467835e-01
2.675163269257467835e-01
2.675163269257467835e-01
1.942575207258875614e-01
1.980700009138108841e-01
1.500917336134504898e-01
1.709121102805940401e-02
1.190014646534461734e-02
1.098620847726427541e-01
1.587448865030774148e-01
2.675163269257467835e-01
1.673173302797273942e-01
1.501268723373046232e-01
1.286123717737102934e-01
1.383859486286199147e-01
6.640997035465071030e-02
1.806016691287051779e-02
1.022613531217170524e-01
3.473228572585802115e-02
5.276903278650973972e-02
1.660444675461760222e-01
2.439311822262170137e-01
1.836289120429530353e-01
1.560965823225708426e-01
1.597458653965263542e-01
2.187772614885930347e-02
3.441215383194002470e-02
2.439311822262170137e-01
1.537836564752310953e-01
2.439311822262170137e-01
2.439311822262170137e-01
1.214085280156080998e-01
1.490510995851990483e-01
4.389882690474713328e-02
9.669762991259284873e-03
6.282185099714840404e-02
1.779169850301457467e-01
2.439311822262170137e-01
1.875247486859056290e-01
1.682581473119830195e-01
1.441452756534060409e-01
1.550992368504630625e-01
7.443050268716376594e-02
2.024134771872998853e-02
1.146117650357592610e-01
2.439311822262170137e-01
2.439311822262170137e-01
2.439311822262170137e-01
2.439311822262170137e-01
1.899230186853687885e-01
2.342365699558730807e-01
1.223716776433626252e-01
2.208005091234511302e-02
1.250064107562161853e-01
2.463810957137724245e-01
1.160381414961964008e-01
1.867191758139148949e-01
1.945031930921063690e-01
9.160934442334008054e-02
1.124671696606243526e-01
3.312405495255296012e-02
7.296362643029958087e-03
4.740250688625147896e-02
2.463810957137724245e-01
2.463810957137724245e-01
2.463810957137724245e-01
2.463810957137724245e-01
3.521279689438076149e-02
6.933769115275884541e-03
0.000000000000000000e+00
2.475562689478905815e-02
1.622167485746769944e-01
2.243364653671607034e-01
2.463810957137724245e-01
2.463810957137724245e-01
2.093809816867434892e-01
1.433072578759183313e-01
1.767442449419263928e-01
9.233609325575187210e-02
1.666060055232584242e-02
9.432414283632127583e-02
6.158770706934361960e-02
2.463810957137724245e-01
2.463810957137724245e-01
2.463810957137724245e-01
1.362794421104278342e-01
4.894027152586997997e-02
2.069959551526342947e-03
1.180192398651299657e-01
2.276247616112667960e-01
2.623721307283374271e-01
2.623721307283374271e-01
2.623721307283374271e-01
2.623721307283374271e-01
3.557474686108734463e-02
7.005040860827733452e-03
0.000000000000000000e+00
2.501008831565390902e-02
1.638841636034225335e-01
6.320330612175314999e-02
1.813656917965743576e-01
1.777563473571855679e-01
1.602017143494155471e-01
2.061106702617194197e-01
7.088229490642032615e-02
1.174062341343059569e-02
6.822753744557366259e-03
7.117779633150231322e-02
6.222076296064775469e-02
2.623721307283374271e-01
2.623721307283374271e-01
2.623721307283374271e-01
1.376802493136333461e-01
4.944332527938271465e-02
2.091236526286575741e-03
1.192323516797934857e-01
2.299645011989489285e-01
1.310559907371068866e-01
2.623721307283374271e-01
2.623721307283374271e-01
2.623721307283374271e-01
9.421250460018201767e-02
1.011851903578289552e-01
5.148410788617834022e-02
1.516830427407549545e-02
6.600542469307273119e-02
6.807365425627495692e-02
1.953414489667152643e-01
1.914539740775781373e-01
1.725466084460288152e-01
2.219932368553158564e-01
7.634437393284156104e-02
1.264533753122647382e-02
7.348504500508247321e-03
7.666264623658018695e-02
1.912511279030893185e-01
2.702964048211750625e-01
2.702964048211750625e-01
9.012723416076670602e-02
3.209589924755510554e-02
1.135953639964254885e-01
5.648141892851089169e-02
4.976314493533886413e-02
1.371195403143565528e-01
1.411549608570369096e-01
2.702964048211750625e-01
2.702964048211750625e-01
2.702964048211750625e-01
1.014723731764272524e-01
1.089823632169695383e-01
5.545139289367365804e-02
1.633715012974627095e-02
7.109169971170792302e-02
2.702964048211750625e-01
2.702964048211750625e-01
2.702964048211750625e-01
2.702964048211750625e-01
1.539192443908350971e-01
8.818918386457152980e-02
1.564943221959188766e-02
1.324423500984769041e-02
8.095398985035014150e-02
1.872677608533311611e-01
2.566550229872988087e-01
2.566550229872988087e-01
8.825006951981489989e-02
3.142740777826634468e-02
1.112294065513121100e-01
5.530502731424850882e-02
4.872668112986415501e-02
1.342636227323020237e-01
1.618470190443780932e-01
2.378781971809437734e-01
2.566550229872988087e-01
2.578763413365373416e-02
0.000000000000000000e+00
0.000000000000000000e+00
1.927168438264188322e-06
5.997117273523926845e-02
1.385407065982748043e-01
2.566550229872988087e-01
2.566550229872988087e-01
2.566550229872988087e-01
2.566550229872988087e-01
1.507134235773714415e-01
8.635238481923883380e-02
1.532348678159931553e-02
1.296838487544109061e-02
7.926788499307713121e-02
2.566550229872988087e-01
2.566550229872988087e-01
2.511915227365996151e-01
2.425442403093632238e-01
1.502362113509350394e-01
1.514690017428181601e-01
6.749338559252249237e-02
3.118912415273280073e-02
1.068511928883477957e-01
2.687753738975968698e-01
2.875017758503759513e-01
2.875017758503759513e-01
4.282489135191749896e-02
0.000000000000000000e+00
0.000000000000000000e+00
3.200401345767618949e-06
9.959265527511242111e-02
2.300711525973701266e-01
4.809260937678226655e-02
2.063941223842696501e-02
3.315450516426338146e-02
2.529614638307877209e-02
3.504146679835498657e-02
1.226420047577784014e-02
0.000000000000000000e+00
0.000000000000000000e+00
0.000000000000000000e+00
2.875017758503759513e-01
2.875017758503759513e-01
2.875017758503759513e-01
2.875017758503759513e-01
2.494935904116585001e-01
2.515408551711341700e-01
1.120846096230589950e-01
5.179501331062985603e-02
1.774451546252776568e-01
2.872152635185540315e-02
1.387833573652160202e-01
1.335213230880782365e-01
2.243192361945601787e-01
2.875017758503759513e-01
1.328829020100461833e-01
7.439845308875709350e-03
8.132465048088134349e-03
1.878025841183692327e-02
2.437911251891037578e-01
2.437911251891037578e-01
2.437911251891037578e-01
1.883210617002575027e-01
1.920170334907861653e-01
1.455049694904834434e-01
1.656890808922162686e-02
1.153648110182852425e-02
1.065047281962485659e-01
1.538936842910220704e-01
2.437911251891037578e-01
1.622041564279669834e-01
1.455390343841270751e-01
1.246820113306719435e-01
1.341569102331593710e-01
6.438049903003725816e-02
1.750825293562182153e-02
9.913627291661558649e-02
2.437911251891037578e-01
2.086509576873165628e-01
1.746271356564901289e-01
2.437911251891037578e-01
2.437911251891037578e-01
1.851320849248948297e-01
4.051508646246572420e-02
1.926596886698926647e-02
1.375461660475910397e-01
1.634814424595659732e-01
5.909316634425997028e-02
9.944811917269898160e-02
2.414980895753305601e-01
2.437911251891037578e-01
2.437911251891037578e-01
5.787103813943132724e-02
2.239934486982934903e-02
9.654710363689561481e-02
1.635448292018876482e-01
2.416554829298939444e-01
1.723764765335188687e-01
1.546662335768661800e-01
1.325012026423501021e-01
1.425703015131142004e-01
6.841799756959869583e-02
1.860624917241496257e-02
1.053534126273788368e-01
2.416554829298939444e-01
2.416554829298939444e-01
2.416554829298939444e-01
2.416554829298939444e-01
1.745810139888706314e-01
2.153149111636443458e-01
1.124864785447056009e-01
2.029642169698758769e-02
1.149083775942043445e-01
1.737338650894051650e-01
6.279908003563559882e-02
1.056848157185671516e-01
2.416554829298939444e-01
2.416554829298939444e-01
2.416554829298939444e-01
6.150030842299723799e-02
2.380407648206607149e-02
1.026018686015316567e-01
1.529764210238949984e-01
4.288009649174926580e-02
8.050604204205856484e-02
2.000266345785325639e-01
2.416554829298939444e-01
1.978144795786704879e-01
7.519782315600104239e-02
4.285269430035394678e-02
2.416554829298939444e-01
2.290233561864264134e-01
2.517024179288305241e-01
2.517024179288305241e-01
2.137554189820370376e-01
1.463012672099492373e-01
1.804368277666606180e-01
9.426520088905147865e-02
1.700867778374851036e-02
9.629478527454958525e-02
6.287441210131647362e-02
2.517024179288305241e-01
2.517024179288305241e-01
2.517024179288305241e-01
1.391266246450935107e-01
4.996274332478844310e-02
2.113205639060181454e-03
1.204849259091500119e-01
2.323803522981724157e-01
1.281963240886280220e-01
3.593410481180811522e-02
6.746515958236708188e-02
1.676250437888184286e-01
2.517024179288305241e-01
1.657712277732620310e-01
6.301679986721783755e-02
3.591114140224904022e-02
2.481391771538491997e-01
6.056141526643194634e-02
5.082677889734317500e-02
1.200418560846677751e-01
2.517024179288305241e-01
2.517024179288305241e-01
2.043299805175549377e-01
1.350236141777396426e-01
2.840891469989554122e-02
4.634473721046231814e-02
6.362085277892341739e-02
2.661496345260139784e-01
2.661496345260139784e-01
2.661496345260139784e-01
1.407783263231291437e-01
5.055589756251490513e-02
2.138293470443813991e-03
1.219153146274114946e-01
2.351391557896861384e-01
1.340050088706695175e-01
2.661496345260139784e-01
2.661496345260139784e-01
2.661496345260139784e-01
9.633247166854451426e-02
1.034620566005312603e-01
5.264260180082275947e-02
1.550962102051384531e-02
6.749067686078046024e-02
6.128039620537838184e-02
5.143019090570637164e-02
1.214669847085767113e-01
2.661496345260139784e-01
2.661496345260139784e-01
2.067557719327837717e-01
1.366266051989098729e-01
2.874618337295281947e-02
4.689493872950233760e-02
4.693319454590076656e-02
6.397442700885548963e-03
2.250289359516479890e-03
8.481230282541013521e-02
1.734851117984132496e-01
2.661496345260139784e-01
2.519076424042712703e-01
1.253013830969567921e-01
1.268811750059343213e-01
1.203510713747607819e-01
2.804257266193413423e-01
2.850091139008601449e-01
2.768978397701572502e-01
8.651703597644930244e-02
9.292017860711078436e-02
4.727878144315126457e-02
1.392932638985784795e-02
6.061396761550860018e-02
2.324301015155884886e-01
2.665572494785565794e-01
2.850091139008601449e-01
2.850091139008601449e-01
1.312341121782625575e-01
7.519156746121426205e-02
1.334296664176142996e-02
1.129225542833496403e-02
6.902272050090289823e-02
4.215111281467590759e-02
5.745599284675248324e-03
2.021004569929248183e-03
7.617067150564460487e-02
1.558084973723629363e-01
2.492486695193088242e-01
2.262404585197554385e-01
1.125342688870100555e-01
1.139530938279353645e-01
2.841790275655977846e-02
6.219892232649137237e-02
1.984947502990687118e-01
5.046939153795170635e-02
2.094482992104417518e-01
2.850091139008601449e-01
2.572242446254570103e-01
3.950489473830748333e-02
3.115472000719639312e-02
2.083206448296203717e-01
2.389078597535211623e-01
2.630405271556176539e-01
2.630405271556176539e-01
1.176214900494927801e-01
6.739211365968238165e-02
1.195893043382521490e-02
1.012093492655361145e-02
6.186314745329316023e-02
2.590259880570432438e-01
2.630405271556176539e-01
1.960377549045070056e-01
1.892891440652861024e-01
1.172490586375391636e-01
1.182111669844280594e-01
5.267395825430244011e-02
2.434097221804373476e-02
8.339002739620754445e-02
2.547017700525737449e-02
5.574716666332109327e-02
1.779053320028911866e-01
4.523431397563430073e-02
1.877226936850095729e-01
2.630405271556176539e-01
2.305429467043166036e-01
3.540714000530842398e-02
2.792311029881880055e-02
1.679698644154678511e-01
1.465781243852231908e-01
2.168751923688009287e-01
2.630405271556176539e-01
2.605452102431243810e-01
2.120819164123230183e-01
7.611218885765173858e-02
4.492259423320058703e-02
8.027124899537561864e-02
2.561496748779241162e-01
2.764355318654052041e-01
1.938608846133585417e-01
1.871872126574643524e-01
1.159470849818139554e-01
1.168985097485004954e-01
5.208904860311386331e-02
2.407068173596317584e-02
8.246403600589964633e-02
1.334774673462061148e-02
6.449675001243729278e-02
6.205132632639456108e-02
1.042478145398115091e-01
1.686691119776313752e-01
6.175463308122289274e-02
3.457517184535464395e-03
3.779398158030774450e-03
8.727744125469645911e-03
1.661046695817870733e-01
1.449504707505348822e-01
2.144669360439683814e-01
2.764355318654052041e-01
2.576520271011547569e-01
2.097268862633973330e-01
7.526701307608245350e-02
4.442375837969263913e-02
7.937988958730377020e-02
2.199409003236095783e-01
1.779343314197989190e-01
2.764355318654052041e-01
2.764355318654052041e-01
2.764355318654052041e-01
2.720141361955816239e-01
1.199682519405413650e-01
1.243469459613294296e-02
5.982889817446086778e-02
7.270007110667903172e-02
5.454087074649739686e-02
4.564712350347701481e-02
7.606149636433436056e-02
8.644888475067898093e-02
4.839309259270205277e-02
1.059054853390128427e-02
5.036079054835699946e-03
3.595424505704990920e-02
4.273366545482263495e-02
1.544681502211706428e-02
2.599550499983234106e-02
6.312703394725334427e-02
8.075271157489831431e-02
7.450415110570711430e-02
1.512735357706058818e-02
5.855136189608994672e-03
2.523718634591586019e-02
2.223415649575413277e-03
2.618940722442700958e-02
2.144915719014799799e-02
6.460962250221571890e-02
4.842459822099705047e-01
4.842459822099705047e-01
6.565919787627375048e-02
1.783311704089939661e-03
3.368214398050813681e-03
0.000000000000000000e+00
3.711801647097617493e-03
1.041077023723845953e-02
5.656241957891044309e-02
4.842459822099705047e-01
4.842459822099705047e-01
4.448461206802400286e-02
0.000000000000000000e+00
0.000000000000000000e+00
5.370976159187604987e-02
1.941431289269591326e-02
3.267242257693693530e-02
7.934114490819112187e-02
1.014939589296534328e-01
9.364046240599387116e-02
1.901279811812271736e-02
7.359021639843319265e-03
3.171933059011486367e-02
4.729260526232840350e-02
1.325636633032544268e-02
2.488841379635088960e-02
6.183816177525115060e-02
1.426316559625908365e-01
6.115427485668333690e-02
2.324737984651660538e-02
1.324789495276079872e-02
9.154044188617235789e-02
0.000000000000000000e+00
4.665173918972763227e-03
1.308476540635185661e-02
7.109041638037391642e-02
4.796750966072467759e-01
4.796750966072467759e-01
5.591043696465840956e-02
0.000000000000000000e+00
0.000000000000000000e+00
7.727344187691029633e-05
0.000000000000000000e+00
6.914179208816271030e-03
5.498004716034649020e-03
4.796750966072467759e-01
4.796750966072467759e-01
6.530846150801471878e-03
0.000000000000000000e+00
1.814397503117745527e-03
4.610293293132446818e-02
1.292289491031461263e-02
2.426233161940470270e-02
6.028258771338482203e-02
1.390436756920445660e-01
5.961590435846174374e-02
2.266257881011082137e-02
1.291463663506138039e-02
8.923769010762735987e-02
2.177955480473935806e-02
1.827871115087094725e-02
4.317036139193070055e-02
1.211633988607225682e-01
1.547289764306868376e-01
7.348269503536658531e-02
4.855821469793272088e-02
1.021662905213664707e-02
1.666684537582101625e-02
7.532958458225563259e-05
0.000000000000000000e+00
6.740249105987201027e-03
5.359699286462432655e-03
4.774073516781272564e-01
4.774073516781272564e-01
6.366559008645634489e-03
0.000000000000000000e+00
1.768755303984740268e-03
3.545494717483937443e-03
2.406238051516008253e-02
9.455206994431785902e-03
6.564394475626314680e-03
4.774073516781272564e-01
4.774073516781272564e-01
2.716845888155783144e-03
4.026080361840406456e-05
0.000000000000000000e+00
2.332146562403491358e-02
1.957277536563502632e-02
4.622666111430300678e-02
1.297413132065804164e-01
1.656832078167704281e-01
7.868499432577137631e-02
5.199595423300008845e-02
1.093992808250942791e-02
1.784679553728677620e-02
1.786135454411932194e-02
2.434673227803654458e-03
8.563920795520105775e-04
3.227699765858307868e-02
6.602318721192357298e-02
1.056180622207525954e-01
9.586843079593659889e-02
4.768591718542503077e-02
4.828713821171979476e-02
3.796502449903431994e-03
2.576590683546201715e-02
1.012460019801650346e-02
7.029128991773984925e-03
4.770638491486195454e-01
4.770638491486195454e-01
2.909188390418247696e-03
4.311111755958905160e-05
0.000000000000000000e+00
6.294234713764404248e-04
2.870623566523808432e-03
1.396100195935052503e-02
3.510707518853486281e-02
4.770638491486195454e-01
4.770638491486195454e-01
2.424478940091194003e-03
1.554064178436287251e-04
9.502878761542787574e-04
1.740652159265444754e-02
2.372675152163918923e-03
8.345843641185791235e-04
3.145507555445511277e-02
6.434193056195666727e-02
1.029285363592505609e-01
9.342717578229720043e-02
4.647161250303477598e-02
4.705752365273553617e-02
1.173532096589833401e-02
2.568536895516914526e-02
8.196944105130045399e-02
2.084159811950726457e-02
8.649276612886824811e-02
3.645750183767240138e-01
1.062220916423431138e-01
1.631375205445278684e-02
1.286550390502512811e-02
6.133954296901132208e-04
2.797524172741463946e-03
1.360549007972832944e-02
3.421308618082224279e-02
4.441000819348153716e-01
4.441000819348153716e-01
2.362740458311312838e-03
1.514490494632068928e-04
9.260891381254856072e-04
0.000000000000000000e+00
0.000000000000000000e+00
0.000000000000000000e+00
1.420571025068358972e-01
4.441000819348153716e-01
4.441000819348153716e-01
7.930565098958914511e-03
1.134224659436480244e-02
1.269978319670789398e-02
1.178808586903157610e-02
2.580085672144322856e-02
8.233799591482110491e-02
2.093530709509586196e-02
8.688165897975638763e-02
3.662142377543062266e-01
1.066996924163147314e-01
1.638710271519689884e-02
1.292335038994715281e-02
7.773967117426862361e-02
6.783916407090324896e-02
1.003739938665704212e-01
1.478792471327204372e-01
1.205853147576034928e-01
9.815557392558363348e-02
3.522617914075546613e-02
2.079103722645212968e-02
3.715107185068188683e-02
0.000000000000000000e+00
0.000000000000000000e+00
0.000000000000000000e+00
1.426958263453183551e-01
4.187356339396446914e-01
4.187356339396446914e-01
7.966222879470789831e-03
1.139324413798581404e-02
1.275688456037188737e-02
7.622457601259816258e-03
2.150726543425305476e-02
9.658756245794797302e-02
1.914891673551064044e-01
4.187356339396446914e-01
4.187356339396446914e-01
6.641076486226291965e-03
3.016944969864445401e-04
6.325051642702322723e-03
7.537784527718960348e-02
6.577812763842749710e-02
9.732450967752763471e-02
1.433864954881236553e-01
1.169217860225321148e-01
9.517348803638024657e-02
3.415596491302511778e-02
2.015938019205986212e-02
3.602237703790749090e-02
9.980857971338230605e-02
8.074611350199153992e-02
1.796097001595595433e-01
3.332340486352923237e-01
2.877207792162558286e-01
1.234392718939378991e-01
5.444126499102686090e-02
5.642830437556748367e-03
2.715019054583957953e-02
7.390878055191435654e-03
2.085384851454289562e-02
9.365311466696700504e-02
1.856714932173350874e-01
3.910311901528850109e-01
3.910311901528850109e-01
6.439312493753380183e-03
2.925286507045443533e-04
6.132888869893461485e-03
6.991835827827703152e-03
2.049665904258035978e-02
1.052582857334132538e-01
7.447017317713958140e-02
3.910311901528850109e-01
3.910311901528850109e-01
1.430228206667750329e-02
9.416005761244158716e-04
9.281265888079924184e-03
2.248481249829349139e-03
2.648465261073181323e-02
2.169096352987343740e-02
6.533799687095218078e-02
4.889061613215550106e-01
4.889061613215550106e-01
6.639940459707967257e-02
1.803415807572084344e-03
3.406185847827744150e-03
0.000000000000000000e+00
3.753646515971243835e-03
1.052813569931570700e-02
5.720007408081661388e-02
4.889061613215550106e-01
4.889061613215550106e-01
4.498610782018417492e-02
0.000000000000000000e+00
0.000000000000000000e+00
1.143193807951083671e-03
2.040912762792664677e-04
2.580572586040689662e-03
3.244067848207338178e-02
8.607596491089083979e-02
8.427894102119649899e-02
1.695284111939669713e-02
4.782562225134442090e-03
3.046136180293823343e-03
4.557820881540358693e-03
3.653866720294412628e-03
8.678656603606164921e-03
1.825033650307957694e-02
2.699902375471198088e-02
1.038929712483560169e-01
2.711662196812385239e-02
3.002817981127941767e-04
4.098408002748008200e-04
0.000000000000000000e+00
4.720238436636562708e-03
1.323920901517735248e-02
7.192951896400620604e-02
4.844925541054410645e-01
4.844925541054410645e-01
5.657036546835481072e-02
0.000000000000000000e+00
0.000000000000000000e+00
7.818552465861945797e-05
0.000000000000000000e+00
6.995789444530348816e-03
5.562899398003634012e-03
4.844925541054410645e-01
4.844925541054410645e-01
6.607931785651618463e-03
0.000000000000000000e+00
1.835813408525529319e-03
5.731493687754682896e-03
4.594764600794655658e-03
1.091347528447598157e-02
2.294993401132700006e-02
3.395147335701639846e-02
1.306461847422993316e-01
3.409935398580354188e-02
3.776065964771867646e-04
5.153778572723293188e-04
1.805874501758453698e-04
3.765307563614252347e-03
8.391023191702740762e-04
2.514421176358666229e-02
1.344459408830758484e-01
1.157845832925134405e-01
1.247058154529882661e-02
8.961916831020223882e-04
1.712988547175510744e-05
7.243022659335056498e-05
0.000000000000000000e+00
6.480823872182612730e-03
5.153409990822349802e-03
4.618594000988783255e-01
4.618594000988783255e-01
6.121516721131144839e-03
0.000000000000000000e+00
1.700677737256271489e-03
3.409032283889432136e-03
2.313624431560992040e-02
9.091285832671996622e-03
6.311737705105444941e-03
4.618594000988783255e-01
4.618594000988783255e-01
2.612277293039650793e-03
3.871120682641201761e-05
0.000000000000000000e+00
1.672942657002417439e-04
3.488140307518818820e-03
7.773353364049942309e-04
2.329332652686876698e-02
1.245492692571431442e-01
1.072615889003807471e-01
1.155261221333088104e-02
8.302223072822937202e-04
1.586894110712582754e-05
6.956014921629176569e-03
5.009567590270836909e-03
2.745899981885156944e-03
2.789792879119672511e-02
2.990369948850813975e-01
1.666385522110624129e-01
1.310509829137553560e-02
2.038129606513644065e-03
4.957986948172446971e-03
3.635568197271763207e-03
2.467368655780942388e-02
9.695417025461545643e-03
6.731163262561425803e-03
4.599622135405826984e-01
4.599622135405826984e-01
2.785867500848270874e-03
4.128363145201523974e-05
0.000000000000000000e+00
6.027421252449835162e-04
2.748937445057690263e-03
1.336919319695278538e-02
3.361888152025621634e-02
4.599622135405826984e-01
4.599622135405826984e-01
2.321704949716258282e-03
1.488187187601037597e-04
9.100050444817444316e-04
7.418253780797311007e-03
5.342461759409580964e-03
2.928369641498699324e-03
2.975179295377910690e-02
3.189085047829315345e-01
1.777119635155670063e-01
1.397595405458786251e-02
2.173566737509765538e-03
5.287453497125301979e-03
9.564423661562117263e-02
5.792175495777183991e-02
4.554319920980722664e-02
2.882092829877372017e-02
5.792307079733346672e-03
5.188858215419381303e-03
6.606518167381442500e-03
4.133027820221445506e-03
4.035540829829856874e-02
6.845549475080763176e-04
3.122062735601231070e-03
1.518385220453200186e-02
3.818211920234584889e-02
4.870053985645538264e-01
4.870053985645538264e-01
2.636840106930093790e-03
1.690185337015149755e-04
1.033524005318342195e-03
0.000000000000000000e+00
0.000000000000000000e+00
0.000000000000000000e+00
1.585370344197787884e-01
4.870053985645538264e-01
4.870053985645538264e-01
8.850583672868056820e-03
1.265805163555199300e-02
1.417307498358501110e-02
1.086264467565543068e-01
6.578372783979091754e-02
5.172497663366017878e-02
3.273291882607682474e-02
6.578522228400563061e-03
5.893164613041667124e-03
7.503249744564948788e-03
4.694021744989456887e-03
4.583302419435249936e-02
1.705980645776346283e-02
1.301827326840930728e-02
1.577080220341033068e-02
1.970902955976185783e-02
1.919219146299979556e-02
1.545613890137823715e-02
1.257715053723772181e-02
2.286422625930379336e-03
4.837778565786048264e-03
0.000000000000000000e+00
0.000000000000000000e+00
0.000000000000000000e+00
1.665741197953115316e-01
4.758412132273902029e-01
4.758412132273902029e-01
9.299266826696888505e-03
1.329975558854419766e-02
1.489158352699125262e-02
8.897976893411730162e-03
2.510622700516264988e-02
1.127502367215186402e-01
2.235323927787776777e-01
4.758412132273902029e-01
4.758412132273902029e-01
7.752374393273759288e-03
3.521791531659261131e-04
7.383466896175239907e-03
1.792465877124917867e-02
1.367823877163161332e-02
1.657030803631139027e-02
2.070818508087044971e-02
2.016514571243576207e-02
1.623969277811817061e-02
1.321475318332390216e-02
2.402333548046503564e-03
5.083031288617945523e-03
4.768028923801128152e-03
1.042010631946613600e-02
9.034792563012091632e-03
1.386591697076534728e-02
7.669994398653443880e-03
3.374680256437934817e-03
5.253023818658330690e-04
3.399644014636162026e-04
8.470470307009900050e-04
9.376840160474204239e-03
2.645737120696497330e-02
1.188181269133340989e-01
2.355622567784913246e-01
4.744440332811826755e-01
4.744440332811826755e-01
8.169584661846520865e-03
3.711324120804553538e-04
7.780823634960209491e-03
8.870573495630361058e-03
2.600420332074281082e-02
1.335416595318421606e-01
9.448064294801632179e-02
4.744440332811826755e-01
4.744440332811826755e-01
1.814536944971661611e-02
1.194612877035268689e-03
1.177518368852764445e-02
5.024630388971300030e-03
1.098088617033003700e-02
9.521018851951893597e-03
1.461214034052415317e-02
8.082771215236272261e-03
3.556295744120941196e-03
5.535726300120408054e-04
3.582602979263665218e-04
8.926326411533360176e-04
7.088806354392567172e-05
5.047468978918781806e-04
5.009845412229992512e-05
1.761891276487935433e-03
1.772629240970023320e-02
1.602810671719165705e-02
8.657119644069955801e-04
5.288067394664109743e-05
3.518129928073001960e-04
7.927552148138226548e-03
1.415284289007627235e-03
1.789514919133366674e-02
2.249620043416353521e-01
3.065091292757906039e-01
3.065091292757906039e-01
1.175605843019663782e-01
3.316499020356099975e-02
2.112363035178647583e-02
3.160650667365284827e-02
2.533797748554652077e-02
6.018271120990534989e-02
1.265581508078154060e-01
1.872264941216865153e-01
3.065091292757906039e-01
1.880419866154932895e-01
2.082323746961504008e-03
2.842067805140010856e-03
2.109066517217960957e-01
5.292740595723964547e-02
9.830570673109428892e-02
1.625458984897340531e-01
3.065091292757906039e-01
3.065091292757906039e-01
7.813705947737835389e-02
3.102337645228114490e-02
7.262501111629139638e-02
1.804319892212689555e-02
4.033988035721024212e-02
1.357665685541271372e-01
2.137481969457471209e-01
3.065091292757906039e-01
3.065091292757906039e-01
1.475894895276529395e-01
7.912391098967812633e-03
2.588961441336842459e-02
1.448582860035795179e-02
1.161284930110043252e-02
2.758281540864680748e-02
5.800386925102684471e-02
8.580925855857098050e-02
3.247304821470192171e-01
8.618301338735155637e-02
9.543663018629111898e-04
1.302570623224639720e-03
4.564183427806898933e-04
9.516472138960854754e-03
2.120754734430355375e-03
6.354970654100286498e-02
3.247304821470192171e-01
2.926349952583262581e-01
3.151825975102037769e-02
2.265042905345664419e-03
4.329422632319351264e-05
8.269521516149454937e-03
1.848849031774248836e-02
6.222425217821573457e-02
9.796463040228160779e-02
1.888077292740918955e-01
1.769136435976685351e-01
6.764290880314538512e-02
3.626390681580469750e-03
1.186567439400186899e-02
1.794539148579271381e-01
2.888468364788243092e-01
2.068049948200014199e-01
3.247304821470192171e-01
3.247304821470192171e-01
3.247304821470192171e-01
2.547268056020054461e-01
1.223310949227776889e-01
1.972538099646984067e-01
1.855333814080685267e-04
3.868431851928152455e-03
8.620836634628813470e-04
2.583286173427986471e-02
1.381281479102625942e-01
1.189556928361653748e-01
1.281212598091060507e-02
9.207365915726654351e-04
1.759903897869405384e-05
7.714388560378355672e-03
5.555731456334519168e-03
3.045269403078954950e-03
3.093947686280294762e-02
3.316392501255724379e-01
1.848061793107754480e-01
1.453387053947594564e-02
2.260334961641343073e-03
5.498527278392991401e-03
7.294775102083272955e-02
1.174158118940679535e-01
8.406592457978727395e-02
3.487126341098596982e-01
3.178123641172470037e-01
3.127262181733155844e-01
1.035460697979101868e-01
4.972740918802221605e-02
8.018338205999772650e-02
1.960556149440939311e-01
9.358879342418778557e-02
1.084057318016454496e-01
3.537176927517433622e-01
3.558715468929451453e-01
3.558715468929451453e-01
1.173651856394935383e-01
1.095051782088418864e-02
5.505088721414264780e-02
8.675383022718724524e-03
6.247818343325055486e-03
3.424623775728017315e-03
3.479365995199430739e-02
3.729521137920813745e-01
2.078277983974896881e-01
1.634437943405555455e-02
2.541908720102003475e-03
6.183488143950424502e-03
1.118525209671205195e-01
6.773742506726697366e-02
5.326114593812031339e-02
3.370504696258877497e-02
6.773896389466907246e-03
6.068184481079540692e-03
7.726087195472529194e-03
4.833428518823139688e-03
4.719420963086992660e-02
2.204785953005266308e-01
1.052473080963279156e-01
1.219100176088704496e-01
3.881253272894656936e-01
3.881253272894656936e-01
3.881253272894656936e-01
1.319855658016214905e-01
1.231464239190697453e-02
6.190866957053468150e-02
2.671230614909126874e-02
7.618415162020304721e-02
3.067929013731810969e-02
1.230147192851236970e-01
3.054722979052646448e-01
3.031739884289570419e-01
1.224153283496711292e-01
4.724221514641778474e-02
1.403066291981971414e-01
3.362179839710511264e-01
2.154508746390895457e-01
1.694065055654647156e-01
1.072048699907029445e-01
2.154557691521208351e-02
1.930093523073280609e-02
2.457418837739101108e-02
1.537357525550802316e-02
1.501095403726086797e-01
5.587324317421060726e-02
4.263665885278262319e-02
5.165157463803036336e-02
6.454981796227524105e-02
6.285710118183712725e-02
5.062100848032120154e-02
4.119192044444001943e-02
7.488352678203433720e-03
1.584439887394738233e-02
8.496321963425129686e-02
2.423171840959383039e-01
9.758091463954537970e-02
3.362179839710511264e-01
3.362179839710511264e-01
3.362179839710511264e-01
3.362179839710511264e-01
1.502622304151075838e-01
3.362179839710511264e-01
9.685396368817844950e-03
2.068192672993129921e-02
2.879555090449166174e-02
6.965590115514583291e-02
1.330176769147492777e-01
2.539135017153090756e-01
6.459227276094686720e-02
5.350756120776143342e-03
5.136552996005600003e-03
2.297575891629630995e-01
1.753271403529449157e-01
2.123975733483519646e-01
2.654367227203654478e-01
2.584760649078856054e-01
2.081597596397415373e-01
1.693861998452145801e-01
3.079301934884231401e-02
6.515410024909387698e-02
6.111641200941419355e-02
1.335645234498067935e-01
1.158076248120656487e-01
1.777327923166284462e-01
9.831369424753824693e-02
4.325652219157948702e-02
6.733305798414645355e-03
4.357650668742225897e-03
1.085741637624173216e-02
3.982753091401775719e-02
8.504660468514491090e-02
1.184108166731429185e-01
2.864335594495597825e-01
3.102683421632194682e-01
3.102683421632194682e-01
2.656113020294773031e-01
2.200296164436608970e-02
2.112213227519910488e-02
3.104334871964376658e-02
8.322850468561446280e-02
3.816281687410068291e-02
7.718823172742063365e-02
3.102683421632194682e-01
3.102683421632194682e-01
1.731729564289095566e-02
8.828174389550944717e-03
3.834552347032127440e-02
1.048347362512722786e-01
2.291070618843021878e-01
1.986481438273746680e-01
3.048701615998954395e-01
1.686403024565853725e-01
7.419915446611978493e-02
1.154983275797063190e-02
7.474803305900915192e-03
1.862403804068563790e-02
1.479020518862950162e-03
1.053112444455367967e-02
1.045262600018434388e-03
3.676039688002714911e-02
3.413819118212687576e-01
3.344131230014799061e-01
1.806236049867121843e-02
1.103311303882915408e-03
7.340285644030231267e-03
5.324954735364412217e-02
1.427642436856430830e-01
6.546177548815658442e-02
1.324031900563756858e-01
3.413819118212687576e-01
3.413819118212687576e-01
2.970485441828837544e-02
1.514322099874332826e-02
6.577517735839730206e-02
0.000000000000000000e+00
0.000000000000000000e+00
9.239635058162810888e-03
1.505854221008447180e-01
3.413819118212687576e-01
3.413819118212687576e-01
3.477740953814667003e-03
0.000000000000000000e+00
0.000000000000000000e+00
1.945367775486502304e-01
4.881935640660763770e-02
9.067554411387662716e-02
1.499296254423207186e-01
2.637135396474794002e-01
2.637135396474794002e-01
7.207232030740881590e-02
2.861544495839979038e-02
6.698809884211039123e-02
1.664274571866003471e-02
3.720883275763827575e-02
1.252288181986642712e-01
1.971577714652165136e-01
2.637135396474794002e-01
2.637135396474794002e-01
1.361340832940295120e-01
7.298257568131256284e-03
2.388014848672165985e-02
2.408920990162581599e-01
2.146393984611951467e-01
2.637135396474794002e-01
2.637135396474794002e-01
2.637135396474794002e-01
2.637135396474794002e-01
2.344967882853269542e-02
7.163948085500987384e-02
1.532951903928017889e-01
9.600306776289517507e-02
7.809527834556848069e-02
5.419429060558097339e-02
7.407758252925415732e-02
2.637135396474794002e-01
2.423749680325106015e-01
2.103277791784740822e-02
3.197382847797064238e-03
3.282212493047798052e-02
7.518728864711847829e-03
1.680991403740652451e-02
5.657489130704916602e-02
8.907038852103166260e-02
1.716658117645024628e-01
1.608515941438050101e-01
6.150158626687932117e-02
3.297149446805838942e-03
1.078838580820275748e-02
1.631612333183817820e-01
2.626223346384470303e-01
1.880290994930192694e-01
3.561010876083265941e-01
3.561010876083265941e-01
3.561010876083265941e-01
2.316000728887913918e-01
1.112246134980696272e-01
1.793450699365904955e-01
4.337151146162460807e-02
3.528127109676272577e-02
2.448347069449612404e-02
3.346618805611487057e-02
1.195701305479058563e-01
1.094982582222840534e-01
9.502023110206220952e-03
1.444488494606521170e-03
1.482812165058016059e-02
3.561010876083265941e-01
6.797880942178237407e-02
5.140629028145470708e-02
7.108704334740645336e-03
8.167237186834010870e-03
2.494737679505340880e-02
8.451480186493961697e-03
1.630774906320466011e-01
3.561010876083265941e-01
6.324984356189751467e-02
1.018061781215445771e-01
7.288993154894278514e-02
3.023536606249447867e-01
2.755613714083109400e-01
2.711513939822108310e-01
8.978032392385572324e-02
4.311648827916073068e-02
6.952354665615871621e-02
1.699913541008847839e-01
8.114679973528052259e-02
9.399392690953475848e-02
3.066933307544167930e-01
3.246516931139707407e-01
3.246516931139707407e-01
1.017622822832610491e-01
9.494720939304828258e-03
4.773224610096331311e-02
2.196434297579980821e-01
2.635214857111146947e-02
1.992777176460086216e-02
2.755706290983728126e-03
3.166049090791993488e-03
9.670910469816064101e-03
3.276236571582695316e-03
6.321738050861930303e-02
3.246516931139707407e-01
3.090692779593001704e-01
2.643235465108212390e-01
6.970664721039290801e-02
4.652090719260762279e-03
1.155483047333818146e-02
2.597455294312670665e-02
2.719114103103728933e-02
4.411217076180319607e-02
1.737191843017939774e-01
1.670700108464566735e-01
7.975227201192111592e-02
9.237861814405826100e-02
3.014227303893782794e-01
3.230659913906355762e-01
3.230659913906355762e-01
1.000134724189253171e-01
9.331551823349352667e-03
4.691195570500002188e-02
2.024153533806503577e-02
5.772935472564225123e-02
2.324755983235840540e-02
9.321571764018919681e-02
2.314748969384544386e-01
2.297333283811446580e-01
9.276152275587024043e-02
3.579829319106608149e-02
1.063188470972473432e-01
3.037578463568345044e-01
2.597810813150464027e-01
6.850872132355027844e-02
4.572143395389015666e-03
1.135625786805547974e-02
2.552817385856363461e-02
2.672385458078592804e-02
4.335409225142967948e-02
1.707337773679588333e-01
3.063533886104318205e-01
3.230659913906355762e-01
2.020814863220498081e-01
1.601712840936067306e-01
1.561790157503601673e-01
1.281508588122666770e-01
2.941224654795931634e-02
8.968406954736609163e-03
3.625372287122895221e-02
4.443177122023754533e-02
1.267205001508979190e-01
5.103023276883867504e-02
2.046158738033293789e-01
3.162315003707880101e-01
3.162315003707880101e-01
2.036188801043626873e-01
7.858008528381155156e-02
2.333782794500157409e-01
5.065007158263936521e-03
1.081567578081247920e-02
1.505871994325056265e-02
3.642676298741927277e-02
6.956199417072259084e-02
1.327848293239108080e-01
3.377872329066738261e-02
2.798194004853478238e-03
2.686175836575072084e-03
3.162315003707880101e-01
3.162315003707880101e-01
3.162315003707880101e-01
3.162315003707880101e-01
3.162315003707880101e-01
2.813012721281004658e-01
6.456220775084126062e-02
1.968636268778891502e-02
7.957978945733086562e-02
4.151741420391075882e-02
7.051427101759481786e-02
7.542524547420011161e-02
6.538799006447457152e-02
4.755422111165837074e-02
1.654106517420845385e-02
8.728200829367769101e-03
7.264728197134183788e-03
2.668069327751558875e-02
3.196274137872226473e-02
6.825235128329210088e-02
9.502809295252798161e-02
2.298711864071610878e-01
2.933010387545942343e-01
2.933010387545942343e-01
2.131607247349052714e-01
1.765801083986587652e-02
1.695111988581081419e-02
2.491318200963936122e-02
6.679327363644771420e-02
3.062676038501547029e-02
6.194578050822852067e-02
2.933010387545942343e-01
2.933010387545942343e-01
1.389762883387239863e-02
7.084864373557291616e-03
3.077338769404431434e-02
2.619957546847241359e-01
2.933010387545942343e-01
2.933010387545942343e-01
2.933010387545942343e-01
2.933010387545942343e-01
1.043824365438861396e-01
5.507933495325057632e-02
4.584408694721359839e-02
1.683685871288172209e-01
8.999541334808940085e-02
1.161907192713283465e-01
9.928741988817657571e-02
1.632301334284407268e-01
7.281361471179827183e-02
9.113713004197419865e-02
2.413413351844607285e-02
1.343121383591007294e-02
4.083619732763165561e-02
3.467902242665837215e-02
9.297589659530733353e-02
4.263229441493646132e-02
8.622821085843346278e-02
3.686881555665605936e-01
3.686881555665605936e-01
1.934542852939288848e-02
9.862095111148867430e-03
4.283639888204967411e-02
0.000000000000000000e+00
0.000000000000000000e+00
6.017356528275522032e-03
9.806947644984316537e-02
3.686881555665605936e-01
3.686881555665605936e-01
2.264895431513814106e-03
0.000000000000000000e+00
0.000000000000000000e+00
1.252731568607827473e-01
1.617368892428483196e-01
1.382075826225204196e-01
2.272155140873262369e-01
1.013561806990173203e-01
1.268624206817110522e-01
3.359459089610988131e-02
1.869618122857812439e-02
5.684377862275671184e-02
3.395559020006964218e-03
2.318079166215793532e-02
7.897213343566075738e-02
4.493872406209637599e-02
3.686881555665605936e-01
3.686881555665605936e-01
2.652394890260736243e-02
1.292298616266423714e-02
4.057415591469585962e-03
4.355423380752401763e-02
3.880764285363408339e-02
7.955269031138491320e-02
8.350373989193524138e-02
6.023733130670767127e-02
5.857182876290398243e-02
4.239793661062861950e-03
1.295269837305105566e-02
2.771637007275353295e-02
1.735773018982454674e-02
1.411993181269508013e-02
9.798539735041578158e-03
1.339351669295528804e-02
4.785321043397423174e-02
4.382234232624895864e-02
3.802808522141805890e-03
5.780993261872049548e-04
5.934368578793939621e-03
6.775450575414464910e-03
3.646186204941082032e-02
6.548124049490354481e-02
8.222029465181050767e-02
4.815307335529398491e-01
4.815307335529398491e-01
5.862418991933707191e-02
2.946413470204291458e-03
5.868046834777946663e-04
5.251649335169453897e-02
5.997428656962132398e-02
6.138496170015664971e-02
7.204210001559174792e-02
4.815307335529398491e-01
4.815307335529398491e-01
1.058237131548383225e-01
5.970695454434291234e-03
1.849357466751752957e-02
1.395823858860971434e-02
1.135455931974539874e-02
7.879506937022244181e-03
1.077041177022043314e-02
3.848121391239989891e-02
3.523978671244087923e-02
3.058032823322170447e-03
4.648792344730577424e-04
4.772129281287776012e-03
1.823483343551646207e-01
2.187759681187107647e-02
1.654406868754755566e-02
2.287791866511014807e-03
2.628459129547810937e-03
8.028805677510445285e-03
2.719936956183072012e-03
5.248317261638286296e-02
3.019552397761911533e-01
4.223119820527051343e-02
4.822839115284621031e-02
4.936278717281505912e-02
5.793273714045889949e-02
4.375355591356939189e-01
4.375355591356939189e-01
8.509825999102942073e-02
4.801341579890276191e-03
1.487162922470149952e-02
1.594634441552770232e-01
1.151524094451031183e-01
7.269768804730471212e-02
1.943568427599776938e-01
4.375355591356939189e-01
4.375355591356939189e-01
2.886930543066301355e-02
1.091467753024689437e-02
5.372112497173425760e-02
1.630687825113224243e-01
1.956449500348486290e-02
1.479487678460201898e-02
2.045905358173570436e-03
2.350554128458876707e-03
7.179926109451407676e-03
2.432360073486809684e-03
4.693416636433746236e-02
2.700297400431029282e-01
2.294607715969766149e-01
1.962404200575682267e-01
5.175196046642102643e-02
3.453828646538199647e-03
8.578595496746801302e-03
1.928415855360827991e-02
2.018738401558517123e-02
3.274998022014297822e-02
1.289734726605089032e-01
1.426034944899225720e-01
1.029774320553119432e-01
6.501141632679868776e-02
1.738076403806561032e-01
3.779217022202367993e-01
3.779217022202367993e-01
2.581697554394135272e-02
9.760676908045683164e-03
4.804123095095982204e-02
2.463630839858321070e-02
5.583121777986363443e-02
1.006994864754562347e-01
3.582834722048591769e-01
3.779217022202367993e-01
3.779217022202367993e-01
3.734293821736973940e-02
3.865739118647397443e-03
4.269385909236376314e-02
1.964259726665661954e-01
1.679882583764974180e-01
4.430138145736267630e-02
2.956590996353359452e-03
7.343560090180214703e-03
1.650787441611958201e-02
1.728106513918414855e-02
2.803506095957514904e-02
1.104055374659911742e-01
1.981043882791166943e-01
2.630752697652039007e-01
1.306766326690508018e-01
1.035752677624016821e-01
1.009936548036801524e-01
8.286915841734242283e-02
1.901952231286542852e-02
5.799448740113505654e-03
2.344358462892117551e-02
2.108949083726066598e-02
4.779335997714868889e-02
8.620207471761959228e-02
3.067024442931899908e-01
3.592186617723580055e-01
3.592186617723580055e-01
3.196678417197036659e-02
3.309199917575428914e-03
3.654734855435904511e-02
8.848122505037487456e-03
7.434649361897873419e-03
1.008513593872007036e-01
3.592186617723580055e-01
3.592186617723580055e-01
3.592186617723580055e-01
3.400039875205929096e-02
4.047642525265092439e-03
9.641123481358903832e-03
2.737890568917036860e-01
3.635816986500267634e-01
1.806009060527941634e-01
1.431456169361544073e-01
1.395777132497811879e-01
1.145288548405422185e-01
2.628582396283583519e-02
8.015095550585727910e-03
3.240007443282764271e-02
1.690337860451989263e-02
2.870914393121946212e-02
3.070859553842736692e-02
2.662203254807440564e-02
1.936120105518751577e-02
6.734520743234224949e-03
3.553595183709457907e-03
2.957757691073237358e-03
1.086276369924871199e-02
1.222849800027293703e-02
1.027501538353909130e-02
1.393810546688363516e-01
3.782835566607740119e-01
3.782835566607740119e-01
3.782835566607740119e-01
4.699006008464820527e-02
5.594021612816061154e-03
1.332446054460254339e-02
7.381931732503201060e-02
1.746389534905194163e-01
1.314342718107040509e-01
3.470819712194150863e-01
1.952429324532998778e-01
1.762974171828730063e-01
3.680362617513303902e-02
1.372597888520617725e-02
7.866812993565953926e-02
2.959650474527428243e-02
5.026748406178960932e-02
5.376836872900350034e-02
4.661311392665867803e-02
3.389996120366390447e-02
1.179162342615830417e-02
6.222069515103787092e-03
5.178804284476769791e-03
1.901985661527098859e-02
1.016638487678880182e-02
1.312555303962413891e-02
1.121606186864596878e-02
1.843938816642313322e-02
8.225432873641755696e-03
1.029535957559253936e-02
2.726326608083085891e-03
1.517264982051572380e-03
4.613085083919018711e-03
1.292518984884485633e-01
3.057792608579330551e-01
2.301312146139236348e-01
4.274980873602914344e-01
3.418552297757920799e-01
3.086831021365922245e-01
6.444029458373265462e-02
2.403312430693069213e-02
1.377417932483641638e-01
1.277420648108202120e-02
6.982196444493528331e-02
6.404352691962747479e-02
1.293796626693239638e-01
4.274980873602914344e-01
4.274980873602914344e-01
7.270079073732736707e-02
2.821969596425202495e-02
9.811529257022807982e-02
1.230492303766773411e-02
1.588656360513627727e-02
1.357540362203970945e-02
2.231818438898075171e-02
9.955684315350613045e-03
1.246102806042855352e-02
3.299819896116747923e-03
1.836427506745155454e-03
5.583465274213201754e-03
3.335278958242986593e-04
2.276927192567286106e-03
7.757017132777639309e-03
4.414094406590240993e-03
1.108000362368329883e-01
9.526744762644576148e-02
2.605307937312691721e-03
1.269356932747730746e-03
3.985385842902467043e-04
1.546130994665234279e-02
8.450928321583253688e-02
7.751532913199474240e-02
1.565951723331079071e-01
4.902902890334139285e-01
4.902902890334139285e-01
8.799368169139842877e-02
3.415581754919601309e-02
1.187542217343489775e-01
1.948104094095870487e-01
1.850723885082584952e-01
3.081771354981894806e-01
2.884943074941692664e-01
2.487966682320057465e-01
2.959479934866502959e-01
1.393111258560513210e-01
2.998576317357531940e-02
1.236060565132581918e-01
2.996041698948964313e-03
1.612309881172398901e-02
2.895520007680605495e-02
3.635705530353249698e-02
2.858841361280423099e-01
3.395468685365349848e-01
2.592307561105530733e-02
1.302876837609723455e-03
2.594796141259544226e-04
2.322230857017624703e-02
2.652007588680678832e-02
2.714386340731358288e-02
3.185635159228674546e-02
3.395468685365349848e-01
3.395468685365349848e-01
4.679426907783400258e-02
2.640186413302248424e-03
8.177688000199068857e-03
1.214300025995375745e-02
5.108270004780935021e-03
6.030989697778811609e-02
3.127489281208057914e-01
3.395468685365349848e-01
3.395468685365349848e-01
2.045900136859064508e-02
3.998096493307605297e-03
1.268800106551036706e-02
0.000000000000000000e+00
0.000000000000000000e+00
0.000000000000000000e+00
2.542882492313135526e-02
3.395468685365349848e-01
3.395468685365349848e-01
3.807302421855499573e-04
0.000000000000000000e+00
0.000000000000000000e+00
2.117672149077121091e-02
2.418399786876841359e-02
2.475283772167416463e-02
2.905021623252086391e-02
3.418391398251606206e-01
3.418391398251606206e-01
4.267229507483790568e-02
2.407619905198579453e-03
7.457338735092139057e-03
7.996251795702084830e-02
5.774286800855833734e-02
3.645406141018767837e-02
9.745971944598999515e-02
3.418391398251606206e-01
2.809908528326439114e-01
1.447643606429479049e-02
5.473135881585544649e-03
2.693831456468956734e-02
0.000000000000000000e+00
0.000000000000000000e+00
0.000000000000000000e+00
2.318887209716580938e-02
3.418391398251606206e-01
3.418391398251606206e-01
3.471927985761008822e-04
0.000000000000000000e+00
0.000000000000000000e+00
0.000000000000000000e+00
1.866989786003063825e-02
3.062080706884601905e-02
2.744658088569908450e-01
3.418391398251606206e-01
3.418391398251606206e-01
3.101216673302271964e-03
5.031428212838642009e-04
2.785571765772239597e-03
8.638173732249224135e-02
6.237834155302107025e-02
3.938051524047022495e-02
1.052835766031316594e-01
3.239544320229686414e-01
3.035481955740659266e-01
1.563857328934912388e-02
5.912507486414372328e-03
2.910086465621820537e-02
1.492338689380934974e-02
3.381963118018719433e-02
6.099848128088774385e-02
2.170293855258763616e-01
3.239544320229686414e-01
3.239544320229686414e-01
2.262039854970625957e-02
2.341662539888740482e-03
2.586170650720401656e-02
0.000000000000000000e+00
2.016867720010716986e-02
3.307897975705913207e-02
2.964993350688786000e-01
3.239544320229686414e-01
3.239544320229686414e-01
3.350175693533284562e-03
5.435340473795615681e-04
3.009191490108165026e-03
5.478932566650194375e-03
2.452605165007642161e-03
2.473987575225423258e-04
1.962691942452836694e-02
3.239544320229686414e-01
3.239544320229686414e-01
6.968259966095811941e-02
5.247228974966049349e-03
2.345627769069686275e-03
1.438380554501166031e-02
3.259682282321725577e-02
5.879297370821965490e-02
2.091823056770409639e-01
2.982844346678352743e-01
2.982844346678352743e-01
2.180251818202276828e-02
2.256995604648568115e-03
2.492663093899263188e-02
6.034743775133823845e-03
5.070703296826220043e-03
6.878432265479976493e-02
2.982844346678352743e-01
2.982844346678352743e-01
2.982844346678352743e-01
2.318951784451907597e-02
2.760640522258115629e-03
6.575599499363022835e-03
5.280832105587224788e-03
2.363926903670600724e-03
2.384536195170228212e-04
1.891727356925514136e-02
2.982844346678352743e-01
2.982844346678352743e-01
6.716310248646707726e-02
5.057506165532152896e-03
2.260817463981572382e-03
1.416534096176249626e-02
1.324035161662987514e-01
2.841519296493439373e-01
2.982844346678352743e-01
2.982844346678352743e-01
1.705805494097476505e-01
6.345717015501789460e-02
1.910704984913035032e-02
8.587321646562008637e-02
8.573682369784469542e-03
7.204050590771415331e-03
9.772327648657221089e-02
3.152185641579251518e-01
3.152185641579251518e-01
3.152185641579251518e-01
3.294581637858297329e-02
3.922097748793340090e-03
9.342087021284035953e-03
5.175642826167416166e-02
1.224434036449821572e-01
9.215160349077552993e-02
2.433471860115217211e-01
1.368893291524858613e-01
1.236061908425384048e-01
2.580387230507242419e-02
9.623600803099404202e-03
5.515604276814894263e-02
2.012498601287437267e-02
1.881083496750937389e-01
3.152185641579251518e-01
3.152185641579251518e-01
3.152185641579251518e-01
2.423472318955364191e-01
9.015488333345605954e-02
2.714577164072705731e-02
1.220018130813922547e-01
1.460947697694378045e-01
1.981595910290994689e-01
1.796845969298411783e-01
1.056159030657507492e-01
1.626871948775033550e-01
1.376668720746982155e-01
3.962191522794840381e-02
8.582246079510587322e-03
1.937260796534145610e-02
7.676169626599031737e-02
1.815999224840277870e-01
1.366731367516138551e-01
3.189175990148756523e-01
2.030251595672687148e-01
1.833244912125636672e-01
3.827058927547984102e-02
1.427308542424448982e-02
8.180377866874209702e-02
7.586501779913880708e-03
4.146672110890424479e-02
3.803495204866625540e-02
7.683757441834804247e-02
3.189175990148756523e-01
3.189175990148756523e-01
4.317643363184175964e-02
1.675945773841073030e-02
5.826990841451916425e-02
2.166780575814142296e-01
2.938971418557576043e-01
2.664962578845313512e-01
1.566424914602325968e-01
2.412868402822226921e-01
2.041783595780359561e-01
5.876459261886111257e-02
1.272861727445000028e-02
2.873216522974074427e-02
2.677454144478350843e-03
6.169660404529020946e-03
3.312061217513806704e-03
4.577597303456173994e-02
3.189175990148756523e-01
3.189175990148756523e-01
2.574653157141139695e-02
1.205463252985798964e-04
2.520941265188731285e-03
8.965127494861684435e-03
4.900208980632689282e-02
4.494669668173653654e-02
9.080056540423464551e-02
3.713913731627156434e-01
3.713913731627156434e-01
5.102249277891677398e-02
1.980500100420513540e-02
6.885876695279810611e-02
1.129593911323988342e-01
1.073128709326701402e-01
1.786942581369530547e-01
1.672813142709851097e-01
1.442629284771358156e-01
1.716032795805108591e-01
8.077853746296841109e-02
1.738702547257561792e-02
7.167206786501112425e-02
3.164003444966793747e-03
7.290816469989738410e-03
3.913931868363069652e-03
5.409442274735155182e-02
3.713913731627156434e-01
3.713913731627156434e-01
3.042521372621426190e-02
1.424521085858240050e-04
2.979048908854464110e-03
4.269515246301956030e-03
3.287736565042189557e-03
2.196914090105775083e-02
3.091463550726158624e-02
3.713913731627156434e-01
3.713913731627156434e-01
1.027988158952927202e-02
5.658959434509446083e-04
1.702064578537674621e-04
1.253391890129208243e-02
5.272720134658960035e-03
6.225144869327008806e-02
3.228172294832129530e-01
3.257389492162188205e-01
3.257389492162188205e-01
2.111763637204397068e-02
4.126806895650072561e-03
1.309646487442470662e-02
0.000000000000000000e+00
0.000000000000000000e+00
0.000000000000000000e+00
2.624745306090416064e-02
3.257389492162188205e-01
3.257389492162188205e-01
3.929870605834236640e-04
0.000000000000000000e+00
0.000000000000000000e+00
3.257389492162188205e-01
3.257389492162188205e-01
7.696182518929764460e-02
5.330292679659296567e-02
5.098185299743602378e-02
7.456968271705784190e-02
2.174731191682247045e-02
1.299370188040514448e-02
1.413192212671057768e-01
0.000000000000000000e+00
1.122167489471340845e-02
2.769962414564073119e-02
4.130415543608197126e-02
3.257389492162188205e-01
3.257389492162188205e-01
3.769448871730513712e-02
1.133245555983549520e-03
0.000000000000000000e+00
0.000000000000000000e+00
0.000000000000000000e+00
0.000000000000000000e+00
2.877501664464583372e-02
3.615350988985346903e-01
3.615350988985346903e-01
4.308307241536568459e-04
0.000000000000000000e+00
0.000000000000000000e+00
0.000000000000000000e+00
2.316743218148502662e-02
3.799728720683333977e-02
3.405839742939189563e-01
3.615350988985346903e-01
3.615350988985346903e-01
3.848292449024842601e-03
6.243487391888620768e-04
3.456609428396837779e-03
0.000000000000000000e+00
1.230229390740967231e-02
3.036702814523630639e-02
4.528164151426262302e-02
3.615350988985346903e-01
3.615350988985346903e-01
4.132437298716350182e-02
1.242374247140543573e-03
0.000000000000000000e+00
2.784171280767363133e-03
1.516159695805909674e-02
3.694571617500173877e-02
1.761484563331425571e-02
2.179528962209054122e-01
2.011643901253774569e-01
4.509117247359580721e-02
7.572588883442323525e-03
1.066421421863652554e-02
0.000000000000000000e+00
2.661595170146304964e-02
4.365326088628566914e-02
3.381409597722216942e-01
3.381409597722216942e-01
3.381409597722216942e-01
4.421118626958021880e-03
7.172843221011175868e-04
3.971132790044701148e-03
7.230370297599866478e-03
3.236623798721680479e-03
3.264841474673889810e-04
2.590101146787049391e-02
3.381409597722216942e-01
3.381409597722216942e-01
9.195787550204788385e-02
6.924598553417856371e-03
3.095449185474472269e-03
3.198600852999439106e-03
1.741843158065881081e-02
4.244516136215042285e-02
2.023685132354479874e-02
2.503956292422289120e-01
2.311081197816250710e-01
5.180308543985720493e-02
8.699784179699170811e-03
1.225160425004388071e-02
1.813800627032851054e-01
2.931194610372703790e-01
6.871220714501351245e-02
2.657495991192974222e-02
3.381409597722216942e-01
2.261321209154779632e-01
1.885813707462947672e-02
1.964986342510676928e-02
6.633954211108053500e-02
6.777103216518125944e-03
3.033722016181820622e-03
3.060170744889652425e-04
2.427729437152710557e-02
2.800804518972168644e-01
2.800804518972168644e-01
8.619309775268038654e-02
6.490500098597022649e-03
2.901397545076107951e-03
1.817894905112902790e-02
1.699187320005040303e-01
2.800804518972168644e-01
2.800804518972168644e-01
2.800804518972168644e-01
2.189128468706881547e-01
8.143712645469305955e-02
2.452084186764998813e-02
1.102045359302701172e-01
1.700094678092404499e-01
2.747439979497546814e-01
6.440468480723741951e-02
2.490899343810430017e-02
2.800804518972168644e-01
2.119560494049764487e-01
1.767593306644830650e-02
1.841802662121450399e-02
6.218076055836112281e-02
1.469858685860227498e-01
1.559431230427550386e-01
1.401323132356879497e-01
2.800804518972168644e-01
2.800804518972168644e-01
1.900533624350831952e-01
4.050160273030607022e-02
1.807245290710794011e-02
7.459417540038879024e-02
2.114721686553167404e-02
1.976631468092292232e-01
2.575595119128283317e-01
2.575595119128283317e-01
2.575595119128283317e-01
2.546570450472687708e-01
9.473422083968947860e-02
2.852461708551837227e-02
1.281987871976548177e-01
1.535155242969016842e-01
2.082249320718367880e-01
1.888115169988276443e-01
1.109805693853201936e-01
1.709507469530013035e-01
1.446595389979724033e-01
4.163447534408813711e-02
9.018173673296768153e-03
2.035662244097577456e-02
1.709857940860511627e-01
1.814055934915895507e-01
1.630131868200412337e-01
2.575595119128283317e-01
2.575595119128283317e-01
2.210853696841503513e-01
4.711472450527597056e-02
2.102333197831279810e-02
8.677394934442371477e-02
2.575595119128283317e-01
2.247936112919334262e-01
2.575595119128283317e-01
7.062384238146916793e-02
3.006336382914069627e-02
4.607376811954200235e-02
1.242509003165175561e-02
3.273229804306671681e-02
1.738379850476088340e-01
2.284752523377572841e-01
2.798722336049664361e-01
2.798722336049664361e-01
1.651710060661973622e-01
2.544238781471780952e-01
2.152949991670154439e-01
6.196407369064144827e-02
1.342163611835955027e-02
3.029650890519260467e-02
2.823230086658009685e-03
6.505572061598307448e-03
3.492388804275838553e-03
4.826827924718745527e-02
2.798722336049664361e-01
2.798722336049664361e-01
2.714832024645593561e-02
1.271095578315948596e-04
2.658195749591513342e-03
2.798722336049664361e-01
2.798722336049664361e-01
2.798722336049664361e-01
1.051085893955665956e-01
4.474293182037065303e-02
6.857101811348295661e-02
1.849210751357399998e-02
4.871507353562991305e-02
2.587209188226790024e-01
7.068291236963214659e-03
9.777431507756256801e-03
2.325516682514064924e-03
5.662622923808470488e-02
2.798722336049664361e-01
2.798722336049664361e-01
7.447659490636451829e-02
3.604525455528730430e-04
9.808241423722085725e-03
2.960948633933346060e-03
6.822917055104982600e-03
3.662749241747252291e-03
5.062282956485986835e-02
3.508927258931922588e-01
3.508927258931922588e-01
2.847262861330723469e-02
1.333100243582531627e-04
2.787863841022406031e-03
3.995512506854443507e-03
3.076740989798937807e-03
2.055923733052662100e-02
2.893064099515675267e-02
3.508927258931922588e-01
3.508927258931922588e-01
9.620154301011736922e-03
5.295786966904145101e-04
1.592831953677078236e-04
7.413085947629486847e-03
1.025437940856523816e-02
2.438956526008900869e-03
5.938848445249432506e-02
3.508927258931922588e-01
3.508927258931922588e-01
7.810959970643013839e-02
3.780355973805762482e-04
1.028669224733163440e-02
1.865234037394036744e-05
1.072045655384753398e-03
0.000000000000000000e+00
1.321622133285424786e-02
3.508927258931922588e-01
3.508927258931922588e-01
9.501387745813688612e-03
4.978057092367098703e-04
2.594693681035398019e-04
3.513718882750128669e-01
3.513718882750128669e-01
8.970394574590578873e-02
6.212798152459199363e-02
5.942262107296940321e-02
8.691575019546922409e-02
2.534788752095780071e-02
1.514499332170755191e-02
1.647166205611372281e-01
0.000000000000000000e+00
1.307958216242442913e-02
3.228568937172335285e-02
4.814264356654052168e-02
3.513718882750128669e-01
3.513718882750128669e-01
4.393534538064736150e-02
1.320870413619992887e-03
0.000000000000000000e+00
2.134645886087829236e-01
1.696683483582142882e-01
1.609433569390987528e-01
1.330665486466267311e-01
6.540568011521176450e-02
9.869191604449598088e-02
4.391407377741506773e-02
6.721276280260558844e-02
2.347791227923986812e-01
0.000000000000000000e+00
2.648609920228394907e-02
4.161228458761336707e-02
7.888015474091308876e-02
3.513718882750128669e-01
3.513718882750128669e-01
2.360188778711721364e-02
2.573534943340258924e-03
0.000000000000000000e+00
0.000000000000000000e+00
1.267258453693407248e-02
3.128105491563497320e-02
4.664458794266128361e-02
3.832071323201867719e-01
3.832071323201867719e-01
4.256820834041429719e-02
1.279768861961239285e-03
0.000000000000000000e+00
2.867972931420349585e-03
1.561795065310563578e-02
3.805775695403331577e-02
1.814504043500132779e-02
2.245131292762786723e-01
2.072193006337789412e-01
4.644838591418713053e-02
7.800518627755329698e-03
1.098519977028422287e-02
0.000000000000000000e+00
2.566193071203965240e-02
4.031743427755971054e-02
7.642563935355665972e-02
3.832071323201867719e-01
3.832071323201867719e-01
2.286746736243095574e-02
2.493454203906164506e-03
0.000000000000000000e+00
2.735263495259993710e-02
2.096846467449205859e-02
5.548007670811546527e-02
5.547486154148177639e-02
3.832071323201867719e-01
3.832071323201867719e-01
8.280506127043778253e-03
1.373422361626765219e-03
1.635092356746825973e-03
3.045378639611834477e-03
1.658403843090822810e-02
4.041191561802947446e-02
1.926744773294619684e-02
2.384009558527376837e-01
2.200373737672912666e-01
4.932156812144626590e-02
8.283039406196728016e-03
1.166471704310138857e-02
1.726914341594269486e-01
2.790781927855607858e-01
6.542069408997450153e-02
2.530194262545762407e-02
3.454971063205772297e-01
2.152997396096917593e-01
1.795477787611241341e-02
1.870857824914126319e-02
6.316168655969212065e-02
2.904460126145417403e-02
2.226552200878988141e-02
5.891193695724504520e-02
5.890639919330931118e-02
3.538358784386416711e-01
3.538358784386416711e-01
8.792717744370518590e-03
1.458378870121338237e-03
1.736235123587201055e-03
2.366114195843563861e-01
1.216420486322504491e-01
1.037284202672312250e-01
9.216383793294619098e-02
3.538358784386416711e-01
3.538358784386416711e-01
8.482634594684726123e-03
3.611455951118668160e-03
8.677182261015434217e-02
1.840920191616685631e-01
2.970826089854792240e-01
6.973957758010669583e-02
2.697230310991031305e-02
2.970826089854792240e-01
2.295132007134704499e-01
1.914009996443332903e-02
1.994366404038854304e-02
6.733143695879957591e-02
1.591612848679352932e-01
1.688605038604617803e-01
1.517400226339103986e-01
2.970826089854792240e-01
2.970826089854792240e-01
2.057962282335738802e-01
4.385650941670990455e-02
1.956946509947746216e-02
8.077310366364702510e-02
2.522318156659721367e-01
1.296725020362016201e-01
1.105762681536126418e-01
9.824822581009680367e-02
2.970826089854792240e-01
2.970826089854792240e-01
9.042633399549474676e-03
3.849873743830780140e-03
9.250024535608641907e-02
1.614147248092225873e-01
2.132568013905951076e-01
6.094317591768436126e-02
1.717080903171272210e-01
1.120794873512942491e-01
4.748525069449058278e-02
1.825551818986984390e-02
1.115862080616090296e-02
1.181895075500657977e-01
1.860706344871864426e-01
1.974096974601139420e-01
1.773946617232910195e-01
2.548140177023203723e-01
2.548140177023203723e-01
2.405901334251252521e-01
5.127131601338610206e-02
2.287806856206273803e-02
9.442938752765707433e-02
2.548140177023203723e-01
2.446255263797278423e-01
2.548140177023203723e-01
7.685447339110290654e-02
3.271563706451615511e-02
5.013852357175478669e-02
1.352126589292171159e-02
3.562003204799558259e-02
1.891744536362122142e-01
1.887050628282369025e-01
2.493120633977116696e-01
7.124681997934949329e-02
2.007387244856780328e-01
1.310287319039814269e-01
5.551356746609803494e-02
2.134197305142376128e-02
1.304520540360735482e-02
1.381717713438696260e-01
2.548140177023203723e-01
2.548140177023203723e-01
2.548140177023203723e-01
1.128031984218633571e-01
4.573605908032511713e-02
2.664922071598290268e-02
2.095565704355956474e-02
1.823395310452501084e-02
2.539675147165873503e-01
2.935858464280755586e-01
2.935858464280755586e-01
2.935858464280755586e-01
1.047329696924143988e-01
4.458303692628851067e-02
6.832597034320322948e-02
1.842602347634306886e-02
4.854098365804981885e-02
2.577963447675395980e-01
7.043031746073942154e-03
9.742490539166972704e-03
2.317206135383857810e-03
5.642386777990747448e-02
2.935858464280755586e-01
2.935858464280755586e-01
7.421044276188813738e-02
3.591644198255693069e-04
9.773190351747760435e-03
2.935858464280755586e-01
2.935858464280755586e-01
2.935858464280755586e-01
1.537218777286176730e-01
6.232653843237041108e-02
3.631606466640114467e-02
2.855719514020936892e-02
2.484820952647630657e-02
2.935858464280755586e-01
3.102501792301261621e-04
1.228150606000953139e-02
1.345932238408880689e-02
3.774893682130566613e-02
2.080504431387255881e-01
2.306823916902872029e-01
3.828773802304689857e-03
1.970387762592487081e-03
2.867160185937042347e-03
9.668906500257671774e-03
1.337481265157731102e-02
3.181137083094828441e-03
7.746054847061299709e-02
3.803789123052106480e-01
3.803789123052106480e-01
1.018785458133709548e-01
4.930727730211573916e-04
1.341695836781443135e-02
2.432829409515765225e-05
1.398271823522733923e-03
0.000000000000000000e+00
1.723795046446768148e-02
3.803789123052106480e-01
3.803789123052106480e-01
1.239268374681984884e-02
6.492892287918706996e-04
3.384265443025534568e-04
4.259216886728456417e-04
1.686045698186370428e-02
1.847740211608774746e-02
5.182298671489001668e-02
2.856185169358164133e-01
3.166884030804690275e-01
5.256267079266893627e-03
2.705013371035662733e-03
3.936132159923905888e-03
9.892750323207914059e-04
3.986813247370693016e-03
7.004060866635412191e-03
3.787997443662382419e-02
3.803789123052106480e-01
2.690888570044733252e-01
1.076080391850439168e-02
1.790512061954099366e-03
2.005672583716875193e-03
2.995422008722977703e-01
2.380855336091848851e-01
2.258422704557652982e-01
1.867243981958104093e-01
9.177991300077353864e-02
1.384885143383262907e-01
6.162201606498280554e-02
9.431568499400194705e-02
3.294516229527401086e-01
0.000000000000000000e+00
3.716637264888118103e-02
5.839205176809007108e-02
1.106878443409810425e-01
4.120098803957921163e-01
4.120098803957921163e-01
3.311912977496640070e-02
3.611289001018820177e-03
0.000000000000000000e+00
9.468345565428905319e-02
8.602327469640945468e-02
3.738276814821445831e-02
4.005654198181568537e-02
1.079029028794148692e-01
1.264195638213656825e-01
1.141643743111436272e-02
1.574416821503018399e-02
1.139571149439429915e-01
0.000000000000000000e+00
1.733546391211515658e-02
4.216769624252809240e-02
3.344604763033998812e-02
3.798502084453226346e-01
2.305764291787917586e-01
1.431287202635811960e-02
3.700343427385328985e-03
2.121295883182775215e-03
0.000000000000000000e+00
3.107057411582041240e-02
4.881494864659275540e-02
9.253350882011274203e-02
4.342721182058076890e-01
4.342721182058076890e-01
2.768713498209906393e-02
3.018987718274949821e-03
0.000000000000000000e+00
3.311762006897678995e-02
2.538788850591456800e-02
6.717334929527182807e-02
6.716703495270591462e-02
4.342721182058076890e-01
4.342721182058076890e-01
1.002574912323772258e-02
1.662892077688795083e-03
1.979713016397424349e-03
0.000000000000000000e+00
1.449220835732319308e-02
3.525161155150585007e-02
2.796043379312726507e-02
3.175495269852628422e-01
1.927587095959585883e-01
1.196536329510756481e-02
3.093435988513820994e-03
1.773374054624058402e-03
0.000000000000000000e+00
0.000000000000000000e+00
6.899836228072289690e-03
3.027767492120758686e-02
2.545744405996751003e-01
1.259586882113279960e-01
7.086729132351154287e-03
0.000000000000000000e+00
0.000000000000000000e+00
3.499937770169751772e-02
2.683043941612988856e-02
7.099016833264593096e-02
7.098349520637835253e-02
4.076898070309455391e-01
4.076898070309455391e-01
1.059541656604013130e-02
1.757378331624444897e-03
2.092201174406464661e-03
2.851219188041661523e-01
1.465813204376294754e-01
1.249950077349237659e-01
1.110594339104974543e-01
4.076898070309455391e-01
4.076898070309455391e-01
1.022175961075639725e-02
4.351883151998800665e-03
1.045619378988657255e-01
0.000000000000000000e+00
0.000000000000000000e+00
7.291887935279979700e-03
3.199806563060494241e-02
2.690394714713469360e-01
1.331157158738076052e-01
7.489400175984458133e-03
0.000000000000000000e+00
0.000000000000000000e+00
0.000000000000000000e+00
8.030845701762606356e-03
1.917181435439782936e-02
2.359040957836323893e-02
2.729640382824468081e-01
1.203440287292016631e-01
5.376839917697940653e-04
5.374716539533534688e-04
1.320279991707978915e-03
3.507556676624033476e-01
1.803236634088833112e-01
1.537682812195280135e-01
1.366248026628947010e-01
3.579843383650017641e-01
3.579843383650017641e-01
1.257476146342158957e-02
5.353666554189165892e-03
1.286316130784102285e-01
2.244646632761801708e-01
2.965566875764988342e-01
8.474808898328237139e-02
2.387787032464570580e-01
1.558586703797281703e-01
6.603338586564209967e-02
2.538627593154493822e-02
1.551727120832272107e-02
1.643553154543883899e-01
0.000000000000000000e+00
9.879509291427810563e-03
2.358507747275373836e-02
2.902081290976303227e-02
3.357990991963906713e-01
1.480466683274782869e-01
6.614563633535864131e-04
6.611951463524946317e-04
1.624202348017019003e-03
5.720491673824545063e-03
1.221707702745837218e-02
2.075721348428335999e-02
5.926371000054832944e-02
3.420848438441573269e-01
1.125036907424662863e-01
6.141935817384478087e-03
2.390401062811252191e-03
5.762172461146053285e-04
2.027864782251874443e-01
2.679160514177338359e-01
7.656334966225557259e-02
2.157181072503563668e-01
1.408062650301331320e-01
5.965606153563072361e-02
2.293453863193055386e-02
1.401865547152599673e-02
1.484823272943290584e-01
2.965277013187260780e-01
2.965277013187260780e-01
2.965277013187260780e-01
1.212207187113360091e-01
4.914894285184182032e-02
2.863781996860784509e-02
2.251939522484507419e-02
1.959459422429740694e-02
2.729188985239765497e-01
5.168022188080811756e-03
1.103718504482762916e-02
1.875253841210238262e-02
5.354018250428701359e-02
2.965277013187260780e-01
1.016383910946813823e-01
5.548764405558471655e-03
2.159542646927976005e-03
5.205677558628744525e-04
2.965277013187260780e-01
2.965277013187260780e-01
2.965277013187260780e-01
1.583933655350230341e-01
1.386274398248825979e-01
3.300241219755897792e-02
0.000000000000000000e+00
0.000000000000000000e+00
1.435718110189382335e-01
3.183251634351240700e-01
3.183251634351240700e-01
3.183251634351240700e-01
1.328812375311010097e-01
5.387670044301886424e-02
3.139256224576088966e-02
2.468559119052264952e-02
2.147944639434737693e-02
2.991716380419345844e-01
2.681884216450091513e-04
1.061645712447581262e-02
1.163459255868050553e-02
3.263117465396804528e-02
1.798442795629544566e-01
1.994079316319263551e-01
3.309692859562243794e-03
1.703255048521201687e-03
2.478448737009464591e-03
3.183251634351240700e-01
3.183251634351240700e-01
3.183251634351240700e-01
1.736296126005532348e-01
1.519623539237108245e-01
3.617699532673235990e-02
0.000000000000000000e+00
0.000000000000000000e+00
1.573823363331848524e-01
0.000000000000000000e+00
2.478301254703640152e-03
1.250072637635889043e-02
4.398391513671946057e-02
3.183251634351240700e-01
1.539750654177210187e-01
2.982179089157092791e-04
0.000000000000000000e+00
0.000000000000000000e+00
6.510906566595078045e-04
2.577395399165287315e-02
2.824571792671976347e-02
7.921987385848250351e-02
3.491058629747176290e-01
3.491058629747176290e-01
8.035060141880542156e-03
4.135053412067868188e-03
6.017018951744334231e-03
1.512267976814265840e-03
6.094493246628840920e-03
1.070684755019273710e-02
5.790570916225606241e-02
3.491058629747176290e-01
3.491058629747176290e-01
1.644964103921179102e-02
2.737089247103155921e-03
3.065997140566481191e-03
0.000000000000000000e+00
6.016660903657261063e-03
3.034846208192301317e-02
1.067813293846411327e-01
3.491058629747176290e-01
3.491058629747176290e-01
7.239943206816207375e-04
0.000000000000000000e+00
0.000000000000000000e+00
1.608332097379774027e-04
1.899386093083358816e-03
2.165193277897257008e-03
5.792265589847607823e-03
3.491058629747176290e-01
3.491058629747176290e-01
3.076987485651692250e-02
1.137235429778981613e-03
0.000000000000000000e+00
8.723698192090857673e-02
7.925788943390854602e-02
3.444276348559290740e-02
3.690625573955250843e-02
9.941677268386292510e-02
1.164771725675186609e-01
1.051858045206647413e-02
1.450595258108447472e-02
1.049948452707675089e-01
0.000000000000000000e+00
1.597209925896117197e-02
3.885137619170907913e-02
3.081565023468434486e-02
3.499765142475226298e-01
2.124425185441226605e-01
1.318722209251264009e-02
3.409326269782635317e-03
1.954464476727521983e-03
4.673699801288533698e-03
0.000000000000000000e+00
5.625064204660681563e-03
8.547846124378773169e-02
4.377369500181359507e-01
4.377369500181359507e-01
3.900416635744922977e-02
1.353498727112846522e-02
1.721011276849516297e-02
0.000000000000000000e+00
0.000000000000000000e+00
1.569695599910875662e-04
2.265238232951793593e-02
4.377369500181359507e-01
4.377369500181359507e-01
4.370139045183464577e-02
2.600716127020377601e-03
0.000000000000000000e+00
0.000000000000000000e+00
1.523027083807691924e-02
3.704691363596172154e-02
2.938440911969492433e-02
3.337217614625903606e-01
2.025755689650408364e-01
1.257473803627626348e-02
3.250979199558095504e-03
1.863688851498941732e-03
0.000000000000000000e+00
0.000000000000000000e+00
7.251232655567905333e-03
3.181966323056756307e-02
2.675394655656971321e-01
1.323735409102101968e-01
7.447643684149587995e-03
0.000000000000000000e+00
0.000000000000000000e+00
0.000000000000000000e+00
0.000000000000000000e+00
1.496790668049929082e-04
2.160028637517150824e-02
4.337054013795188512e-01
4.337054013795188512e-01
4.167166768692370793e-02
2.479925171091819543e-03
0.000000000000000000e+00
6.967909736673081039e-04
3.037452040071166601e-04
7.698390675413479753e-03
6.616973097466752503e-03
4.337054013795188512e-01
4.337054013795188512e-01
4.190597610717628277e-03
3.944591755118040909e-04
3.223462276192798088e-04
0.000000000000000000e+00
0.000000000000000000e+00
7.643700502829962364e-03
3.354188003450852412e-02
2.820198502252053152e-01
1.395381653407329337e-01
7.850742139644409714e-03
0.000000000000000000e+00
0.000000000000000000e+00
0.000000000000000000e+00
8.418310850844929263e-03
2.009679911725723717e-02
2.472857882026355258e-02
2.861337660688998974e-01
1.261502811171031357e-01
5.636256940222151299e-04
5.634031115183831505e-04
1.383979694431100756e-03
7.345042931009159067e-04
3.201851986942697622e-04
8.115060634753680502e-03
6.975112094008206927e-03
4.474197493094116407e-01
4.474197493094116407e-01
4.417410747344405197e-03
4.158089998519470462e-04
3.397929895749374034e-04
0.000000000000000000e+00
0.000000000000000000e+00
0.000000000000000000e+00
8.115143306265553726e-04
4.474197493094116407e-01
4.474197493094116407e-01
4.705584774533159683e-04
0.000000000000000000e+00
0.000000000000000000e+00
0.000000000000000000e+00
8.636790858013840624e-03
2.061837035559774961e-02
2.537035840926340005e-02
2.935597816163927343e-01
1.294242531539112895e-01
5.782534439179317460e-04
5.780250847413332229e-04
1.419898051322209019e-03
5.000925525187876509e-03
1.068032187326926549e-02
1.814621621080441533e-02
5.180907812788197037e-02
2.990548583766063917e-01
9.835213663298464359e-02
5.369357278111087928e-03
2.089718571770387071e-03
5.037363391915282342e-04
0.000000000000000000e+00
0.000000000000000000e+00
0.000000000000000000e+00
8.325755221071681582e-04
4.454269691026820910e-01
4.454269691026820910e-01
4.827708584581198443e-04
0.000000000000000000e+00
0.000000000000000000e+00
7.232991152272998168e-05
0.000000000000000000e+00
0.000000000000000000e+00
1.050327237142545606e-03
4.454269691026820910e-01
4.454269691026820910e-01
3.199373789708650183e-03
3.864077311899884957e-05
9.414113405645547637e-05
4.368364078700780716e-03
9.329379968800658243e-03
1.585092172646138109e-02
4.525580609120136849e-02
2.612277456069970749e-01
8.591168546043494170e-02
4.690193313472688398e-03
1.825392419370754386e-03
4.400192960637690849e-04
3.674159170068542202e-01
3.674159170068542202e-01
2.622120488712651465e-01
1.338848524883495539e-01
1.171773468484578196e-01
2.789588486806218737e-02
0.000000000000000000e+00
0.000000000000000000e+00
1.213566658857656855e-01
6.318098234418901356e-05
0.000000000000000000e+00
0.000000000000000000e+00
9.174725259365187425e-04
3.674159170068542202e-01
3.674159170068542202e-01
2.794688596522339804e-03
3.375314517604615906e-05
8.223332786483061863e-05
6.243572734782893297e-05
2.973399357870558975e-03
4.898077413093587795e-02
3.412765899727401853e-01
3.674159170068542202e-01
1.103268074154607620e-01
1.085653031108777889e-03
2.962032208346620496e-05
0.000000000000000000e+00
3.567474746544607167e-01
3.567474746544607167e-01
3.006059413282379800e-01
1.534886832435832793e-01
1.343348133823540624e-01
3.198048589317489809e-02
0.000000000000000000e+00
0.000000000000000000e+00
1.391260811319827428e-01
0.000000000000000000e+00
2.190819817933349189e-03
1.105064972707047941e-02
3.888180775801068634e-02
3.567474746544607167e-01
1.361140515683860464e-01
2.636248130348084863e-04
0.000000000000000000e+00
0.000000000000000000e+00
7.157775805001958874e-05
3.408773611910891673e-03
5.615268931384839735e-02
3.567474746544607167e-01
3.567474746544607167e-01
1.264811969534868352e-01
1.244617677857109798e-03
3.395742049488144825e-05
0.000000000000000000e+00
6.762463721390391241e-04
1.497360568697703176e-03
1.001027728287795862e-02
6.691716198414403294e-02
3.567474746544607167e-01
2.003229898634790174e-01
4.050040696881808855e-04
5.807045329619438126e-05
4.242338278121547505e-04
0.000000000000000000e+00
3.386661765758892505e-03
1.708256088023122829e-02
6.010513992969929165e-02
3.982385685127109998e-01
2.104108473256522671e-01
4.075223656012610224e-04
0.000000000000000000e+00
0.000000000000000000e+00
9.052989536983835762e-05
1.069127604640224185e-03
1.218745315242136893e-03
3.260353994411386690e-03
2.660449687957470721e-01
3.597001552496810195e-01
1.731976596028685436e-02
6.401277735891255840e-04
0.000000000000000000e+00
1.045370191564570957e-03
2.314683182091690789e-03
1.547430923395041839e-02
1.034433740783741729e-01
3.982385685127109998e-01
3.096677348907340144e-01
6.260723892317101007e-04
8.976775830156017160e-05
6.557985611743609661e-04
2.903335491612512903e-04
0.000000000000000000e+00
5.655444664754983621e-03
9.770471499944065330e-02
3.982385685127109998e-01
3.982385685127109998e-01
2.318234643507537454e-02
7.009632496554478757e-04
1.606443675093285135e-04
5.034319355407199971e-03
0.000000000000000000e+00
6.059090400526823128e-03
9.207392220428545215e-02
4.656150267889500594e-01
4.656150267889500594e-01
4.201370177448987553e-02
1.457933784609917634e-02
1.853803357145208941e-02
0.000000000000000000e+00
0.000000000000000000e+00
1.690812263669602949e-04
2.440022501576495639e-02
4.656150267889500594e-01
4.656150267889500594e-01
4.707336054173247297e-02
2.801385645815047693e-03
0.000000000000000000e+00
4.223305956721741528e-02
2.924038811386373005e-02
9.935247184084804173e-02
1.316400661633277402e-01
1.466596812482785783e-01
8.981604997663407419e-02
3.360022306800750785e-02
3.155017684872479106e-02
4.574709405340965374e-02
1.177799181259973037e-02
2.239340699499891077e-02
2.518233004023523111e-02
1.356185077664883165e-01
1.077298032130744876e-01
1.514295525759294381e-01
3.581686605177498983e-02
1.928622773421235538e-03
2.946635237501236092e-03
0.000000000000000000e+00
0.000000000000000000e+00
1.649611291150828644e-04
2.380565102199429586e-02
4.701809013601140896e-01
4.701809013601140896e-01
4.592629751426365037e-02
2.733122707647555726e-03
0.000000000000000000e+00
7.679325387771786119e-04
3.347572435201323160e-04
8.484387598699747249e-03
7.292558517246390884e-03
4.701809013601140896e-01
4.701809013601140896e-01
4.618452855746218132e-03
4.347330082369357373e-04
3.552574104656974459e-04
1.149099086789159840e-02
2.184773426359804330e-02
2.456869805385807418e-02
1.323138153818959606e-01
1.051046905633698236e-01
1.477395835780287159e-01
3.494409635071717840e-02
1.881626938582449567e-03
2.874832920915446240e-03
6.681619183034617739e-06
0.000000000000000000e+00
4.275639611551846026e-05
1.739849098900040410e-03
1.550747132225183955e-01
1.895621415976994073e-01
8.693172157119340854e-03
1.497336181721107878e-04
1.154218845161358691e-03
7.724265568541190162e-04
3.367162764140395857e-04
8.534039084103713785e-03
7.335235299579169477e-03
4.666223303200068839e-01
4.666223303200068839e-01
4.645480504104850319e-03
4.372771093122339824e-04
3.573364123883690947e-04
0.000000000000000000e+00
0.000000000000000000e+00
0.000000000000000000e+00
8.534126023924033279e-04
4.666223303200068839e-01
4.666223303200068839e-01
4.948532880635495360e-04
0.000000000000000000e+00
0.000000000000000000e+00
6.720720687236540788e-06
0.000000000000000000e+00
4.300661082494324606e-05
1.750030869962972396e-03
1.559822259652497711e-01
1.906714782230234662e-01
8.744045470655785815e-03
1.506098742920333636e-04
1.160973449365473040e-03
1.604619126307083336e-03
2.864172812060545876e-03
3.665123721849912041e-03
3.548989729561872076e-03
1.053602924733078317e-01
2.386209200596156599e-01
7.533786492151879795e-03
5.016079872898254657e-04
1.635073140490470511e-03
0.000000000000000000e+00
0.000000000000000000e+00
0.000000000000000000e+00
8.960778247231615144e-04
4.736709997971799702e-01
4.736709997971799702e-01
5.195928167477419568e-04
0.000000000000000000e+00
0.000000000000000000e+00
7.784666742984541331e-05
0.000000000000000000e+00
0.000000000000000000e+00
1.130437925347790341e-03
4.736709997971799702e-01
4.736709997971799702e-01
3.443396820870506594e-03
4.158798691854502923e-05
1.013214782111042345e-04
1.684839914690285361e-03
3.007363303363002564e-03
3.848356683285091093e-03
3.726416727284730026e-03
1.106276394642074085e-01
2.505504540020174753e-01
7.910428077686292025e-03
5.266852081330726694e-04
1.716816436605988474e-03
1.048696806102900753e-02
2.019379530280986448e-02
1.182111676671369557e-02
2.289482186397323940e-02
1.371195673810986781e-01
8.465924118122578057e-02
1.586653038357048809e-02
2.397927343644008433e-03
6.240165070874842228e-04
9.377339764520847994e-05
0.000000000000000000e+00
0.000000000000000000e+00
1.361715389838536339e-03
4.696118582788519902e-01
4.696118582788519902e-01
4.147884938359498730e-03
5.009651618151735909e-05
1.220509442469407948e-04
9.266728801335692364e-05
4.413127969816191959e-03
7.269740733894801410e-02
4.696118582788519902e-01
4.696118582788519902e-01
1.637473682561042532e-01
1.611329384470274080e-03
4.396256813451545649e-05
0.000000000000000000e+00
1.263250770452957819e-02
2.432526477261035686e-02
1.423961127397596789e-02
2.757889715190906324e-02
1.651730015103647919e-01
1.019797629074236517e-01
1.911268024734879764e-02
2.888521779336169180e-03
7.516846897655937850e-04
6.782758119229997246e-03
1.219703410356944885e-02
6.830702798845508794e-02
1.364981401950844386e-01
9.404903392893408653e-02
1.112279695798269741e-01
3.390171160727966509e-02
5.211326566114623561e-03
7.933496125586981737e-03
1.058065009914910731e-04
5.038861489575805624e-03
8.300510856191821440e-02
4.361704422374210188e-01
4.361704422374210188e-01
1.869649630757109215e-01
1.839798355715327547e-03
5.019598186840905005e-05
0.000000000000000000e+00
9.996298346508759002e-04
2.213403811639638816e-03
1.479722810702978689e-02
9.891719102008345033e-02
4.361704422374210188e-01
2.961181685908203520e-01
5.986784815343723296e-04
8.583995422106470191e-05
6.271039795862748921e-04
7.744479406410496695e-03
1.392644080386335609e-02
7.799222119832131817e-02
1.558520910184204855e-01
1.073841634408921192e-01
1.269988852153867698e-01
3.870860537401130119e-02
5.950235960343565854e-03
9.058379539033423883e-03
1.523192692499918469e-02
3.625893308160415412e-02
5.556471529080211913e-02
2.108072465692000658e-02
1.807002174596723798e-01
4.361704422374210188e-01
4.239041898212553977e-02
2.364907227094547020e-03
3.809362438719758603e-03
9.678633020760085345e-04
2.143065610591104574e-03
1.432699741524188532e-02
9.577377126425822007e-02
3.928805883525808840e-01
2.867080378379345262e-01
5.796534996597809590e-04
8.311210676446998595e-05
6.071756838263610420e-04
2.688073467774011499e-04
0.000000000000000000e+00
5.236132991075249758e-03
9.046059362590197495e-02
3.928805883525808840e-01
3.928805883525808840e-01
2.146353755978139266e-02
6.489917264907447535e-04
1.487337110356916835e-04
1.474788224559045284e-02
3.510668598078708902e-02
5.379896333231343891e-02
2.041081515311879077e-02
1.749578724983266442e-01
3.928805883525808840e-01
4.104332370867537494e-02
2.289754505695154336e-03
3.688307392337183618e-03
0.000000000000000000e+00
3.767417368444784566e-03
2.168019598511554315e-03
4.117596700478300814e-02
2.928605794624858372e-01
3.928805883525808840e-01
5.828963132555087939e-02
3.596527307527749764e-03
8.178317152601238718e-05
1.208647438480822123e-01
8.368164787530450732e-02
2.707103722993284833e-01
2.707103722993284833e-01
2.707103722993284833e-01
2.570401951720985845e-01
9.615884797286831931e-02
9.029192017484849453e-02
1.309213886282448169e-01
3.370686325031668068e-02
6.408660485581585409e-02
7.206808838859204980e-02
2.707103722993284833e-01
2.707103722993284833e-01
2.707103722993284833e-01
1.025025509671848439e-01
5.519431930289910200e-03
8.432832402954055021e-03
7.369384807294983297e-02
2.028760005136023836e-01
2.707103722993284833e-01
2.707103722993284833e-01
2.707103722993284833e-01
2.204356850510851007e-01
1.052058978018188817e-02
1.731953816838038146e-02
5.168501651205031217e-02
6.507290281559029166e-02
5.570811744285310285e-02
1.196179214795373841e-01
1.562945822481687230e-01
2.254426722904209757e-01
4.246081076197756599e-02
6.812693142687682724e-03
3.198029387579630952e-03
1.248587345771574528e-02
5.228836820009055697e-02
9.941548006141236182e-02
1.117968976571549478e-01
3.349785748509421235e-01
3.349785748509421235e-01
3.349785748509421235e-01
1.590088963965032853e-01
8.562116471149948740e-03
1.308158051910016800e-02
3.040390232939119863e-05
0.000000000000000000e+00
1.945578243599594055e-04
7.916973509228212441e-03
3.349785748509421235e-01
3.349785748509421235e-01
3.955723155679734260e-02
6.813447725201828746e-04
5.252133663069741450e-03
1.009454922281540629e-01
8.641820316989665129e-02
1.855594178314058651e-01
2.424547369946920827e-01
3.349785748509421235e-01
6.586808421503863309e-02
1.056831081651416621e-02
4.960999689904482292e-03
1.936893219070584538e-02
2.277736106061428734e-02
1.232692258570119992e-02
1.771167876245232503e-02
1.878502230614209345e-01
3.349785748509421235e-01
1.008305364861511871e-01
3.120301628541705900e-03
1.186620301648083918e-04
7.220876153617820925e-03
3.226606745145000986e-05
0.000000000000000000e+00
2.064740182360504214e-04
8.401868894742483065e-03
3.729827386096144504e-01
3.729827386096144504e-01
4.198001584718969587e-02
7.230754838525129584e-04
5.573814084806423888e-03
7.703749549008580971e-03
1.375084569755490732e-02
1.759619760001440714e-02
1.703864024821306541e-02
3.729827386096144504e-01
3.729827386096144504e-01
3.616958276249220700e-02
2.408211545350590153e-03
7.849958761016859535e-03
2.417241906600111831e-02
1.308191663392315081e-02
1.879647603903958700e-02
1.993555926605657669e-01
3.729827386096144504e-01
1.070061617808516219e-01
3.311412519506406332e-03
1.259297911085076620e-04
7.663137267941120233e-03
3.850367380885508228e-02
8.696990845699284619e-05
3.919724183214354229e-02
1.035907732434037248e-01
3.178674531288760430e-01
3.614369354662979039e-01
5.032537084104481140e-02
5.865398731239293475e-04
0.000000000000000000e+00
7.978736831815044089e-03
1.424168560228003186e-02
1.822429831058024891e-02
1.764683880850712386e-02
3.447590388117469651e-01
3.447590388117469651e-01
3.746066514008342119e-02
2.494173263740610217e-03
8.130165018515536288e-03
4.966214154416044579e-02
9.562984408894460719e-02
5.598014322749637894e-02
1.084208397908873051e-01
3.447590388117469651e-01
3.447590388117469651e-01
7.513762539735269197e-02
1.135563744064424854e-02
2.955095879049565808e-03
3.987807215493398283e-02
9.007432127056792066e-05
4.059639726371078172e-02
1.072884720168133799e-01
3.292138120249502031e-01
3.447590388117469651e-01
5.212174764376518998e-02
6.074765618028539352e-04
0.000000000000000000e+00
7.682016217172350780e-02
3.405297795685991585e-02
2.058105810264713575e-03
4.249903748415159027e-03
3.447590388117469651e-01
3.447590388117469651e-01
1.685842661156295927e-02
3.881760488576220438e-03
9.420690146328380629e-03
5.341065573805370281e-02
1.028480150493823742e-01
6.020554219217558872e-02
1.166044791635183625e-01
2.999495540685138684e-01
2.999495540685138684e-01
8.080903719192783496e-02
1.221276455605689246e-02
3.178147453196498648e-03
2.867772316741069513e-02
5.156945911043935710e-02
2.888043484092087110e-01
2.999495540685138684e-01
2.999495540685138684e-01
2.999495540685138684e-01
1.433375454770500212e-01
2.203365916503802896e-02
3.354308109473569388e-02
8.261857237563763334e-02
3.662330753280292756e-02
2.213452289543125021e-03
4.570687831184696084e-03
2.999495540685138684e-01
2.999495540685138684e-01
1.813090599878306938e-02
4.174757001338022001e-03
1.013176682630563888e-02
1.421120225197134435e-01
5.602287696446654058e-02
1.014781818717863937e-01
2.999495540685138684e-01
2.999495540685138684e-01
2.855462820874463126e-02
8.815246055988604917e-03
5.103591940033090635e-03
2.631032836145950557e-02
1.987348173786555872e-02
3.573731073000855490e-02
2.001395965230943208e-01
3.918669874545410714e-01
2.755636756309326474e-01
3.258979582240357775e-01
9.933201725113900704e-02
1.526918718332387001e-02
2.324514417258607274e-02
3.908738156446054518e-02
9.304579515509844856e-02
1.425872930448235931e-01
5.409626322248182323e-02
3.918669874545410714e-01
3.918669874545410714e-01
1.087800965426297256e-01
6.068702377916630752e-03
9.775388491077017031e-03
9.848273755170870725e-02
3.882350128552903429e-02
7.032374161811243141e-02
2.275859438548447078e-01
2.234694191172791056e-01
1.978817770592437159e-02
6.108910058367745914e-03
3.536757106750578177e-03
1.823289203108386866e-02
4.189581117659484100e-02
1.846811683097292558e-02
1.982744982790867611e-02
9.588279258242810021e-02
3.208088360529542937e-01
1.613795439540118559e-01
9.334680975373202058e-03
1.233381857165666111e-03
2.583282257320301898e-03
3.310498826107476089e-02
7.880497063411857905e-02
1.207640541140571344e-01
4.581673387343430243e-02
3.927328831888044491e-01
4.478220351613321215e-01
9.213110919552168487e-02
5.139876679883692567e-03
8.279247887476552312e-03
0.000000000000000000e+00
8.456828287615635736e-03
4.866614891772993133e-03
9.242885735267600267e-02
4.478220351613321215e-01
4.478220351613321215e-01
1.308443835284691104e-01
8.073226536097427922e-03
1.835809974772217249e-04
3.548358272354687482e-02
1.564153868647491508e-02
1.679282334933310597e-02
8.120776055683473493e-02
2.717084728243469582e-01
1.366801175812886460e-01
7.905991441278388196e-03
1.044610569156590851e-03
2.187906310956073269e-03
4.060615649101255442e-02
1.235690660328513796e-02
9.942461551419536428e-03
4.263767296009389474e-02
1.877334455675419567e-01
2.129216823626787769e-01
2.175842465286281432e-02
1.403175597436526895e-03
1.400544010539394538e-03
