1.864712786118603860e-01
9.661466239504722109e-02
1.954700746846164960e-01
1.255506519742568272e-01
2.713829649682196199e-01
2.713829649682196199e-01
6.490506346561406015e-02
1.777288993122124253e-02
7.802142923706646693e-02
1.345531610285090607e-01
1.198452722909982698e-01
2.713829649682196199e-01
2.713829649682196199e-01
2.713829649682196199e-01
1.397006013478397923e-01
2.538386299292478415e-02
4.390031431393968259e-03
1.351111114994304682e-02
2.239706260546048544e-01
2.713829649682196199e-01
2.713829649682196199e-01
1.308123386837523883e-01
1.170626115569539105e-01
5.846946267132992203e-02
1.084620257271002274e-02
3.758958944885326409e-03
7.972498630425031707e-02
6.718864763324096379e-02
6.218780225057477656e-02
2.196956124775063524e-01
2.713829649682196199e-01
2.713829649682196199e-01
1.178817098078629722e-01
9.911364196882745115e-02
3.422231317768451020e-02
5.670023735557126743e-02
1.554464876640939686e-01
1.384547676054628806e-01
2.598743050527685949e-01
2.598743050527685949e-01
2.598743050527685949e-01
1.613932191417065121e-01
2.932545259758478212e-02
5.071712634090979298e-03
1.560910763183648818e-02
2.598743050527685949e-01
2.598743050527685949e-01
2.598743050527685949e-01
2.598743050527685949e-01
2.375742546097250885e-01
6.902030288184234086e-02
2.608323884382528213e-02
5.210636689337259236e-02
2.598743050527685949e-01
7.762165679091573289e-02
7.184428341562985876e-02
2.538098031573140512e-01
2.598743050527685949e-01
2.598743050527685949e-01
1.361863044271976186e-01
1.145039433178858118e-01
3.953633153281736756e-02
6.550461304120931694e-02
1.098762076101028606e-01
5.292392766740113691e-02
5.837772958347638846e-02
8.118352265015002511e-02
5.493567056953478633e-02
1.116656656260116842e-01
1.033340548189765062e-01
8.938243148371662061e-02
1.318997591027751271e-01
1.991605080558224161e-01
1.599483453172158565e-01
2.279796939427182201e-01
2.123557840203481040e-01
1.454460744433071218e-01
4.225513462114471874e-02
1.596850090020771398e-02
3.190020118380921393e-02
2.028421803205398555e-01
3.633759325196899148e-01
4.046329782888271609e-01
4.046329782888271609e-01
4.046329782888271609e-01
1.643949731710881434e-01
5.601079964298513736e-02
2.113317154199085765e-02
1.242958191157085730e-02
7.151798003405172854e-02
6.726765531837686218e-02
3.240072261192702280e-02
3.573961167121342264e-02
4.970161728315606459e-02
3.363233800049340860e-02
6.836318498434425239e-02
6.326246357973168422e-02
5.472109679923322506e-02
8.075076237966737069e-02
7.869103898445194145e-02
8.771677832032399869e-02
1.546651373803364093e-01
1.049348682857490639e-01
8.818818715191369118e-02
9.590231105663567235e-02
4.839583405013083567e-02
4.147422331786376065e-02
1.213251969773588707e-01
3.174008799070660580e-01
3.652446939379148660e-01
3.652446939379148660e-01
3.652446939379148660e-01
1.435953910733328842e-01
4.892420080688351242e-02
1.845936024475534898e-02
1.085696625049808149e-02
6.246938159767635029e-02
7.828444258856069593e-02
1.430057428394023999e-01
2.943863799193084385e-01
3.652446939379148660e-01
1.801282317964072732e-01
1.173216157267681081e-01
3.459187150980079506e-02
7.535422092999650469e-03
1.690798935240565154e-02
6.873489072673490130e-02
7.661867539885922063e-02
1.350965936435704617e-01
9.165829804929111202e-02
7.703044063852440559e-02
8.376855809746815151e-02
4.227269595108787414e-02
3.622682130671604772e-02
1.059748894443502537e-01
5.050429990493748855e-02
6.106992714876558620e-02
1.849290516473995061e-01
2.035432174360131130e-01
1.294920134451096883e-01
9.184691800736348444e-02
2.170976046572199725e-02
1.801943500655286967e-02
6.955882225087865744e-02
1.398320910284412411e-01
2.554376245023069480e-01
2.839857175925441513e-01
2.839857175925441513e-01
2.839857175925441513e-01
2.095604989631294490e-01
6.178818633511509034e-02
1.345981133932254957e-02
3.020114122367120735e-02
2.839857175925441513e-01
1.109043975719441605e-01
6.544678814097938668e-02
5.746761001777951627e-02
4.451650967607134052e-02
4.825175413136727903e-02
3.580315209587672104e-02
6.493020719221313797e-02
2.463617472135505027e-01
9.021105123978830076e-02
1.090834312642126741e-01
2.839857175925441513e-01
2.839857175925441513e-01
2.312993286121784176e-01
1.640574573288733351e-01
3.877809052819503055e-02
3.218641140948191176e-02
1.242463412039076093e-01
1.426859598589126643e-01
2.839857175925441513e-01
1.747648546283703253e-01
8.124885502886532163e-02
1.481884953253466142e-01
9.656268429612034632e-02
1.711596662580477587e-02
2.063020279603606719e-02
5.928580455218692563e-02
2.826778869660350191e-01
1.326334988726099173e-01
7.826954287796832055e-02
6.872703297053876781e-02
5.323846993626685925e-02
5.770554745615543574e-02
4.281793542103545791e-02
7.765175007456436018e-02
2.826778869660350191e-01
2.826778869660350191e-01
2.826778869660350191e-01
2.826778869660350191e-01
2.826778869660350191e-01
1.942739249990330930e-01
5.723000996191018180e-02
2.711289775556036466e-02
1.380061608811640993e-02
4.988921138450253673e-02
1.706419088008450657e-01
2.826778869660350191e-01
2.090059064996681870e-01
9.716765212020750386e-02
1.772225363283543020e-01
1.154818650939194585e-01
2.046943664875552210e-02
2.467220452205011114e-02
7.090145984638084042e-02
8.538235675383067103e-02
1.905219188894635152e-01
2.826778869660350191e-01
1.828049505397444652e-01
1.802598563298338785e-01
1.711919684200378933e-01
2.985099860020985416e-02
1.407706395231691880e-02
3.011156261989478278e-02
2.414123806682689499e-01
2.414123806682689499e-01
2.414123806682689499e-01
2.414123806682689499e-01
1.710227069149511392e-01
5.038057073538928371e-02
2.386795431495665129e-02
1.214892178914612000e-02
4.391833838160363185e-02
1.592734603900563817e-01
6.323365811514228274e-02
1.843282891743106833e-01
2.414123806682689499e-01
2.414123806682689499e-01
2.414123806682689499e-01
9.382145738008189351e-02
4.037097731444314053e-02
4.143534408939079927e-02
7.516357007195308138e-02
1.677197508377358814e-01
2.414123806682689499e-01
1.609263697066729837e-01
1.586858791151813941e-01
1.507032600563324443e-01
2.627835199575916103e-02
1.239228364049422583e-02
2.650773102318849592e-02
2.233367603911340926e-01
2.414123806682689499e-01
2.171880698281298261e-01
2.360913455499569491e-01
2.414123806682689499e-01
1.686387499851656480e-01
2.925593670155228476e-02
8.949629174341453344e-03
1.264696963913848893e-01
2.596389089149772067e-01
2.790403241007529123e-01
2.790403241007529123e-01
1.516447647031419210e-01
1.357053345556802626e-01
6.778097539062072352e-02
1.257350685425451427e-02
4.357589279891884229e-03
9.242153233187992700e-02
7.788872795629210588e-02
7.209147649666815261e-02
2.546830810892160013e-01
2.790403241007529123e-01
2.790403241007529123e-01
1.366548777163461015e-01
1.148979145734140284e-01
3.967236333854935043e-02
6.572999335471599314e-02
4.421908170377809172e-02
8.523377940203540060e-02
6.881379992789890543e-02
1.459552946562492071e-01
1.648493503206058253e-01
2.377623957695259027e-01
4.437022652592391425e-02
5.139636968985478171e-02
1.118162897757386254e-01
1.264819519559282901e-01
2.790403241007529123e-01
2.790403241007529123e-01
1.924361623880462002e-01
2.790403241007529123e-01
1.607276197602675594e-01
4.884973534577452536e-02
1.988347543991099420e-02
3.461217841786514565e-02
8.799112057014518706e-02
8.144194887940360561e-02
2.644885176256891457e-01
2.644885176256891457e-01
2.644885176256891457e-01
1.543794094106281656e-01
1.298005054102414346e-01
4.481798326176033437e-02
7.425536303013194339e-02
1.245545512852587466e-01
5.999402606120279174e-02
6.617640043715437848e-02
9.202881547684872710e-02
6.227451735159859891e-02
1.265830626897135047e-01
1.171384334280619333e-01
1.013230151312216748e-01
1.495202252336318982e-01
1.428870258446984509e-01
2.644885176256891457e-01
2.644885176256891457e-01
2.173956875537179367e-01
2.644885176256891457e-01
1.815744555131827420e-01
5.518568688195524957e-02
2.246241953994311188e-02
3.910147776544499465e-02
1.919981809269492301e-01
1.953516735853471353e-01
1.078661035414016228e-01
2.411312905001806450e-01
2.644885176256891457e-01
1.437260533817068808e-01
6.117309132720671200e-02
6.819366610374455462e-02
2.644885176256891457e-01
1.372972461543723599e-01
6.613178305345197849e-02
7.294665226340568687e-02
1.014439279933050664e-01
6.864558259605794965e-02
1.395332867225449747e-01
1.291224139347335598e-01
1.116889813019700944e-01
1.648170617382229974e-01
1.606130449835977414e-01
1.790351105284315736e-01
2.456097548399357733e-01
2.141782461870528065e-01
1.799972837167756745e-01
1.957422649205816378e-01
9.877874751213050475e-02
8.465133236743760392e-02
2.456097548399357733e-01
2.116407729457166487e-01
2.153373484802586502e-01
1.189014678052121021e-01
2.456097548399357733e-01
2.456097548399357733e-01
1.584301105525329212e-01
6.743147393096847464e-02
7.517029658572579875e-02
2.456097548399357733e-01
2.456097548399357733e-01
2.456097548399357733e-01
2.456097548399357733e-01
2.028088137446580064e-01
7.739312359633841731e-02
4.730656647462631870e-02
4.806617859161547296e-02
3.148315133606742477e-02
1.160169338577277803e-01
1.310393336291812982e-01
1.460693406458258570e-01
2.536578252597025407e-01
1.747415638691383888e-01
1.468543486970047274e-01
1.597002034354004785e-01
8.059059743270914622e-02
6.906446599891175042e-02
2.020353672987279525e-01
9.628370300699695683e-02
1.164264971362533735e-01
2.536578252597025407e-01
2.536578252597025407e-01
2.468694861189053291e-01
1.751011575682574206e-01
4.138847846557844323e-02
3.435307353612485071e-02
1.326101143016800987e-01
2.536578252597025407e-01
2.536578252597025407e-01
2.536578252597025407e-01
1.654655872437929554e-01
6.314271262698951948e-02
3.859599914659896797e-02
3.921574373606911967e-02
2.568615252918127201e-02
9.465471315838636102e-02
2.536578252597025407e-01
1.938225039405430117e-01
1.000162758124092249e-01
2.536578252597025407e-01
2.536578252597025407e-01
1.061523583219136785e-01
2.238957259516183643e-02
3.008057180468213035e-02
1.164346516737225917e-01
5.240962163027532844e-02
6.337384699678563771e-02
1.919056722601617804e-01
2.112220747799614662e-01
1.343772201886762052e-01
9.531192848397926354e-02
2.252878138760545587e-02
1.869923496538651239e-02
7.218299356842929060e-02
8.289579896681198434e-02
2.978758188132138440e-01
1.015325703388228751e-01
4.720288358725834021e-02
8.609258913652656497e-02
5.609970927077816139e-02
9.943807575309592320e-03
1.198546195656366789e-02
3.444308143985067711e-02
1.761339943231503002e-01
1.055024243741249923e-01
5.444135412840012817e-02
2.706349083291312851e-01
1.982552923846200854e-01
5.778137692116610408e-02
1.218720293807914849e-02
1.637360568268914074e-02
6.337828571496934016e-02
1.807789894247672710e-02
8.165322463890067883e-02
3.702346311143601687e-01
4.399667447983032775e-01
4.399667447983032775e-01
2.468504010620711231e-01
2.876291206931852820e-02
4.183524932496879289e-03
5.576890813195498064e-03
4.990934776430722836e-02
1.793430791068012786e-01
6.113005032345584372e-02
2.841959618940129856e-02
5.183404979141093688e-02
3.377613744446519850e-02
5.986901104314976997e-03
7.216126708007231626e-03
2.073725992247317518e-02
2.497263284329820712e-02
5.572385338044390235e-02
9.806490381852867033e-02
5.346679437448900729e-02
5.272240518599487225e-02
5.007022920907258645e-02
8.730820469129350198e-03
4.117259852716198716e-03
8.807030237085582483e-03
1.088422038768573248e-02
4.916122693034850888e-02
2.229083884706206664e-01
4.968045707964813817e-01
4.968045707964813817e-01
1.486220371348141722e-01
1.731738156907731280e-02
2.518788688196735813e-03
3.357697090907821400e-03
2.004225706623203110e-02
3.369382825865420428e-02
5.199462195861036945e-02
2.781437633977852375e-01
4.968045707964813817e-01
1.945658340082723758e-01
1.610459225913106820e-02
0.000000000000000000e+00
0.000000000000000000e+00
2.558117302717829306e-02
5.708174800835224411e-02
1.004545771451809261e-01
5.476968834983778067e-02
5.400715967495119813e-02
5.129035472331061607e-02
8.943575572968303494e-03
4.217590405909206648e-03
9.021642442115930527e-03
7.601044369534169787e-02
9.531498219272438455e-02
7.391779805554281324e-02
8.035133981729795927e-02
9.023318912388403334e-02
5.739452022206861098e-02
9.956966893910844038e-03
3.045917220519839784e-03
4.304270250848473561e-02
2.053065245797903657e-02
3.451488900033919394e-02
5.326164161993372781e-02
2.849216493333729394e-01
5.172157568770819891e-01
1.993070693096175017e-01
1.649703352057841146e-02
0.000000000000000000e+00
0.000000000000000000e+00
6.600397162987621698e-03
2.108669309402303339e-03
8.902114064738458551e-03
2.396719219642732546e-01
5.172157568770819891e-01
4.665561253780880491e-01
3.277235010076745558e-02
4.999392601633592843e-03
9.830161499388498023e-03
3.427536394656772317e-02
6.606692624502474853e-02
5.333937174171369394e-02
1.131337570007484444e-01
1.277790325101039737e-01
1.842958364083821798e-01
3.439252024172534394e-02
3.983866712685714406e-02
8.667172359870300991e-02
9.803946099566633599e-02
2.719624431529750197e-01
2.201429455649603628e-01
1.491622903097858943e-01
2.719624431529750197e-01
1.245841716129086896e-01
3.786470440264431969e-02
1.541220059229229424e-02
2.682880255639734021e-02
8.611546401232336723e-02
3.749421170857769603e-02
1.565336622080208961e-01
2.719624431529750197e-01
2.719624431529750197e-01
1.915334899234006072e-01
4.485032684893992816e-02
5.285266743158896496e-02
9.122002634247709796e-02
2.719624431529750197e-01
2.719624431529750197e-01
2.719624431529750197e-01
2.719624431529750197e-01
2.719624431529750197e-01
2.590709313590986995e-01
4.264659081794560519e-02
2.173733581344949178e-02
4.229176810498979505e-02
8.085249634371799443e-02
2.510212303600734551e-01
1.815504340866689048e-01
1.230131562272222673e-01
2.325219739164014476e-01
1.027437439732873797e-01
3.122677178331375106e-02
1.271034009552585685e-02
2.212553637655487529e-02
1.086419997170977453e-01
1.105395705518108923e-01
6.103593864198177815e-02
1.364439260196500248e-01
1.499525439408653238e-01
8.132725932844121763e-02
3.461473925731108764e-02
3.858732524330377167e-02
1.851623110986442833e-01
2.510212303600734551e-01
2.510212303600734551e-01
2.495935693889859419e-01
2.510212303600734551e-01
2.510212303600734551e-01
2.136540870150341609e-01
3.517036194571083324e-02
1.792663736142718553e-02
3.487774199645186923e-02
2.061542051594742742e-01
1.788697617837660681e-01
1.545781973068033333e-01
1.118795749745122581e-01
2.510212303600734551e-01
2.510212303600734551e-01
2.093164137221941723e-01
1.113475606058889622e-01
2.185546554892674465e-01
9.637644736269498913e-02
9.805978471054330181e-02
5.414505387492311167e-02
1.210395693031665193e-01
1.330230803524561911e-01
7.214550862677314436e-02
3.070677642801743559e-02
3.423086218831065952e-02
1.642577067397721080e-01
2.006640625292795133e-01
1.932191354149292162e-01
1.874357742635600899e-01
9.235457180817403799e-02
3.524308760878590296e-02
2.154234626104415545e-02
2.188825653244468386e-02
1.433671893803992008e-02
5.283150199979867734e-02
1.828796409665447986e-01
1.586755787468990264e-01
1.371265029634285981e-01
9.924850423012641920e-02
2.798521155125806570e-01
3.369905946157441545e-01
1.856848399493363222e-01
9.877655364998857990e-02
1.938800952254417231e-01
3.336522448212826675e-02
2.569286642912100779e-02
1.552341115380927172e-01
3.693183206325381107e-01
3.693183206325381107e-01
3.318686196572266933e-01
1.100103767294994400e-01
3.023012158752357709e-02
4.772010114715968809e-02
1.184503023396687449e-01
1.140556247054365785e-01
1.106417554341553311e-01
5.451612418906677526e-02
2.080369713453300226e-02
1.271626516259824306e-02
1.292045307603596413e-02
8.462844175308646688e-03
3.118598968872094909e-02
1.066110526581930951e-01
6.385890789418452451e-02
3.295246947683252992e-02
1.638109245969107397e-01
1.200007159174732163e-01
3.497413115098860908e-02
7.376716454881807744e-03
9.910678199002419600e-03
3.836184935060270307e-02
1.969521038159159632e-02
1.516628218397625232e-02
9.163338573609292048e-02
3.370607804949013464e-01
4.111363764136568011e-01
1.958992449368516242e-01
6.493819680446621945e-02
1.784458560577898215e-02
2.816877290987702606e-02
1.438317321148260275e-01
4.111363764136568011e-01
4.111363764136568011e-01
4.111363764136568011e-01
1.274719188126419434e-01
1.209672214122436279e-01
2.901236762950731157e-02
8.237398648820540639e-03
1.971006439310603320e-02
8.606478464551167717e-02
5.155190778606561636e-02
2.660181208560121260e-02
1.322409974997260096e-01
9.687396864804202756e-02
2.823385559585686599e-02
5.955062793685066136e-03
8.000675010899635856e-03
3.096868683539308331e-02
8.833447996830477017e-03
3.989841496051800551e-02
1.809086537645150650e-01
3.659170089945684712e-01
3.659170089945684712e-01
1.206191155131997456e-01
1.405449210719637680e-02
2.044206024839741610e-03
2.725049804687914180e-03
1.161122298392586877e-01
3.659170089945684712e-01
3.659170089945684712e-01
3.659170089945684712e-01
1.029053082904445166e-01
9.765420751814127276e-02
2.342105353837409601e-02
6.649872814059354029e-03
1.591150640619318560e-02
1.140925456426001294e-01
1.831144888878077359e-01
1.700623969274878688e-01
1.948955956952924673e-01
2.503854084092142496e-01
1.483441615202580055e-01
9.228646389257338933e-02
1.562299026840122985e-02
2.236809306831610139e-02
8.548713691460428296e-03
3.861234326198927092e-02
1.750773068336730909e-01
4.073571145701784801e-01
4.073571145701784801e-01
1.167311206914355137e-01
1.360146447303729571e-02
1.978313795358698814e-03
2.637211492455249738e-03
1.574164352494314759e-02
2.646389733878937167e-02
4.083775601629387880e-02
2.184604237748765942e-01
4.073571145701784801e-01
1.528164213726099785e-01
1.264891222680344582e-02
0.000000000000000000e+00
0.000000000000000000e+00
1.104149260151225387e-01
1.772120398310668699e-01
1.645806644855141165e-01
1.886133985192981755e-01
2.423145718158732920e-01
1.435624871614653020e-01
8.931173395688593586e-02
1.511940420738944885e-02
2.164708769821092546e-02
0.000000000000000000e+00
3.566595778452663103e-03
2.029105367154903933e-03
1.131636741688795411e-01
3.592220951721687427e-01
2.131273161648711278e-01
2.728519784293317874e-02
6.043303308306122524e-07
0.000000000000000000e+00
1.579329250383828057e-02
2.655072647279741252e-02
4.097174637093937977e-02
2.191772013971808597e-01
4.179788418897907309e-01
1.533178183271145800e-01
1.269041382729473900e-02
0.000000000000000000e+00
0.000000000000000000e+00
5.077383841060308621e-03
1.622102914918050875e-03
6.847989444792674553e-03
1.843686544441886788e-01
4.179788418897907309e-01
3.589003015191517543e-01
2.521027094676967992e-02
3.845804212054574830e-03
7.561893916307339987e-03
0.000000000000000000e+00
3.578297925677435994e-03
2.035762945197382157e-03
1.135349688313195132e-01
3.604007176192349227e-01
2.138265956420828673e-01
2.737472169762511162e-02
6.063131634651653153e-07
0.000000000000000000e+00
1.147394942839359902e-03
7.558617869375714544e-04
4.892558311570663343e-03
3.394493955337932189e-02
4.179788418897907309e-01
2.179540663681185653e-01
2.973000114505516128e-03
0.000000000000000000e+00
0.000000000000000000e+00
7.124106100534384478e-02
3.101797632183478023e-02
1.294961863894233400e-01
2.456726414616449417e-01
2.306038564659647627e-01
1.584506243645943668e-01
3.710349712216264029e-02
4.372362325366042218e-02
7.546393131718497072e-02
2.456726414616449417e-01
2.456726414616449417e-01
2.456726414616449417e-01
2.456726414616449417e-01
2.456726414616449417e-01
2.143225753625808971e-01
3.528040419890701718e-02
1.798272684866440707e-02
3.498686869016089107e-02
6.463926024711892648e-02
9.333257803038567946e-02
1.571734756304916936e-01
1.716843664372212086e-01
2.025227307473543847e-01
1.688496601255431162e-01
5.655439292210540786e-02
1.576437969781352422e-02
3.405936834028474441e-02
2.358856870497677005e-01
2.287406855255759985e-01
2.456726414616449417e-01
2.456726414616449417e-01
2.456726414616449417e-01
1.931420277664792906e-01
2.961458363073746561e-02
3.451175269681827640e-02
9.729583139751625531e-02
1.562339977729330920e-01
2.250601463152712423e-01
1.542391580032765053e-01
2.599210725786671450e-01
2.599210725786671450e-01
1.320299499936228305e-01
2.173392137648677211e-02
1.107796751024235637e-02
2.155309358232864944e-02
1.273953135109704982e-01
1.105345843537271916e-01
9.552333842827678834e-02
6.913724373619498098e-02
1.949470580979297263e-01
2.347501461858988725e-01
1.293494359162017937e-01
6.880847946368996715e-02
1.350583114896882764e-01
1.453135555725022232e-01
1.409119931503100276e-01
2.060532111996111193e-01
1.636530284197621476e-01
1.701537334016495207e-01
1.189820168245672022e-01
1.824358441584351606e-02
2.126040607269009258e-02
5.993752049810818772e-02
2.599210725786671450e-01
2.599210725786671450e-01
2.196811957570694585e-01
2.599210725786671450e-01
2.577351620212913197e-01
8.338933442910707872e-02
1.341986358871158913e-01
6.916636419049064510e-02
2.599210725786671450e-01
1.012864755925742682e-01
8.788124281600850907e-02
7.594645375556689781e-02
5.496801693274960127e-02
1.549939310772193712e-01
1.866396360802060062e-01
1.028401133665832606e-01
5.470663075185275281e-02
1.073789921565411476e-01
1.847907168501094696e-02
1.422979548036457445e-02
8.597521280301667623e-02
2.889626102987882250e-01
2.889626102987882250e-01
1.838028698394161831e-01
6.092839683330697476e-02
1.674271917941587418e-02
2.642940917081724669e-02
2.889626102987882250e-01
2.889626102987882250e-01
1.746589686776809647e-01
2.889626102987882250e-01
2.049140229571292937e-01
6.629923467009976590e-02
1.066955014570973304e-01
5.499116934002405005e-02
2.171199334991824326e-01
5.641422768317493758e-02
1.100713936430798706e-01
1.651513663514193042e-01
2.889626102987882250e-01
2.889626102987882250e-01
2.553806389177490921e-01
2.517593134876077582e-02
5.105361693592915667e-02
9.430266022215665067e-02
1.267337088579299255e-02
9.759119874940528142e-03
5.896377141723085219e-02
2.168901067570898622e-01
3.140008791544002809e-01
1.260562207374042176e-01
4.178609097401837086e-02
1.148254054177026001e-02
1.812589454836281352e-02
9.255209012344185748e-02
3.140008791544002809e-01
3.140008791544002809e-01
3.140008791544002809e-01
8.202496309185165757e-02
7.783935445615250415e-02
1.866872646292635704e-02
5.300558165563316881e-03
1.268292906737201325e-02
3.869017031003647161e-02
7.548948450080335271e-02
1.132645921691368684e-01
2.472418730770859496e-01
2.917725949378622841e-01
1.751458952713887962e-01
1.726623072937762127e-02
3.501374059905051211e-02
6.467492571511181121e-02
1.027826832675886454e-01
1.622522866613145265e-01
3.140008791544002809e-01
3.140008791544002809e-01
2.557420864127595284e-01
1.009055550908084797e-01
2.378960751354732700e-02
1.625970788615072743e-02
4.106215120232196286e-02
1.050306266521962989e-01
3.271363003169446837e-01
3.271363003169446837e-01
3.271363003169446837e-01
9.308415685880211399e-02
8.833421444970054881e-02
2.118577804763116176e-02
6.015217430454585824e-03
1.439293251999763240e-02
1.032036985404181650e-01
1.656382755167823129e-01
1.538318585733451649e-01
1.762950085100213060e-01
2.264889442412052478e-01
1.341863838653052921e-01
8.347876143254466530e-02
1.413195199457399111e-02
2.023331078244055420e-02
1.166405817328459715e-01
1.841283035430157922e-01
3.271363003169446837e-01
3.271363003169446837e-01
2.902230685600572513e-01
1.145103656734273445e-01
2.699709300595050723e-02
1.845195831003195244e-02
4.659844490507900061e-02
1.522689287384459134e-01
2.421111232474740249e-01
1.125466523249180895e-01
9.792780193374739373e-02
1.044552010387903018e-01
4.221569538549066469e-02
2.525196012863057532e-02
8.606991376924133866e-03
3.807485224347335190e-02
1.431674593184699973e-01
2.297786940488690255e-01
2.134004562400326488e-01
2.445620536460042516e-01
2.943652102240874591e-01
1.861476276996502088e-01
1.158043980048786697e-01
1.960429413759210565e-02
2.806829347485593346e-02
0.000000000000000000e+00
4.624560052208098737e-03
2.631001718601445275e-03
1.467315724658702358e-01
2.943652102240874591e-01
2.763475688287813647e-01
3.537884408526002777e-02
7.835936786504685148e-07
0.000000000000000000e+00
2.112323101685240068e-01
2.943652102240874591e-01
1.561283025321740792e-01
1.358485674232519647e-01
1.449035834647619536e-01
5.856295788988752360e-02
3.503032377285861254e-02
1.193989270963597728e-02
5.281864833060604530e-02
2.416174149765841148e-02
1.351245874241742417e-01
2.943652102240874591e-01
2.943652102240874591e-01
2.943652102240874591e-01
1.346030254992757191e-01
5.328051269196041641e-03
2.978697361849110773e-03
1.882789975458834747e-03
0.000000000000000000e+00
4.275866917522732832e-03
2.432623445584169465e-03
1.356679704404175346e-01
3.499106900119180463e-01
2.555108840523390157e-01
3.271126924433134797e-02
7.245104938623699169e-07
0.000000000000000000e+00
1.371073113340860565e-03
9.032127777270274440e-04
5.846334950585579775e-03
4.056231400187985947e-02
3.499106900119180463e-01
2.604429819092156095e-01
3.552569713154556889e-03
0.000000000000000000e+00
0.000000000000000000e+00
2.233993936141989711e-02
1.249361553506183747e-01
2.816057866737555759e-01
3.499106900119180463e-01
3.499106900119180463e-01
1.244539193422334877e-01
4.926314697966257920e-03
2.754102739083585157e-03
1.740827079294591422e-03
2.387817522042651598e-04
8.287401966643354349e-04
1.333492017473961871e-03
1.088795142137697659e-02
3.499106900119180463e-01
3.499106900119180463e-01
2.510589060914159704e-03
1.624556707469521858e-03
5.130316881194374630e-04
7.351469376294604563e-02
1.061478096404404464e-01
1.787545198453669715e-01
1.952578599177313967e-01
2.303305525776176421e-01
1.920339281212626037e-01
6.431971623318837039e-02
1.792894196834840873e-02
3.873596361906098129e-02
2.682744817968228390e-01
2.601484203756581626e-01
2.865930278061342706e-01
2.865930278061342706e-01
2.865930278061342706e-01
2.196618118729168068e-01
3.368087812588877600e-02
3.925046358868573837e-02
1.106552460881302380e-01
4.097699450290778062e-02
4.414302412009867005e-02
9.280164725298101214e-02
1.825289121857427144e-01
1.814138523476740983e-01
2.099922763491818278e-01
9.014105819435759559e-02
1.153925993936507841e-02
7.909130189700729410e-03
2.865930278061342706e-01
2.865930278061342706e-01
1.472701968139388251e-01
1.140872770369087685e-01
2.066617919130812886e-02
2.124273245042571437e-02
2.591784630996208857e-02
4.114759485256282850e-02
1.871657466283133397e-01
1.225750102484827325e-01
1.188622006837869033e-01
1.738101746600198283e-01
1.380447375106655661e-01
1.435282175386499159e-01
1.003638089660525284e-01
1.538884337342742888e-02
1.793359526563003195e-02
5.055854672593602939e-02
2.776601345804329268e-01
2.776601345804329268e-01
1.853056634340397579e-01
2.776601345804329268e-01
2.174049764434523024e-01
7.034064015563985806e-02
1.131993440280829738e-01
5.834326856911613290e-02
2.303549232336782049e-01
2.776601345804329268e-01
2.776601345804329268e-01
6.728797223970037211e-02
5.212664677742821079e-02
9.442408048671793383e-03
9.705836091368217483e-03
1.184190257599009033e-02
1.880039736531152750e-02
8.551630836251279677e-02
9.791677980000705606e-02
2.776601345804329268e-01
2.776601345804329268e-01
2.776601345804329268e-01
2.715105395567925517e-01
1.287207922629440837e-01
9.444357919812252852e-03
5.498991138119844286e-04
5.313055249885188401e-04
2.622452387255885253e-01
2.622452387255885253e-01
1.621289110208166406e-01
2.622452387255885253e-01
1.902134636798606671e-01
6.154291875164624726e-02
9.904115198333725278e-02
5.104609553324769566e-02
2.015437205752425576e-01
5.236706348147777967e-02
1.021748572146276429e-01
1.533033853507296818e-01
2.622452387255885253e-01
2.622452387255885253e-01
2.370595978952781957e-01
2.336980668334276770e-02
4.739102366263907296e-02
8.753737482785269031e-02
8.567002532705134121e-02
2.622452387255885253e-01
2.622452387255885253e-01
2.622452387255885253e-01
2.375518766844711416e-01
1.126212846848926030e-01
8.263122866587523443e-03
4.811215309961858677e-04
4.648534998305310119e-04
2.070829688792175383e-01
2.207793529223759654e-01
3.186303503899335504e-02
4.349604447256307654e-02
1.151298284099738917e-01
1.908923200920762120e-01
4.016432863207190090e-02
1.961379985370352574e-02
6.667114021701846249e-02
5.567595611205409384e-02
1.086309311204568112e-01
1.629900931457705093e-01
2.875214238733462824e-01
2.875214238733462824e-01
2.520385694918144681e-01
2.484646349721694389e-02
5.038549764165525108e-02
9.306855712472385245e-02
1.479064092204568082e-01
2.334843997544360228e-01
2.875214238733462824e-01
2.875214238733462824e-01
2.875214238733462824e-01
1.452051829102691261e-01
3.423373774872392333e-02
2.339805628690432016e-02
5.908928572521580935e-02
2.201678215344493317e-01
2.347296324549804081e-01
3.387634941675316674e-02
4.624440826167240670e-02
1.224044818936472767e-01
2.029541419547761794e-01
4.270217288353951590e-02
2.085312765783891090e-02
7.088385771289716641e-02
2.875214238733462824e-01
2.875214238733462824e-01
9.443314449751846751e-02
5.681276894296550389e-02
1.814694247180573608e-02
1.470555083158656823e-02
1.475129665402699457e-02
9.254217412231558262e-03
1.360790429202276275e-01
1.443297916564023620e-01
2.278383671754845574e-01
3.115860570809096952e-01
3.115860570809096952e-01
3.115860570809096952e-01
1.416938853922926067e-01
3.340591028431148107e-02
2.283225322589063980e-02
5.766041067993474961e-02
1.884159220921886591e-01
2.995856798454674119e-01
1.392640077780640806e-01
1.211748007467892407e-01
1.292517336537839512e-01
5.223724392573249331e-02
3.124650177610275095e-02
1.065019784507895313e-02
4.711340950129474375e-02
3.115860570809096952e-01
3.115860570809096952e-01
9.214959745571790761e-02
5.543894377653131589e-02
1.770811988446400337e-02
1.434994669197857745e-02
1.439458630602083282e-02
9.030435382009786502e-03
1.327884303120696607e-01
3.115860570809096952e-01
3.115860570809096952e-01
9.528430714824639991e-02
1.456507991350602590e-02
4.769798919230779609e-03
7.133492900197640346e-03
4.917445395964519309e-03
4.907356213108119564e-03
3.354163403846001368e-02
2.247257711414648862e-01
3.475922141634709139e-01
1.661017348887516842e-01
1.445265359655319437e-01
1.541599839025601382e-01
6.230394328230562384e-02
3.726805107092887731e-02
1.270260972092102959e-02
5.619268883285644112e-02
2.570518679576092383e-02
1.437563083263325436e-01
3.240263651618078833e-01
3.475922141634709139e-01
3.475922141634709139e-01
1.432014291713522292e-01
5.668405696060791095e-03
3.168975717325346782e-03
2.003062073197241135e-03
3.475922141634709139e-01
3.475922141634709139e-01
1.136466555681686780e-01
1.737193321537978605e-02
5.688992354846753030e-03
8.508196521442176752e-03
5.865091953924561965e-03
5.853058473036029143e-03
4.000548091126651662e-02
9.676400870302005741e-02
1.011416132909643412e-01
8.044593455482700051e-02
1.809110128400637924e-02
2.518903962660821727e-01
1.121801282880914991e-01
6.885024355098201716e-03
1.493828789395662982e-03
1.502157835389309609e-02
2.657533733653037050e-02
1.486226269577849979e-01
3.349950353803648473e-01
3.837415015841481591e-01
3.837415015841481591e-01
1.480489644965169715e-01
5.860287837237890610e-03
3.276249239825896730e-03
2.070868059593526742e-03
2.840520518867167897e-04
9.858598957852057320e-04
1.586306910982080570e-03
1.295218296010888261e-02
3.837415015841481591e-01
3.837415015841481591e-01
2.986568142723739720e-03
1.932554149985015899e-03
6.102966510128044007e-04
1.000395832074557900e-01
1.045653748142200551e-01
8.316912322533803748e-02
1.870350615351656920e-02
2.604171798396490156e-01
1.159775564129696540e-01
7.118090456247387621e-03
1.544396635458698212e-03
1.553007629369434518e-02
1.666924812520654891e-03
4.978291103361356072e-03
4.760199046225238595e-03
1.134530951085099652e-02
3.467914813448390032e-01
1.535338366488428197e-01
2.713480433229699396e-03
1.024325160515348601e-03
2.408152741153008966e-03
2.659200038044139125e-02
2.864659373962136907e-02
6.022358323233641120e-02
1.184520475736791784e-01
1.177284300415043505e-01
1.362743842077275835e-01
5.849699527444966740e-02
7.488397048637462916e-03
5.132626137296568587e-03
2.973962801483791552e-01
2.973962801483791552e-01
9.557092161617755655e-02
7.403688218650873731e-02
1.341130679748946640e-02
1.378546075074515639e-02
1.681937358499599466e-02
2.670271139324171400e-02
1.214611189991623846e-01
1.697786639600776248e-01
2.213144673549676811e-01
2.973962801483791552e-01
2.129917872041919569e-01
1.347475874470659696e-01
1.767750582127165515e-01
3.450629880446976633e-02
1.128837105690059378e-02
4.917661041845438480e-02
2.973962801483791552e-01
2.973962801483791552e-01
2.973962801483791552e-01
1.633205321684218225e-01
2.973962801483791552e-01
2.973962801483791552e-01
5.558547070983148319e-02
1.789359305363535588e-02
1.387420030776842679e-02
2.827128912802805427e-01
2.827128912802805427e-01
7.224850964512596896e-02
5.596947592730529969e-02
1.013851192524384617e-02
1.042136014982327635e-02
1.271489961727923640e-02
2.018638168410288175e-02
9.182065715303661113e-02
1.051353038935326362e-01
2.827128912802805427e-01
2.827128912802805427e-01
2.827128912802805427e-01
2.827128912802805427e-01
1.382102193272897739e-01
1.014060554285794828e-02
5.904382329513976338e-04
5.704739059441250003e-04
2.827128912802805427e-01
2.827128912802805427e-01
2.827128912802805427e-01
1.234650126217885779e-01
2.827128912802805427e-01
2.511466765468343132e-01
4.202080872293620373e-02
1.352697461172854866e-02
1.048844436992997682e-02
1.734476075756256341e-01
1.598930421417342207e-01
9.788408269431113362e-02
5.705878773792723985e-02
4.617997789778045814e-02
1.998153817256456341e-02
5.268751293414874332e-03
7.603764877260429066e-03
3.781415045334552555e-02
1.182997548479842592e-01
2.993785606666313215e-01
2.993785606666313215e-01
2.993785606666313215e-01
2.993785606666313215e-01
1.555161250160260744e-01
1.141035508819222312e-02
6.643695849470415910e-04
6.419054372896853796e-04
2.859560780807741120e-01
2.993785606666313215e-01
4.399892750627466126e-02
6.006268094724673268e-02
1.589801149771550015e-01
2.635987859586269022e-01
5.546199166708615236e-02
2.708424218940777214e-02
9.206463419380354896e-02
1.951657406720835874e-01
1.799139488522384367e-01
1.101405765468010806e-01
6.420336795864046986e-02
5.196237478635204465e-02
2.248351390788566953e-02
5.928474672952567352e-03
8.555865514143015660e-03
4.254902551996853771e-02
2.993785606666313215e-01
2.993785606666313215e-01
6.545516770699173759e-02
1.238768755763330551e-02
1.064413072518748289e-02
2.312084862659432444e-02
1.726723237802672145e-02
9.354685512267943079e-03
2.064702157569584806e-01
3.017375398569921430e-01
3.017375398569921430e-01
4.810471950028487320e-02
6.566747380354595598e-02
1.738154602974912311e-01
2.881966988251484785e-01
6.063746784945692886e-02
2.961162799282867492e-02
1.006557126456701645e-01
3.017375398569921430e-01
3.017375398569921430e-01
1.340959107399117833e-01
8.067464059997847547e-02
2.576882079750635740e-02
2.088201385420865655e-02
2.094697333168169667e-02
1.314107158753937896e-02
1.932334593971186398e-01
3.017375398569921430e-01
3.017375398569921430e-01
7.156316439622097125e-02
1.354365365228816717e-02
1.163739554302742861e-02
2.527838747051853324e-02
1.887853675462330613e-02
1.022762481010141070e-02
2.257371344502740740e-01
3.017375398569921430e-01
3.017375398569921430e-01
6.531174590813271230e-02
5.846121297925391258e-02
3.851370365670132856e-02
9.420749381311923840e-03
5.672957749223680665e-03
4.922094487498605841e-03
8.188322313060752977e-02
3.401268120137485584e-01
3.401268120137485584e-01
1.098900887924891545e-01
6.611195949165611652e-02
2.111725845993964873e-02
1.711257520041574096e-02
1.716580876069389097e-02
1.076896018390924997e-02
1.583526439670100705e-01
3.401268120137485584e-01
3.401268120137485584e-01
1.136282877207717007e-01
1.736912552150885608e-02
5.688072886140049973e-03
8.506821406138096592e-03
5.864144023574650866e-03
5.852112487566409581e-03
3.999901512866387704e-02
3.401268120137485584e-01
3.343252850580643587e-01
5.352224029379760301e-02
4.790830570267885780e-02
3.156154644246616375e-02
7.720198030587873544e-03
4.648924992107776599e-03
4.033601004622245668e-03
6.710237926561533894e-02
3.401268120137485584e-01
2.933074410122286646e-01
2.265123090336351383e-02
1.907888484778608174e-02
3.090737113767554490e-03
3.520200138267411214e-03
8.522530835889774014e-04
1.001671264880471491e-03
1.968882287194311798e-01
4.045029376667618193e-01
4.045029376667618193e-01
1.517722887489635353e-01
2.319978578261665605e-02
7.597508136546396798e-03
1.136248535189566915e-02
7.832684781791202436e-03
7.816614366635219954e-03
5.342632715455395559e-02
1.292259327470733909e-01
1.350721150586306762e-01
1.074335496006903895e-01
2.416021689451293419e-02
3.363933743941560639e-01
1.498137779533986469e-01
9.194779197341315310e-03
1.994971283863947002e-03
2.006094518130993598e-02
4.045029376667618193e-01
3.917681285396142910e-01
3.025504675061898435e-02
2.548349603966687874e-02
4.128269950090221289e-03
4.701899875074825805e-03
1.138346829686631180e-03
1.337923359529666865e-03
2.629818480932271108e-01
4.077922015341892831e-02
7.986195135260477918e-03
2.049907165317078894e-02
2.789382328377348202e-02
8.412895464350528263e-02
1.977031225048924146e-01
1.368252217258408565e-01
4.558941296101736568e-02
7.136385221859799233e-02
2.688375070657246235e-01
2.809997182030737339e-01
2.235013285328797672e-01
5.026214430814512218e-02
3.052207209269412469e-01
3.052207209269412469e-01
1.912852524942602536e-02
4.150274602168329760e-03
4.173415023810430474e-02
4.479545962669051820e-03
1.337821816889974216e-02
1.279213690914755321e-02
3.048837897956098442e-02
3.052207209269412469e-01
3.052207209269412469e-01
7.291966757081884583e-03
2.752680626493465149e-03
6.471456185723255781e-03
8.483578839849990894e-02
1.661422553092361046e-02
4.264561457015215995e-02
5.802941990613223050e-02
1.750191928014354636e-01
3.052207209269412469e-01
2.846468253743220100e-01
9.484276002880938361e-02
1.484630810334712503e-01
1.827783974130920905e-02
1.864592846824317252e-02
7.176801118479535224e-02
2.782426898671848045e-02
1.200251737297838156e-01
2.864221989828849568e-01
2.600882353057016871e-01
2.737950627170112478e-02
1.308659165753790592e-02
1.655662802247767906e-01
2.158234271916875113e-01
2.780112255850278324e-01
2.077072413181283994e-01
1.314043608454800449e-01
1.723890867210501887e-01
3.365016194687523582e-02
1.100829492996564622e-02
4.795648800111322607e-02
2.780112255850278324e-01
2.780112255850278324e-01
2.780112255850278324e-01
1.592683813427520634e-01
2.780112255850278324e-01
2.780112255850278324e-01
5.420633785959187018e-02
1.744963455739610356e-02
1.352996709051038429e-02
2.355353573827243668e-02
6.569935845147329562e-03
9.357206815851128179e-02
1.302275387955674768e-01
1.695980572418248900e-01
1.835182476020550402e-01
1.074300177118721611e-01
6.508383969765539623e-02
6.466991156956018727e-02
6.101345991241335226e-02
1.228679074984637409e-01
9.969091946334707188e-02
8.064777131574862867e-02
2.780112255850278324e-01
2.780112255850278324e-01
2.764387505779333093e-02
5.920264340538591852e-02
1.922701350059198011e-01
3.005256564363408267e-01
3.005256564363408267e-01
3.005256564363408267e-01
1.896846464902783025e-01
3.005256564363408267e-01
3.005256564363408267e-01
6.455838847449420215e-02
2.078207698539438070e-02
1.611385136805971313e-02
2.664750719975300663e-01
2.456506060370146349e-01
1.503835558643026593e-01
8.766188697025675824e-02
7.094830022253194313e-02
3.069850254829224398e-02
8.094610815762610587e-03
1.168199332029878044e-02
5.809551717331799814e-02
7.266550006387420546e-02
1.463325953485425934e-01
1.187293840577248460e-01
9.604947236410615874e-02
3.005256564363408267e-01
3.005256564363408267e-01
3.292316167057959819e-02
7.050886303335736349e-02
2.289889071626185213e-01
2.115734090486836097e-02
6.117824461198290154e-02
8.586784851933029761e-02
7.416823936036945342e-02
1.328832398342542354e-01
8.089171608099232635e-02
5.921416070580786534e-02
4.168926692196973927e-02
2.696617523558288501e-02
2.927942850545464659e-01
2.699130279941923671e-01
1.652366406853136294e-01
9.632007725745804494e-02
7.795572277651587056e-02
3.373053261040384609e-02
8.894099432377601533e-03
1.283580057447389518e-02
6.383349589935916057e-02
3.909705676953282860e-01
3.909705676953282860e-01
9.819806983488379992e-02
1.858443038940161066e-02
1.596868710141496894e-02
3.468668384197824001e-02
2.590488956506812809e-02
1.403421751708291108e-02
3.097536432338804380e-01
2.324700940114076200e-02
6.722069819808032531e-02
9.434884519563033201e-02
8.149368890113342645e-02
1.460078532350032599e-01
8.888123004987513731e-02
6.506262562947252859e-02
4.580683292949602053e-02
2.962957074960952120e-02
3.909705676953282860e-01
3.909705676953282860e-01
8.567231756077794969e-02
1.682758983582739037e-02
1.443078299774285846e-02
1.361827823950114390e-02
1.294336405706195993e-02
8.888913477075769537e-03
9.120321643325622618e-02
3.397848844132932422e-01
3.397848844132932422e-01
7.582138068263433173e-02
1.434954041045897848e-02
1.232985440298486370e-02
2.678252499894388794e-02
2.000186456370542029e-02
1.083619821382304609e-02
2.391691500755529221e-01
3.397848844132932422e-01
3.397848844132932422e-01
6.919798462418909335e-02
6.193982507434572793e-02
4.080538096785337604e-02
9.981311351763852077e-03
6.010515224269526689e-03
5.214973416019529941e-03
8.675551290790507741e-02
3.397848844132932422e-01
3.397848844132932422e-01
6.614990920556487741e-02
1.299303639123312176e-02
1.114239712715472605e-02
1.051504026887142493e-02
9.993920808571690392e-03
6.863370061485061548e-03
7.042046553760346328e-02
3.397848844132932422e-01
2.001499331267863613e-01
1.226683891739561161e-01
9.278149203611542328e-02
9.701003181702835820e-02
9.396307745539694833e-02
8.426416314835667720e-02
3.285235225266861653e-02
9.633085787753317697e-02
3.482301687619566710e-01
3.482301687619566710e-01
6.235448916784189916e-02
5.581414216948479140e-02
3.676983801433208326e-02
8.994186376157193435e-03
5.416091356999616982e-03
4.699226504150284811e-03
7.817562490072199610e-02
3.482301687619566710e-01
3.417090830475542629e-01
2.638914074315647923e-02
2.222728555541503628e-02
3.600771059342210405e-03
4.101104142601959268e-03
9.928920272619279515e-04
1.166967221343420680e-03
2.293787565238379622e-01
3.482301687619566710e-01
1.803556404840125915e-01
1.105368138324403504e-01
8.360565082295508266e-02
8.741599933811336487e-02
8.467038060703198366e-02
7.593066296377040669e-02
2.960334255112212487e-02
8.680399388328211008e-02
3.482301687619566710e-01
3.482301687619566710e-01
2.764071732659275152e-02
2.233819529255860227e-03
2.894437358078987606e-03
2.412040624023966025e-03
1.162915982533554342e-03
1.969231610224175984e-03
7.550424571350634884e-02
4.273442983913651738e-01
4.273442983913651738e-01
3.568119065740374407e-02
3.005387789691463946e-02
4.868661694313401733e-03
5.545170274481077063e-03
1.342505618949962377e-03
1.577875548164390032e-03
3.101467843892473653e-01
4.809284021762792044e-02
9.418493172304533492e-03
2.417551326181979765e-02
3.289648946689817388e-02
9.921720813013021334e-02
2.331605323834705645e-01
1.613643787557983711e-01
5.376572540870040717e-02
8.416272624025888938e-02
4.273442983913651738e-01
4.273442983913651738e-01
3.737346791381698091e-02
3.020384077427011073e-03
3.913616294850799995e-03
3.261359747058888408e-03
1.572397801625371018e-03
2.662630406077801624e-03
1.020905308349510376e-01
9.502384113671309696e-02
1.007920954822791454e-01
7.999985860038150154e-02
6.560080018430042292e-02
7.091697031867671974e-02
8.355707242724601247e-02
9.150460488782777291e-02
3.292473714472454044e-02
5.973669682351104293e-02
1.047678537097241486e-01
2.051771761403171218e-02
5.266514984996573112e-02
7.166336154062684372e-02
2.161397393006254664e-01
2.421207508919811513e-01
2.421207508919811513e-01
1.171259511546010879e-01
1.833443013689806389e-01
2.257219595994378047e-02
2.302676668561995377e-02
8.862981813203067716e-02
3.436154714667661453e-02
1.482249423290391277e-01
2.421207508919811513e-01
2.421207508919811513e-01
3.381228797266389724e-02
1.616127045222427727e-02
2.070046984560949543e-01
2.195705528473528845e-01
1.742757018449342388e-01
1.429080712606875525e-01
1.544890827462639948e-01
1.820249147452475125e-01
1.993382178152191819e-01
7.172489769787519787e-02
1.301334145703826883e-01
2.376435883373550217e-01
1.985083647331878365e-01
1.392840303426417514e-01
2.173545147820680479e-01
2.421207508919811513e-01
2.259730771437412911e-01
6.619201020355028331e-02
1.510559069682159694e-01
2.421207508919811513e-01
3.696962070524032612e-02
1.031216879503095082e-02
1.468706824684481715e-01
2.044050951902740554e-01
2.662010459171843535e-01
2.817469632571293348e-01
1.686221147983139046e-01
1.021555699492387032e-01
1.015058685173621661e-01
9.576670339184287228e-02
1.928534207152511615e-01
1.564748291411691694e-01
1.265847110767952255e-01
2.817469632571293348e-01
2.817469632571293348e-01
4.338981574002238190e-02
9.292444649353727437e-02
2.817469632571293348e-01
9.821492693444465460e-02
9.017231952074789003e-02
1.317465646280328306e-01
1.257623870875481942e-01
1.669250795772302953e-01
1.127336761081851879e-01
2.283464728434832572e-02
2.337298152031023341e-02
4.800156671153734539e-02
2.817469632571293348e-01
1.371991731347323162e-01
1.550316842416087637e-01
1.879000143185079741e-01
1.650559362406540387e-01
1.982806318247482824e-01
2.354456369824572612e-02
3.589140903041262293e-02
2.817469632571293348e-01
1.012078172932642794e-01
2.038106468828567441e-01
1.653651567593074079e-01
1.337767914842119543e-01
3.004622790703390667e-01
3.004622790703390667e-01
4.585506640900655073e-02
9.820407375113526793e-02
3.004622790703390667e-01
2.946774316324796486e-02
8.520847716687521278e-02
1.195959226410191756e-01
1.033008182913364020e-01
1.850785124530964221e-01
1.126652127139740056e-01
8.247291978476029017e-02
5.806441441977308604e-02
3.755823236531803666e-02
3.004622790703390667e-01
1.449943284629097440e-01
1.638400176436295708e-01
1.985758060475234787e-01
1.744338109860809061e-01
2.095462122821847295e-01
2.488227971335435842e-02
3.793062764920464985e-02
3.004622790703390667e-01
3.004622790703390667e-01
5.616874078311046015e-02
1.848291069989016142e-02
5.676184368667193045e-03
6.918056129304597963e-03
8.933768668527878806e-03
6.089539772751416391e-03
1.626868182958721848e-02
3.004622790703390667e-01
2.177248498823508224e-02
6.295698587124784473e-02
8.836443347325244335e-02
7.632466127659238986e-02
1.367467848388078666e-01
8.324362130217978495e-02
6.093579674568102428e-02
4.290137131648014135e-02
2.775020963866715873e-02
4.265632425127462435e-01
4.265632425127462435e-01
8.023824552279028299e-02
1.576023998470746715e-02
1.351545916144450410e-02
1.275449041288714142e-02
1.212238506755257059e-02
8.325102463797159555e-03
8.541832742470453765e-02
3.113670755827595005e-01
4.150073722081223937e-02
1.365625095627082293e-02
4.193895619105139985e-03
5.111462808285525961e-03
6.600788636792536898e-03
4.499306667395193589e-03
1.202024969984227289e-02
3.068043408168515396e-01
4.265632425127462435e-01
4.265632425127462435e-01
4.032802263408605259e-02
7.601996654001183691e-03
1.854439375037293322e-02
3.539466571397096445e-02
4.176885260418780263e-03
1.002635772365775141e-02
1.047304470966876067e-01
3.445808648997593093e-01
3.445808648997593093e-01
4.711624633358243996e-02
9.254481383007563330e-03
7.936336332045313552e-03
7.489492177171526953e-03
7.118317172465090693e-03
4.888536331781705158e-03
5.015801292915688520e-02
2.844048888642737305e-01
1.425597353965587788e-01
8.737236545107240904e-02
6.608498313106039856e-02
6.909682281975471074e-02
6.692658473486658155e-02
6.001839028461066622e-02
2.339957136697234583e-02
6.861307118621638723e-02
3.445808648997593093e-01
3.445808648997593093e-01
2.368079007951631731e-02
4.463925459028825898e-03
1.088934856883612412e-02
2.078390146505122368e-02
2.452685169706303285e-03
5.887520810787136467e-03
6.149817349423718910e-02
3.260250700995744322e-01
3.445808648997593093e-01
1.314829700520576128e-01
6.087457935900614930e-02
3.009183159885324699e-01
1.961922371233364992e-01
6.089328039908077639e-02
3.033384456586799005e-02
6.381468617917213093e-02
2.887339407010728887e-01
1.447296997977916833e-01
8.870229863418993554e-02
6.709089171002607932e-02
7.014857593461623630e-02
6.794530370180892898e-02
6.093195658700751444e-02
2.375574652911889573e-02
6.965746090480828823e-02
3.397841579086671726e-01
3.397841579086671726e-01
2.218080183207800024e-02
1.792569553156301730e-03
2.322694476280707295e-03
1.935586347497746931e-03
9.332033120253580959e-04
1.580246112709355515e-03
6.058977022425394293e-02
3.309876410110424438e-01
3.397841579086671726e-01
1.334843301386745007e-01
6.180117809168211157e-02
3.054987259588348714e-01
1.991785654100131642e-01
6.182016378850860305e-02
3.079556934865721601e-02
6.478603757021851595e-02
3.397841579086671726e-01
3.397841579086671726e-01
3.443481943099402365e-02
1.503234878467187355e-02
7.115676599116500800e-03
9.428647181089804680e-03
2.964752349086561059e-03
6.625494626997535490e-03
9.187943502857874589e-02
4.509579213158801947e-01
4.509579213158801947e-01
4.236012518530822557e-02
3.423387091681128359e-03
4.435801263062683249e-03
3.696515599738203588e-03
1.782199282965912790e-03
3.017899157331490820e-03
1.157122393986965841e-01
1.077026572814208383e-01
1.142405567544462347e-01
9.067405874492787121e-02
7.435376654024691834e-02
8.037926122856089983e-02
9.470590356501162876e-02
1.037138573016270493e-01
3.731781033432756550e-02
6.770722913474193361e-02
4.509579213158801947e-01
4.509579213158801947e-01
6.576242251625294410e-02
2.870825776131379070e-02
1.358927210110260839e-02
1.800650300844647278e-02
5.661981095251403945e-03
1.265313959066687900e-02
1.754681548138318781e-01
1.475559177503273367e-01
4.535217685715249580e-02
8.092884182206906696e-02
1.314312130701443537e-01
9.479042286095533398e-02
3.106052867665399370e-02
2.990028316476826126e-02
1.931452356322668415e-02
7.233934649083585688e-02
1.821903556267114033e-01
1.932498991895948981e-01
1.533846928742907401e-01
1.257772046678173883e-01
1.359699617250766934e-01
1.602049818081413002e-01
1.754428815607413372e-01
6.312699526304214881e-02
1.145338886330877354e-01
2.091564597060270869e-01
1.747125057322657105e-01
1.225875896079227090e-01
1.912995049898120470e-01
2.359495492122768157e-01
1.988849315688965558e-01
5.825735342519063054e-02
1.329483321649909400e-01
2.720666688589871707e-01
2.496063310630626808e-01
7.671796999827114327e-02
1.368996350154502439e-01
2.223296996947017601e-01
1.603479550733697412e-01
5.254214620505420069e-02
5.057946907377025569e-02
3.267254500090960301e-02
1.223696016016756760e-01
1.958744439457167918e-01
1.783776314109959682e-01
2.199314046909542630e-01
5.514460274284949809e-02
2.720666688589871707e-01
2.720666688589871707e-01
8.681420942466501478e-02
3.060204111293378729e-02
1.425610220911523174e-01
1.220550475919545685e-01
1.120602243885795851e-01
1.637259601738967618e-01
1.562892181500486477e-01
2.074435034268129197e-01
1.400979935746906047e-01
2.837739687875470707e-02
2.904640323900548396e-02
5.965318808795386923e-02
2.982769722334427942e-01
1.705021031855360469e-01
1.926631744174745753e-01
2.335097719461955990e-01
2.051206550979201293e-01
2.464101202262867218e-01
2.925963427778461440e-02
4.460348110092589996e-02
2.982769722334427942e-01
6.916938554742797785e-02
1.734596111220628178e-01
2.899104218158711777e-01
2.416822115355290179e-01
1.997328146524643966e-01
1.309345237625352820e-01
4.757567977948497229e-02
2.198909796104893746e-02
5.007074616809047141e-02
1.676580064449154084e-01
2.982769722334427942e-01
2.595143026513730966e-01
4.373312968982888405e-02
5.189405488166701219e-02
3.764929966833212988e-02
4.810192647247924641e-02
6.228382438487478634e-02
1.135226580014893072e-01
3.238906081700914097e-01
1.319358042739475489e-01
1.490842071495203092e-01
1.806916102027350812e-01
1.587238989896452290e-01
1.906739963079420175e-01
2.264132411903620537e-02
3.451450769533788432e-02
3.238906081700914097e-01
3.238906081700914097e-01
5.111005422650197888e-02
1.681829706282169171e-02
5.164974091237543689e-03
6.295000012125286266e-03
8.129172823343447721e-03
5.541101752691456571e-03
1.480348675991565235e-02
3.238906081700914097e-01
1.297350209176368341e-01
3.238906081700914097e-01
2.008141108009869613e-01
3.384102325568206365e-02
4.015600828336249317e-02
2.913331002543110421e-02
3.722163092244606258e-02
4.819568973019484198e-02
8.784468289194312385e-02
3.238906081700914097e-01
5.319392668452679190e-02
6.107407484110725926e-02
1.610284988731768840e-01
7.011085337190506306e-02
3.964206239455483893e-02
1.215065963052287465e-02
1.246477156418289711e-01
3.238906081700914097e-01
2.712240953637914398e-01
3.615025734040222538e-02
1.189561967893741114e-02
3.653197895805212949e-03
4.452467794060077991e-03
5.749782385793070390e-03
3.919233844312427530e-03
1.047053977940602502e-02
2.672496108844927276e-01
3.515124228322375477e-01
3.515124228322375477e-01
3.512873490644086855e-02
6.621909723695286465e-03
1.615355897729779666e-02
3.083141071035941372e-02
3.638380596519838386e-03
8.733710198174244807e-03
9.122808093206542790e-02
3.515124228322375477e-01
3.762418505897451027e-02
4.319783173284494349e-02
1.138958226811183916e-01
4.958956569518475910e-02
2.803892069291432157e-02
8.594189130624627776e-03
8.816361214128563828e-02
3.515124228322375477e-01
3.515124228322375477e-01
2.542603843256102114e-01
1.575204153585501587e-01
1.780495135822847408e-01
3.378489656436776262e-02
1.493521945046273960e-02
3.305440167276483404e-02
9.206820649190068998e-03
2.713278602451977273e-01
3.219648447783989842e-01
3.219648447783989842e-01
2.109974427695873733e-02
3.977387804234852088e-03
9.702483294417250589e-03
1.851859690988173421e-02
2.185359090592857434e-03
5.245820900221360994e-03
5.479528891862674861e-02
2.904905446093575816e-01
3.219648447783989842e-01
1.171522164403268201e-01
5.423966232247837138e-02
2.681202567267039760e-01
1.748086114748163000e-01
5.425632507578864727e-02
2.702766086467930581e-02
5.685931740341692436e-02
2.669426367314943760e-01
1.527191088241546535e-01
9.461315619015762957e-02
1.069437659861268985e-01
2.029258041401769616e-02
8.970699114679615144e-03
1.985381552682500411e-02
5.529990243574521049e-03
1.629705277356401083e-01
3.219648447783989842e-01
3.219648447783989842e-01
2.709630796832624977e-01
1.658757880231113424e-01
1.063312691417173522e-01
6.768063011075424462e-02
3.799156468663559411e-02
1.309293678710671954e-02
8.044320289517001288e-02
2.732121409627916719e-01
3.170992476178718933e-01
1.101839920994350935e-01
5.101348234294926509e-02
2.521724398097204278e-01
1.644109795862487844e-01
5.102915399419821751e-02
2.542005317242060705e-02
5.347732010472480702e-02
3.170992476178718933e-01
3.170992476178718933e-01
2.842405448031561435e-02
1.240837930568713596e-02
5.873600694288752880e-03
7.782831029157352351e-03
2.447240429413440835e-03
5.468982365776849618e-03
7.584143346842439626e-02
3.170992476178718933e-01
3.170992476178718933e-01
2.548461714018588897e-01
1.560094812746086468e-01
1.000066757166443027e-01
6.365498016169952866e-02
3.573182301172820458e-02
1.231416773274447707e-02
7.565843397226244826e-02
3.170992476178718933e-01
2.916201647456718726e-01
1.055855690900929685e-02
7.790429924964741709e-03
1.297834274464466399e-02
9.423048457211740531e-03
8.157471430490522910e-03
3.922399588859432594e-03
8.762927334091441534e-02
4.552942136731618072e-01
4.552942136731618072e-01
6.531346016940699217e-02
2.851226548661934049e-02
1.349649766760403595e-02
1.788357198583758606e-02
5.623326553294815018e-03
1.256675616639154648e-02
1.742702276151725516e-01
1.465485483653594656e-01
4.504255596763420688e-02
8.037633780287815888e-02
1.305339276051175890e-01
9.414328534567210915e-02
3.084847736656881612e-02
2.969615289116566206e-02
1.918266263877527189e-02
7.184548325515895117e-02
4.552942136731618072e-01
4.552942136731618072e-01
2.426170012446931049e-02
1.790103290714953332e-02
2.982194086717249171e-02
2.165250212670072338e-02
1.874442950168811461e-02
9.012981926729838472e-03
2.013566030134607554e-01
4.024286032241821548e-02
3.144073644330906692e-02
1.133034992785255241e-01
1.081963993753428388e-01
2.406256260584759693e-02
1.039834280890394695e-02
1.143701956603554275e-02
5.465334885029470360e-03
1.459562226162056976e-02
1.920861545209930910e-01
5.903880633501109448e-02
1.053519930101514540e-01
1.710952477378177849e-01
1.233967982469435787e-01
4.043414592820870901e-02
3.892375514160891642e-02
2.514336676040966959e-02
9.417031251500268541e-02
1.507364358356948209e-01
1.372716514215522876e-01
1.692496244208339662e-01
4.243688306441867342e-02
3.664371246383896219e-01
3.664371246383896219e-01
6.680843220259082005e-02
2.354999720095904414e-02
1.097087497798814315e-01
5.274768240615322623e-02
4.121043999457886520e-02
1.485107407268496382e-01
1.418166916072966799e-01
3.153961721514029343e-02
1.362946072023673953e-02
1.499088958659666217e-02
7.163599864650011841e-03
1.913097730648284645e-02
9.014913879057727397e-02
1.156976633446916702e-01
3.664371246383896219e-01
3.664371246383896219e-01
3.600374793812020080e-01
2.529684310475255327e-01
1.618611391731368879e-02
5.368089608957608665e-03
3.610473632317116183e-02
9.172932427006480482e-02
2.300343250189055833e-01
2.564531317252403686e-01
2.564531317252403686e-01
2.564531317252403686e-01
1.736394691568386994e-01
6.309272409061349174e-02
2.916095150060619978e-02
6.640156877709406380e-02
2.223404981545354375e-01
2.564531317252403686e-01
2.564531317252403686e-01
5.799690719982521919e-02
6.881955868561244472e-02
4.992880579297987592e-02
6.379060875686691501e-02
8.259800312759019159e-02
1.505486368774819061e-01
1.595120386544325863e-01
1.977304211754418450e-01
2.564531317252403686e-01
2.528876719422972208e-01
2.101590786924382170e-01
5.207297745407848261e-02
1.171920189543196149e-02
1.797643786322450019e-02
5.514532877953756684e-02
1.939340251706720142e-01
2.564531317252403686e-01
2.564531317252403686e-01
1.377678881686192347e-01
8.089733797246299873e-02
6.288200503472796132e-02
8.824563420874355357e-02
7.486643684394074516e-02
1.421061173427378976e-01
1.110874045604434701e-01
2.827286800226966879e-01
1.719498575651156602e-01
2.897684383563597227e-02
3.438413703681748174e-02
2.494579932302553107e-02
3.187153586930330934e-02
4.126822538169355042e-02
7.521822371382945460e-02
3.172395470569328024e-01
4.554803484800050428e-02
5.229552060839538774e-02
1.378828775265083240e-01
6.003338711100442843e-02
3.394406376694536487e-02
1.040417022716682953e-02
1.067313291129748237e-01
3.172395470569328024e-01
9.689475237748185199e-02
1.964955953795055610e-01
1.371079083406812893e-01
6.883261149207402230e-02
4.041852647538744792e-02
3.141757255580825831e-02
4.408993660356984312e-02
3.740532303701725458e-02
7.100010964621723819e-02
3.172395470569328024e-01
3.172395470569328024e-01
3.172395470569328024e-01
3.172395470569328024e-01
1.646810377481266185e-01
8.900985162749383561e-02
4.296381241884336677e-02
5.607021145265483897e-02
3.172395470569328024e-01
2.759918428061908791e-01
2.749427830259905739e-02
3.156728061671019991e-02
8.323059865322422757e-02
3.623810902458895339e-02
2.048974316990832822e-02
6.280296234249005925e-03
6.442650876225988754e-02
2.759918428061908791e-01
2.759918428061908791e-01
1.858035132725519845e-01
1.151097394247991290e-01
1.301115989728537647e-01
2.468867690048960270e-02
1.091407240948238586e-02
2.415485989377235201e-02
6.727983312174549112e-03
1.982757550532178170e-01
2.759918428061908791e-01
2.727976153897580525e-01
2.494820113004349305e-01
2.629411607122881245e-01
9.940684154909436299e-02
5.372924738654881460e-02
2.593435742126637411e-02
3.384580703227734605e-02
2.759918428061908791e-01
2.759918428061908791e-01
2.759918428061908791e-01
2.759918428061908791e-01
1.510972426160653859e-01
9.269708235479487413e-02
6.313381910863301305e-02
4.181956017152963639e-02
9.788346395982649301e-03
1.140784849288442454e-01
3.147714799932681551e-01
2.016559529071993706e-01
1.249307065499734443e-01
1.412124992311768745e-01
2.679507280943144859e-02
1.184524249874597222e-02
2.621571144391339481e-02
7.302003401680131484e-03
2.151923051368787032e-01
3.147714799932681551e-01
3.147714799932681551e-01
3.147714799932681551e-01
2.190285181440410067e-01
1.404037357714956469e-01
8.936800419689973352e-02
5.016546546339770846e-02
1.728839740151846480e-02
1.062201767652469347e-01
3.147714799932681551e-01
3.147714799932681551e-01
3.055652527438739163e-01
1.639886022859941561e-01
1.006058397106462526e-01
6.852028914193245002e-02
4.538753389543990352e-02
1.062347145703420627e-02
1.238114671749538653e-01
1.003593662875792991e-01
1.502280516650667808e-01
5.011388773301082150e-02
1.304981428236096780e-02
3.497992829368756773e-02
1.819750160179934434e-02
9.874898432497298401e-04
3.644739285827997693e-03
4.636056756574297860e-02
3.478431987768503819e-01
3.478431987768503819e-01
3.478431987768503819e-01
2.234318500065113067e-01
1.432264012790342989e-01
9.116465142667644350e-02
5.117398798065897481e-02
1.763596196422573606e-02
1.083556187284713396e-01
3.478431987768503819e-01
3.478431987768503819e-01
1.512163161049454377e-02
1.115720760212703631e-02
1.858717243184946147e-02
1.349539228189516361e-02
1.168287284976957108e-02
5.617536764070244805e-03
1.254998766570053492e-01
1.023769829843274859e-01
1.532482244358956414e-01
5.112137333569343606e-02
1.331216670804396228e-02
3.568316198265051448e-02
1.856334272285309339e-02
1.007342260311638611e-03
3.718012833782741774e-03
4.729259671908909307e-02
3.478431987768503819e-01
2.557263725704657653e-01
2.886913796368520760e-02
1.966483387354068038e-02
1.690407153253415881e-02
4.244502270725401989e-03
2.812663698258629813e-04
1.562752003510401583e-02
2.366941955007410558e-01
4.318958718082234749e-01
4.318958718082234749e-01
2.446052161086480214e-02
1.804772955051561767e-02
3.006632780543283534e-02
2.182994157385102427e-02
1.889803767077938637e-02
9.086842144865206125e-03
2.030066942643334316e-01
4.057264534428647873e-02
3.169838920139930044e-02
1.142320067625351571e-01
1.090830548379066595e-01
2.425975218610104678e-02
1.048355587982270978e-02
1.153074445828907932e-02
5.510122595697559966e-03
1.471523149337410942e-02
4.318958718082234749e-01
4.136590960453485621e-01
4.669827907708599263e-02
3.180953658492655101e-02
2.734376935529866243e-02
6.865842403434132060e-03
4.549722076789839754e-04
2.527883904258019718e-02
3.828729354968585241e-01
6.062892851141724049e-02
1.371978831545377642e-01
9.317345145410933782e-02
4.362534462730309481e-02
4.750444050107440613e-02
7.053564013319786608e-02
6.235141626164825146e-02
1.187830884914066465e-02
3.298633543558405351e-02
5.392631138512800348e-02
4.213127322550477144e-02
1.518291625934614641e-01
1.449855372286767974e-01
3.224435920833921415e-02
1.393400637304812242e-02
1.532585590324592184e-02
7.323668061186953265e-03
1.955845247166468348e-02
9.216349056038694587e-02
1.182828881848604491e-01
3.566401796542194025e-01
3.566401796542194025e-01
3.566401796542194025e-01
2.586209243893679011e-01
1.654778711411953110e-02
5.488037741012651710e-03
3.691148434635575099e-02
8.058371471984308865e-02
1.823537929457166862e-01
1.238396095030310368e-01
5.798374492696860283e-02
6.313956679184029586e-02
9.375102020819571502e-02
8.287312449304898299e-02
1.578781408734752228e-02
4.384312092689530288e-02
1.172284608105622905e-01
9.943372605605797776e-02
3.006355211816728601e-01
3.527216676569789877e-01
3.179847712801953663e-01
2.125294911134969489e-01
3.514490399103888801e-02
2.752610386022021419e-02
9.882407807537660349e-02
1.855984062457333439e-01
2.300669676472711644e-01
2.476003513747771223e-01
2.476003513747771223e-01
2.445281897994492915e-01
6.058891670793905421e-02
1.363574318660811142e-02
2.091627845480620307e-02
6.416371591583776290e-02
2.256497145426988316e-01
2.476003513747771223e-01
2.476003513747771223e-01
1.602982489072815597e-01
9.412717136503322146e-02
7.316563699160882894e-02
1.026771973165527818e-01
8.710998540765078901e-02
1.653459457923391329e-01
1.549523838272821863e-01
1.781536959819900734e-01
2.191598322564048684e-01
2.476003513747771223e-01
2.315959296599603146e-01
1.383014094284285567e-01
1.028056990660140141e-01
4.614194189563153303e-02
2.319596815260498504e-02
1.855147909054150612e-01
2.476003513747771223e-01
2.476003513747771223e-01
1.888922325402904445e-01
8.754739621547166784e-02
7.140068228866797151e-02
1.682249747206099322e-02
1.324801338959341254e-02
7.669221251634240899e-02
4.302389513964754997e-02
8.724936783031765619e-02
6.087962584686654882e-02
3.056354432369988786e-02
1.794692077855259901e-02
1.395025338335553755e-02
1.957712634174126748e-02
1.660897681785372323e-02
3.152597222625479895e-02
3.132879205025892455e-01
2.006676472573182268e-01
1.835168836397443048e-01
1.934173215255466372e-01
7.312284231824230096e-02
3.952278558799291602e-02
1.907709669463364052e-02
2.489669294575249173e-02
2.419497968237374341e-01
3.537150014545174803e-02
5.809890287796081604e-02
7.557932630170703658e-02
3.601546592681178355e-02
1.669237651001275261e-02
1.361373522635522457e-02
3.207490728236582923e-03
2.525955506026834885e-03
1.462265403711073691e-02
3.915041727185949449e-01
3.915041727185949449e-01
3.915041727185949449e-01
3.915041727185949449e-01
2.733954580043115312e-01
1.630706588745373456e-02
2.987680932051083385e-03
1.356186515289078270e-02
8.456922875340931733e-02
2.212769958144205074e-01
1.417326722045775256e-01
1.296189927395926533e-01
1.366117269283323443e-01
5.164706908467767837e-02
2.791516266282685621e-02
1.347425920117739130e-02
1.758467231009839052e-02
1.708904834031849118e-01
3.091308171001296845e-01
2.484996086843489493e-01
1.462770682150429657e-01
7.850294412625695439e-02
4.816099718812325015e-02
3.280133103789191484e-02
2.172745537039450642e-02
5.085559451040393315e-03
5.926975749738080251e-02
3.091308171001296845e-01
3.091308171001296845e-01
3.091308171001296845e-01
3.091308171001296845e-01
1.931007282995503838e-01
1.151777107886851025e-02
2.110215612640665549e-03
9.578820574562009124e-03
5.973171530800296808e-02
3.091308171001296845e-01
2.136004702466403338e-01
1.402533762340918422e-01
2.047997391653934851e-01
1.353300817461241534e-01
1.017226247916947907e-01
5.079504797684156192e-02
6.876903909288329710e-03
1.124340422678023060e-01
3.100253547653590847e-01
3.100253547653590847e-01
3.100253547653590847e-01
1.715494844312596134e-01
1.052443870643889751e-01
7.167949547420027212e-02
4.748017807841292681e-02
1.111327876400877886e-02
1.295199365349746223e-01
1.049865497021349459e-01
1.571544878790391286e-01
5.242444586759113789e-02
1.365149090153513177e-02
3.659271791193895867e-02
1.903651823485491557e-02
1.033019192365327047e-03
3.812784160936480773e-03
4.849807457943704908e-02
3.100253547653590847e-01
3.100253547653590847e-01
3.064903444131394372e-01
3.100253547653590847e-01
2.957316570732638761e-01
2.222905654333674486e-01
1.110004776135998794e-01
1.502783536658647973e-02
2.456978167919776079e-01
5.787902330831954517e-02
3.524492247070609013e-02
3.245435632572152979e-02
5.713818932772250780e-02
4.048934183891161193e-02
2.291260381492018702e-02
9.745877308144405837e-03
4.017699857216441503e-03
2.964143301416289483e-02
2.364798190677135648e-01
3.539869151310781059e-01
1.180848738116116181e-01
3.074967324441863284e-02
8.242426611373089573e-02
4.287932502430047421e-02
2.326852272001661993e-03
8.588209738110553007e-03
1.092408116488899905e-01
4.038872607262669612e-01
4.038872607262669612e-01
6.668460354353530906e-02
4.542365110645474324e-02
3.904658704518889495e-02
9.804343708461317475e-03
6.496950614029625140e-04
3.609789039147804496e-02
4.038872607262669612e-01
1.303711856290201421e-01
7.938838748939930356e-02
7.310270061870279001e-02
1.287024739113014904e-01
9.120132302092325005e-02
5.161011977148863977e-02
2.195236731776563019e-02
9.049777690556887882e-03
6.676665473800640072e-02
9.108014720328742875e-02
1.922008947458150527e-02
9.811187633725570144e-04
8.602357018927630009e-03
4.496179662759187956e-02
1.492474673340507263e-01
3.000496843614813836e-01
2.018960700175362333e-01
2.436968782533130706e-01
3.609042907606226369e-01
3.354768941414582040e-01
3.787223289975569923e-02
2.579748551309595656e-02
2.217575512090356679e-02
5.568187686887702582e-03
3.689817644819667680e-04
2.050109979589798126e-02
3.105093650285108975e-01
4.916996828205846132e-02
1.112672733743565873e-01
7.556352660703449797e-02
3.538008776147873874e-02
3.852602858147000098e-02
5.720429625357659198e-02
5.056690321270206068e-02
9.633290307064477226e-03
2.675186758089541719e-02
5.172721084222947630e-02
1.091567867626709945e-02
5.572074562085020666e-04
4.885542556985911916e-03
2.553518418025725600e-02
8.476221709684003680e-02
1.704074242597463373e-01
1.146629743439597227e-01
1.384029362059184531e-01
6.268173748750358043e-02
4.898904300611190560e-02
3.609042907606226369e-01
3.609042907606226369e-01
3.609042907606226369e-01
3.609042907606226369e-01
1.683015194951611726e-01
3.039997769721324884e-03
1.392628172158171321e-02
3.269606638795512221e-02
7.398829578627526271e-02
5.024672922868483882e-02
2.352634623689773760e-02
2.561827131834109456e-02
3.803857381509972296e-02
3.362497236100702586e-02
6.405753560942479240e-03
1.778892419472846709e-02
4.756431929882375814e-02
4.034427699980502185e-02
1.219799682020988596e-01
1.431134206492843119e-01
1.290192593910770846e-01
8.623179478637399420e-02
1.425970641939592470e-02
1.116845162008759350e-02
4.009691820133141210e-02
4.168085361469740097e-02
3.257575830071630929e-02
3.240711303293743462e-01
2.941041282625626585e-01
3.240711303293743462e-01
3.240711303293743462e-01
1.119137930502879519e-01
2.021477181515944892e-03
9.260421505546260687e-03
3.240711303293743462e-01
3.240711303293743462e-01
3.240711303293743462e-01
3.021701962133918618e-01
2.729755975672050750e-01
1.199264445188002459e-01
1.673244245521427961e-02
9.997426289238950728e-03
9.429314347593109602e-02
1.242179749420080637e-01
1.428173661915654591e-01
1.756900402504655012e-01
2.103085700264646363e-01
1.856594695518767046e-01
1.108696787135208112e-01
8.241445168544288269e-02
3.698980577514669743e-02
1.859510721659893631e-02
1.487184067703471446e-01
2.442750868802632258e-01
2.778714904880031367e-01
1.514259414981554419e-01
7.018259416682028073e-02
5.723853963590616600e-02
1.348579813896702735e-02
1.062030382891183955e-02
6.148050838134221097e-02
2.248957206211563420e-01
2.778714904880031367e-01
2.778714904880031367e-01
1.412498175526295530e-01
1.860726388264274667e-01
2.433984680167278480e-01
1.150598825199223574e-01
2.010730371012876133e-02
6.528962591969962592e-02
1.977276671359081694e-01
2.328710249501098339e-01
2.778714904880031367e-01
2.172271235267002054e-01
9.432953245945756293e-02
2.879770578507849857e-02
4.546303035759304174e-03
5.916581153935814019e-02
2.681457661899411815e-01
2.140953294578939320e-02
3.516589260181161164e-02
4.574637970747840593e-02
2.179931021153426809e-02
1.010350093620759893e-02
8.240072138455335066e-03
1.941418320882983255e-03
1.528901160637752927e-03
8.850746846332383996e-03
2.982307438248312792e-01
4.465780940857872472e-01
4.465780940857872472e-01
2.686080315828586751e-01
1.654798083570999390e-01
9.870281524135231591e-03
1.808372646996125443e-03
8.208676409063848586e-03
5.118775516307671331e-02
2.846491631918403667e-02
3.352416146098202016e-02
4.163943133034876676e-02
3.127206213986456068e-02
1.357969922358221067e-02
4.145723748378135100e-03
6.544867359689771893e-04
8.517522604799871236e-03
3.860232058821486123e-02
4.465780940857872472e-01
4.465780940857872472e-01
5.947998045296228487e-05
0.000000000000000000e+00
0.000000000000000000e+00
0.000000000000000000e+00
5.225025787760023605e-06
1.324873760935054616e-03
8.865556548264314288e-03
2.478809400272098118e-01
3.852756547524011643e-01
3.852756547524011643e-01
2.232593813558186868e-01
1.375421256876639964e-01
8.203898200290540496e-03
1.503068080466525569e-03
6.822819131796393176e-03
4.254581102194753689e-02
2.359210317995902029e-01
1.521437178633155141e-01
9.989992099969516315e-02
1.458751176815366868e-01
9.639314816033550670e-02
7.245516973231917734e-02
3.618038592948140397e-02
4.898293186994291323e-03
8.008471697310629023e-02
3.852756547524011643e-01
3.852756547524011643e-01
4.943807361504070914e-05
0.000000000000000000e+00
0.000000000000000000e+00
0.000000000000000000e+00
4.342893315845083032e-06
1.101197512590659094e-03
7.368799282272947733e-03
3.094283716978122323e-01
2.073567777616114327e-01
3.340640126119783209e-03
3.349124952650400170e-03
2.331729623234151186e-03
1.850654227672185763e-03
1.253309394742210250e-03
3.282000034845795715e-03
5.404693605195106526e-02
3.436368606501442047e-01
3.436368606501442047e-01
3.259566969646729429e-01
3.436368606501442047e-01
3.145146849962491276e-01
2.364090738773814149e-01
1.180505347198109872e-01
1.598230961566117839e-02
2.613030076568735316e-01
6.155513739672759110e-02
3.748345983076531440e-02
3.451565435218720279e-02
6.076725026841697103e-02
4.306097196424231444e-02
2.436786931305157805e-02
1.036487456878436124e-02
4.272879060387021165e-03
3.152407171944154873e-02
3.436368606501442047e-01
3.436368606501442047e-01
1.089994877234162773e-02
1.092763333908164033e-02
7.608042915333279414e-03
6.038374537629255349e-03
4.089338474914418209e-03
1.070861598378582830e-02
1.763460929724721959e-01
6.093705093834131392e-02
8.558717706471044573e-02
6.466521988714979408e-02
1.529476459417007488e-02
1.143378680651614861e-02
7.162875801051127311e-03
4.922240668760546542e-03
3.711923794141731327e-03
7.183256666202995910e-02
2.674607068839640611e-01
1.675896210235530426e-01
1.543204778422104240e-01
2.674607068839640611e-01
1.925268373030513125e-01
1.089494406803375726e-01
4.634165065823294544e-02
1.910416449396143065e-02
1.409450263244989288e-01
1.922710340300912979e-01
4.057378683392461743e-02
2.071150793365836469e-03
1.815965531361734761e-02
9.491476896872798330e-02
2.674607068839640611e-01
2.674607068839640611e-01
2.674607068839640611e-01
2.674607068839640611e-01
2.674607068839640611e-01
2.674607068839640611e-01
2.674607068839640611e-01
6.838332996885164439e-02
5.112078784668098314e-02
3.202542258256707575e-02
2.200747881835692782e-02
1.659611745386260079e-02
2.674607068839640611e-01
2.552506090086349433e-01
1.316729687655616432e-01
9.042548583992765510e-02
9.146585722139811969e-02
3.999633552272858356e-02
4.451808823998405079e-02
3.222507641293207575e-02
3.623496878460670013e-03
2.707767481897294451e-02
3.726624198319829218e-02
7.864068375952562584e-03
4.014333570244634636e-04
3.519729909721209041e-03
1.839651388994143627e-02
6.106591176929352521e-02
1.227679630275525374e-01
8.260754985317683707e-02
9.971071758665521478e-02
4.515829790748372013e-02
3.529356215937020508e-02
3.058871907153332126e-01
3.058871907153332126e-01
3.058871907153332126e-01
3.058871907153332126e-01
1.212507894689400928e-01
2.190129540530532087e-03
1.003302084362465291e-02
4.947303170058271748e-02
2.552103982493572620e-02
1.752639472585154276e-02
1.772804096887432151e-02
7.752145951417315807e-03
8.628558416765862854e-03
6.245909591059020313e-03
7.023112564992267572e-04
5.248232981304269858e-03
3.045430417957938896e-01
3.058871907153332126e-01
3.058871907153332126e-01
3.058871907153332126e-01
2.854062539103054408e-01
3.058871907153332126e-01
1.263099831449764898e-01
3.770063078697750286e-02
2.241740933232716157e-02
2.475881728148661420e-02
1.935030541910271254e-02
2.699517012873748345e-01
1.747006057192659334e-01
2.487842696390383523e-01
2.699517012873748345e-01
6.647784085768182472e-02
1.200776371772759032e-03
5.500777074405258961e-03
2.699517012873748345e-01
2.699517012873748345e-01
2.699517012873748345e-01
1.794919256001096530e-01
1.621500606716909654e-01
7.123743084792082125e-02
9.939227474831726153e-03
5.938564816079401447e-03
5.601101003829642155e-02
1.669709859662500129e-01
2.699517012873748345e-01
2.699517012873748345e-01
1.695508924711521814e-01
1.564789112741953314e-01
1.973840585722674290e-01
6.925163122669127092e-02
2.067002239464114585e-02
1.229073209801826057e-02
1.895799667354353679e-01
2.699517012873748345e-01
2.699517012873748345e-01
1.281435936216039628e-01
2.906327504932590053e-02
2.179484568964539654e-02
6.651371874368022970e-03
4.093116657478058917e-03
1.540279844801024402e-02
1.716262461489296010e-01
3.299510629495994163e-01
3.299510629495994163e-01
1.077929623952946642e-01
1.419989158735514845e-01
1.857463773376112626e-01
8.780645387422038317e-02
1.534462748519372331e-02
4.982492943003465069e-02
1.508932992437235776e-01
1.777124959899362977e-01
2.207317633262905199e-01
1.657740559475555375e-01
7.198635666470454275e-02
2.197659487669856651e-02
3.469452071954860512e-03
4.515162007889187562e-02
2.046319562897850330e-01
1.899761917371990960e-01
2.124526264327002978e-01
5.943986472800357607e-02
5.519513114370309254e-02
7.368869005491007762e-02
1.028631361613899509e-01
4.633547115340740791e-02
2.383775204048598287e-02
1.362456712448105456e-01
3.299510629495994163e-01
2.924578334303807869e-01
2.437957035784018844e-01
9.746940840189448341e-02
8.466997065521929267e-02
5.855061344471256674e-02
2.987323271964462471e-02
3.124748290699295300e-02
3.083095694502817063e-01
2.606579879302761346e-02
3.069863397975297614e-02
3.812992199739843879e-02
2.863634905651928769e-02
1.243515714792987718e-02
3.796308405230483258e-03
5.993244238338157372e-04
7.799637558820062162e-03
3.534878901850919963e-02
4.846347331079597920e-01
4.846347331079597920e-01
5.446681048752063351e-05
0.000000000000000000e+00
0.000000000000000000e+00
0.000000000000000000e+00
4.784643290180501892e-06
1.213209007588779030e-03
8.118338047581876923e-03
2.068713932463792093e-01
5.052011639912616647e-02
4.211406197577426125e-02
1.683718230440172867e-02
1.462616584017927164e-02
1.011422320876648358e-02
5.160399283932647768e-03
5.397791726501247056e-03
5.325839678457616050e-02
4.846347331079597920e-01
4.846347331079597920e-01
1.822181127454118241e-02
4.034221274836558707e-02
3.095399647990435595e-04
1.249452073660324222e-03
5.552812259012901257e-03
2.583963647131798120e-03
4.961349809526216514e-02
4.347195628859050753e-01
4.347195628859050753e-01
4.782532454236739677e-05
0.000000000000000000e+00
0.000000000000000000e+00
0.000000000000000000e+00
4.201221186336432265e-06
1.065274687581546122e-03
7.128417258051317033e-03
2.993343230623363160e-01
2.005924678564248165e-01
3.231663099476580255e-03
3.239871137388254489e-03
2.255664871664791668e-03
1.790282925328211868e-03
1.212424436726202651e-03
3.174935941816470989e-03
5.228383851143323519e-02
4.347195628859050753e-01
4.347195628859050753e-01
1.599990948899734228e-02
3.542302918379758997e-02
2.717957806385427628e-04
1.097098405213759375e-03
4.875722408437596980e-03
2.268884462365788543e-03
4.356380751598606244e-02
1.693143136261477111e-01
2.387055050610688289e-01
1.417070755236977952e-01
4.175348713665501255e-02
4.784005854571221975e-03
5.434529172508682261e-03
5.098230536212514097e-03
4.295275325364360762e-03
2.008330193570647196e-02
4.145258210617326355e-01
4.145258210617326355e-01
1.357224864391910930e-02
1.360672053284651788e-02
9.473278480218727537e-03
7.518780348561964096e-03
5.091906368543426889e-03
1.333400750772192715e-02
2.195802082372441677e-01
7.587676091294670577e-02
1.065702667154675987e-01
8.051895116691949739e-02
1.904452510355161832e-02
1.423696576201993400e-02
8.918971401412581490e-03
6.129008093244181499e-03
4.621962335199881165e-03
8.944348967417410645e-02
4.145258210617326355e-01
4.145258210617326355e-01
4.145258210617326355e-01
1.753551319322686486e-01
2.009173449507213952e-02
2.282378420073126468e-02
2.141140655803646167e-02
1.803917763561978943e-02
8.434529190448664115e-02
2.443805581314814623e-02
4.775282938249562903e-02
1.087910397056925105e-01
5.811822133569069515e-02
1.701782073919925684e-02
1.447223918752536982e-02
5.111072900940678322e-03
1.662237384746198532e-02
3.377628912820258844e-02
2.776289040103016026e-01
2.776289040103016026e-01
2.776289040103016026e-01
9.887846876937464446e-02
7.391779878029179629e-02
4.630696908294420350e-02
3.182158295047594204e-02
2.399705720827131211e-02
2.776289040103016026e-01
2.776289040103016026e-01
1.903917451195609456e-01
1.307501927977398892e-01
1.322545116017252442e-01
5.783246318474012659e-02
6.437066460078162689e-02
4.659565735009094795e-02
5.239373734739122268e-03
3.915280266630250666e-02
1.268814803921768097e-01
2.479309209902962607e-01
2.776289040103016026e-01
2.776289040103016026e-01
8.835589479571341609e-02
7.513932968902337084e-02
2.653650114485723785e-02
8.630274918446904919e-02
1.753652417977866473e-01
9.542705162536117836e-02
2.776289040103016026e-01
2.318445924195075558e-01
2.776289040103016026e-01
3.459754731280015316e-02
6.390237004653474828e-02
6.959390676614581051e-02
3.304380258182404440e-02
3.563589387837678285e-02
8.445757326550686062e-02
4.356808177577359970e-02
2.992007394245388072e-02
3.026431305128557056e-02
1.323402694662471381e-02
1.473018894556901194e-02
1.066266506748940468e-02
1.198946221043393004e-03
8.959487751136425981e-03
3.859798416693538403e-01
3.859798416693538403e-01
3.859798416693538403e-01
3.859798416693538403e-01
3.859798416693538403e-01
3.859798416693538403e-01
2.156292891083555485e-01
6.436039347896831131e-02
3.826973860357901075e-02
2.183694249046280386e-02
6.645238913893569688e-02
5.305389766484273212e-02
8.507975514303071918e-02
7.917090993722961448e-03
1.462302728568840374e-02
1.592544371700014422e-02
7.561541558240163913e-03
8.154699867218119860e-03
1.548328252807456597e-02
2.164567408601994827e-02
3.367002742833557355e-02
3.913964859124503815e-02
1.039605930337269973e-01
1.083738359693895426e-01
2.896407115367118784e-02
9.569507808661106493e-03
1.130177845534698945e-02
2.876991631949544215e-01
3.328474912197705304e-01
3.328474912197705304e-01
2.921444680979966568e-01
2.696208060982716037e-01
3.328474912197705304e-01
1.193239426509216106e-01
3.561545804946762706e-02
2.117753164833057963e-02
3.266555412168235528e-01
3.328474912197705304e-01
3.328474912197705304e-01
2.207976699687314581e-01
5.007744227542606369e-02
3.755358351984322551e-02
1.146063857310474464e-02
7.052639896693147989e-03
2.653977395359459132e-02
8.568067557369669907e-03
1.197818340894720585e-02
1.863216466801397367e-02
2.165891842982464732e-02
5.752923404982628053e-02
5.997141409474104901e-02
1.602800426402719094e-02
5.295530146576815471e-03
6.254126096856799100e-03
5.498071500623041494e-03
8.957222137139958171e-03
4.068981850469131911e-02
9.937613539849689259e-02
8.756680088414013630e-02
3.807692194113609929e-02
5.100688598949845590e-04
3.043456444014692791e-04
3.287476043961942707e-03
1.409817495236088125e-01
1.576615611223610158e-01
4.411045428467613716e-02
4.096042816032825079e-02
5.468453888377403788e-02
7.633495947523173675e-02
3.438565500483695830e-02
1.769004819312648344e-02
1.011082121473577122e-01
3.955571889511626527e-01
2.170336011153222722e-01
1.809213275754496808e-01
7.233226224757259570e-02
6.283377135803525082e-02
4.345053895245436226e-02
2.216899167326948777e-02
2.318882575839278232e-02
2.287972092634607824e-01
3.955571889511626527e-01
2.266231511085251005e-01
1.145765352480579008e-01
9.752501155511580921e-02
8.183502616426009679e-02
6.334132541067077904e-02
2.965599511666599034e-03
2.286267416999990601e-02
1.347948381183009248e-01
3.955571889511626527e-01
3.955571889511626527e-01
5.625905217721134666e-02
9.430031437213790002e-02
1.546252709261326241e-01
8.122616965649123721e-02
3.329021774297385300e-02
3.463879580320450291e-02
1.126272314446131878e-01
2.160251168438701852e-01
5.275554960414117339e-02
4.397754090751191530e-02
1.758220031078941079e-02
1.527334995438211530e-02
1.056176118008044298e-02
5.388738581872947950e-03
5.636635254965185332e-03
5.561499445504718836e-02
4.541770132191251252e-01
4.541770132191251252e-01
1.902809686693405361e-02
4.212729022580061905e-02
3.232366061552168065e-04
1.304738301258633222e-03
5.798515194590985432e-03
2.698299847225153671e-03
5.180881491090227886e-02
3.326177984054126680e-01
2.054000764806859225e-01
1.367519684769818132e-02
2.292209541278357118e-02
3.758561397164902201e-02
1.974409123954256468e-02
8.092036092323446131e-03
8.419842369259113168e-03
2.737691981665184987e-02
4.541770132191251252e-01
4.032897900174590711e-01
1.804554693749257921e-02
6.756550730888209386e-03
4.770863347201523795e-03
4.901660064980925546e-03
2.572422384815327596e-03
7.309443145796893108e-04
4.268221129788776769e-02
4.380400968237612713e-01
4.380400968237612713e-01
1.820728716632977542e-02
4.031005707214785350e-02
3.092932389452434012e-04
1.248456169529313766e-03
5.548386263983514505e-03
2.581904040265068940e-03
4.957395253065142310e-02
1.926732355380642303e-01
2.716377665648297968e-01
1.612572508197627763e-01
4.751387693883600549e-02
5.444016321434803560e-03
6.184287062730305443e-03
5.801592032555284370e-03
4.887859607027085322e-03
2.285403213330484615e-02
4.380400968237612713e-01
3.858931909715383468e-01
1.726712121879955125e-02
6.465095288900461409e-03
4.565063947344286631e-03
4.690218523636218058e-03
2.461456518797628442e-03
6.994137738112564655e-04
4.084104066892024765e-02
3.238252172047968447e-01
1.446453369752364604e-01
1.421941268508098051e-02
2.305960868338995454e-03
5.804379866810522367e-04
4.036698447384747326e-03
3.839459505175286079e-03
3.107935123340635486e-03
5.555000922296700339e-02
4.146791789413446505e-01
4.146791789413446505e-01
4.146791789413446505e-01
1.890485854859996484e-01
2.166069475355167362e-02
2.460608977359474148e-02
2.308341979193355084e-02
1.944785406486894061e-02
9.093180194524258519e-02
2.634641959203136777e-02
5.148184001368157764e-02
1.172865141914202214e-01
6.265666372808746665e-02
1.834673957556359411e-02
1.560237397713283743e-02
5.510195747289978879e-03
1.792041230076993688e-02
3.641387401835041726e-02
4.146791789413446505e-01
4.146791789413446505e-01
5.657631049591412692e-02
9.174975153190144742e-03
2.309451204869046766e-03
1.606124738029665600e-02
1.527647153311724286e-02
1.236587659656039964e-02
2.210228115220903566e-01
1.934183060153759140e-02
3.259849566499700008e-02
5.441001375295875103e-02
7.335822688398763169e-02
7.398482749390858371e-02
4.306456357260277090e-02
2.343350319351943448e-02
7.950831253234967935e-03
2.057151288443426207e-02
1.499065200072256521e-01
2.706859468663989077e-01
2.706859468663989077e-01
2.706859468663989077e-01
1.043897397004724392e-01
8.877477938105464428e-02
3.135205017704523200e-02
1.019640120631652852e-01
2.071885750928923464e-01
1.127440914110722781e-01
2.706859468663989077e-01
2.706859468663989077e-01
2.706859468663989077e-01
4.087592533139289969e-02
7.549866130408609821e-02
8.222303479415803140e-02
3.904022429070302946e-02
4.210269948098459281e-02
1.100516336163842729e-01
1.854797394970643942e-01
2.706859468663989077e-01
2.706859468663989077e-01
2.706859468663989077e-01
2.450298355815820062e-01
1.333325351115711155e-01
4.523883938664798737e-02
1.170483107587818178e-01
1.953116047780976972e-01
6.752954246548452388e-02
4.984353933722596164e-02
1.048132685876332487e-01
1.125525123531625482e-01
4.601721312626246008e-02
2.878270513101121447e-02
8.125804146267307654e-03
5.413273279235804314e-02
1.414449282885264503e-01
2.943324902800366072e-01
2.943324902800366072e-01
2.943324902800366072e-01
5.128155502309743319e-02
9.471806992616783882e-02
1.031542417395590744e-01
4.897854651232014245e-02
5.282062442747576664e-02
1.002902209323026372e-01
1.402060210668722995e-01
2.180916406751369219e-01
2.535201432455413961e-01
2.943324902800366072e-01
2.943324902800366072e-01
1.876096421952875570e-01
6.198479234644342639e-02
7.320526872512217453e-02
2.450313412082009146e-01
8.472028264932571218e-02
6.253202060492105141e-02
1.314951858985658195e-01
1.412045796745239057e-01
5.773164100414054922e-02
3.610980950089829472e-02
1.019435937059239537e-02
6.791309781334664564e-02
2.943324902800366072e-01
2.943324902800366072e-01
9.896004642830649733e-02
1.335592611633403815e-01
1.000961504728918455e-01
5.966176499678212120e-02
3.513650921407400485e-02
2.734420746967456198e-03
5.234771088531268296e-03
6.710269642715085969e-02
9.380976511418519237e-02
1.459218757470033268e-01
1.696265603189431315e-01
2.963531124682596274e-01
2.963531124682596274e-01
1.255268235527630116e-01
4.147310341185703880e-02
4.898055741093369775e-02
4.305935035768297670e-02
7.015044569554920728e-02
2.963531124682596274e-01
2.963531124682596274e-01
2.963531124682596274e-01
2.963531124682596274e-01
3.994715918531285131e-03
2.383549528345095536e-03
2.574658819067844259e-02
2.080773767793651086e-01
2.339103558770662117e-01
6.621269643406041405e-02
8.936251683928181366e-02
6.697284676681247717e-02
3.991880033437639891e-02
2.350931615649062834e-02
1.829560285959652048e-03
3.502507542150597609e-03
8.304594347515656394e-02
2.807705811561118092e-01
6.145068108443575705e-02
1.290979909314879104e-01
2.963531124682596274e-01
2.670583740970413067e-01
0.000000000000000000e+00
0.000000000000000000e+00
0.000000000000000000e+00
2.226062749492078996e-01
1.256467682231876826e-01
6.352471624240454973e-02
5.407083284691109604e-02
4.537182770031868151e-02
3.511835747537035701e-02
1.644218574591846350e-03
1.267576197907776918e-02
7.473435833844578602e-02
3.676770974257821400e-01
3.676770974257821400e-01
3.119172977160312304e-02
5.228296264231067220e-02
8.572895347395309562e-02
4.503425913268291336e-02
1.845710931293081600e-02
1.920480200953238181e-02
6.244396292135170889e-02
9.898704734887310563e-02
2.462563771733432827e-01
3.676770974257821400e-01
1.567206083801219174e-01
1.938802759726901415e-01
1.953593977171724783e-01
4.261218656013762707e-02
1.043409922967022951e-02
7.660251667269689889e-03
3.676770974257821400e-01
3.676770974257821400e-01
1.644235137216095155e-01
1.222759388548299991e-01
7.615947844015864832e-02
1.404983307065906482e-02
5.157357218424128004e-02
2.242161788357119670e-02
3.388102486866433755e-02
3.363147906494654005e-01
2.076830646229842481e-01
1.382719441645188958e-02
2.317687074159868049e-02
3.800337190284602817e-02
1.996354357350783870e-02
8.181977745522204734e-03
8.513427535430398430e-03
2.768120978764387549e-02
3.937291627335061661e-01
3.937291627335061661e-01
1.824612023028518437e-02
6.831648683458375892e-03
4.823890710369088154e-03
4.956141212201827136e-03
2.601014437467598622e-03
7.390686406824730631e-04
4.315661707197379626e-02
3.937291627335061661e-01
2.277143354309829337e-01
7.288841970331005893e-02
5.420453406656394746e-02
3.376125411314520597e-02
6.228246230946797059e-03
2.286240021198312350e-02
9.939431762126327632e-03
1.501935036363920457e-02
3.937291627335061661e-01
3.918732616003984814e-01
3.910457462665198336e-02
7.665957111832624044e-03
1.399401645107424368e-02
1.872155055211244951e-02
3.717227638005091064e-03
7.622488028343230937e-04
7.194958297128434266e-03
4.162677264873335115e-01
4.162677264873335115e-01
2.018809114793839593e-02
7.558754659712958734e-03
5.337307006614103698e-03
5.483633192765634094e-03
2.877845584594116140e-03
8.177291881435493548e-04
4.774986178374336643e-02
3.786046856388423087e-01
1.691140758194868421e-01
1.662482099471376124e-02
2.696045716232208303e-03
6.786270179238128308e-04
4.719561249377171412e-03
4.488956640027913156e-03
3.633684894941738210e-03
6.494705372434061985e-02
4.162677264873335115e-01
4.162677264873335115e-01
4.326655239034727513e-02
8.481860195845300834e-03
1.548342749441702047e-02
2.071412246585175448e-02
4.112859579272301093e-03
8.433764611220979273e-04
7.960732039184540906e-03
3.222825004427496420e-01
1.365970846576896880e-01
2.011425871118594291e-02
9.725753879594126877e-03
7.942991353127341544e-04
1.071999893574008319e-03
2.373510376902511325e-04
2.367644510367077071e-03
4.299290869566838036e-02
4.609647561755886858e-01
4.609647561755886858e-01
6.960741731548361622e-02
1.128822856685611845e-02
2.841382415678655494e-03
1.976060190577938816e-02
1.879507022980213271e-02
1.521408386626262391e-02
2.719305473086778280e-01
2.379679520501516710e-02
4.010684103860574778e-02
6.694216183851224578e-02
9.025467845957231561e-02
9.102560271678512838e-02
5.298353713474862614e-02
2.883089444428908743e-02
9.782130085857834723e-03
2.530970771346208528e-02
4.609647561755886858e-01
4.609647561755886858e-01
8.421754439018111493e-02
4.072131719312073461e-02
3.325696643748626835e-03
4.488417889003849456e-03
9.937786840545073316e-04
9.913226707237250343e-03
1.800094772832408763e-01
2.654435590845331816e-02
1.074623939843571269e-02
7.010112192275760185e-03
1.139316396913845827e-02
1.311164328569476394e-02
3.171141815315062576e-03
6.444172028803225177e-03
2.348489269590437259e-03
1.298849469366594733e-02
1.481175759629712596e-01
2.496356346722913011e-01
2.757615690020834842e-01
2.757615690020834842e-01
2.757615690020834842e-01
2.757615690020834842e-01
1.794511471457475027e-01
6.088657668350055951e-02
1.575343453835858776e-01
2.628682601660426443e-01
9.088744807498225220e-02
6.708400394835929703e-02
1.410673041535368266e-01
1.514834877999563512e-01
6.193418340878377448e-02
3.873840281665438118e-02
1.093645203932519516e-02
7.285679365200820046e-02
1.652191237847807914e-01
6.688744920066480582e-02
4.363280081216692335e-02
7.091407961109849611e-02
8.161035146274599195e-02
1.973802920404566993e-02
4.011023886920524195e-02
1.461762118764103890e-02
8.084384190642064649e-02
1.604415415465597905e-01
1.272775950639000175e-01
2.699922034435472962e-01
2.757615690020834842e-01
2.757615690020834842e-01
2.757615690020834842e-01
1.227829914059598015e-01
3.511466118318000429e-02
4.444824277470584006e-02
2.435469622285429125e-01
8.420705439821604688e-02
6.215320695404763507e-02
1.306985992704568778e-01
1.403491743665057356e-01
5.738190764372567282e-02
3.589105935278134873e-02
1.013260281044717909e-02
6.750168605540368683e-02
2.829996917235802489e-01
2.829996917235802489e-01
9.836055490195785844e-02
1.327501705432100332e-01
9.948977652507758063e-02
5.930033910973499939e-02
3.492365523613485262e-02
2.717855859152185083e-03
5.203059291465542135e-03
1.486487947774567941e-01
1.179224590218205804e-01
2.501472826446660691e-01
2.829996917235802489e-01
2.829996917235802489e-01
2.760275526183244010e-01
1.137582169538691595e-01
3.253366935759396950e-02
4.118121562998344060e-02
2.779910604160335530e-01
2.829996917235802489e-01
2.829996917235802489e-01
2.829996917235802489e-01
4.196584593177613703e-02
3.044295398172871397e-02
7.076979025771240606e-02
5.464585545442950110e-02
5.195370966070789881e-02
2.466699146833608580e-01
2.772941894059499646e-01
7.849330106493658532e-02
1.059367661483419654e-01
7.939443803921372722e-02
4.732262211851970268e-02
2.786963724910235599e-02
2.168892585205290865e-03
4.152124800747654040e-03
9.844864496507603480e-02
2.912568120680348871e-01
7.284806496001249021e-02
1.530420601304957329e-01
2.912568120680348871e-01
2.912568120680348871e-01
0.000000000000000000e+00
0.000000000000000000e+00
0.000000000000000000e+00
2.218413267426815050e-01
2.912568120680348871e-01
2.912568120680348871e-01
2.390807429865406675e-01
3.348941842033143629e-02
2.429396575258927632e-02
5.647542816872076765e-02
4.360826947764772504e-02
4.145989393718921279e-02
1.116583314111549985e-01
2.462451179531428835e-01
2.912568120680348871e-01
2.912568120680348871e-01
1.101762126739156550e-01
5.624880014400297779e-02
0.000000000000000000e+00
0.000000000000000000e+00
0.000000000000000000e+00
