4.106070564016837121e-01
0.000000000000000000e+00
0.000000000000000000e+00
0.000000000000000000e+00
0.000000000000000000e+00
0.000000000000000000e+00
0.000000000000000000e+00
0.000000000000000000e+00
0.000000000000000000e+00
4.106070564016837121e-01
5.941846203888797098e-03
4.729741311415554261e-02
2.563539645049081606e-02
0.000000000000000000e+00
0.000000000000000000e+00
0.000000000000000000e+00
0.000000000000000000e+00
0.000000000000000000e+00
4.106070564016837121e-01
6.320725014589687052e-02
1.183873247393980727e-01
5.655895087257243464e-02
3.903220907291981567e-01
3.154986230741406716e-01
0.000000000000000000e+00
0.000000000000000000e+00
0.000000000000000000e+00
4.106070564016837121e-01
2.198791701034507329e-01
3.508078371082178765e-02
0.000000000000000000e+00
0.000000000000000000e+00
0.000000000000000000e+00
0.000000000000000000e+00
0.000000000000000000e+00
0.000000000000000000e+00
3.687714516663661013e-01
5.359946176988510634e-03
4.266545782298218625e-02
2.312485723889407332e-02
0.000000000000000000e+00
0.000000000000000000e+00
0.000000000000000000e+00
0.000000000000000000e+00
0.000000000000000000e+00
3.687714516663661013e-01
5.701720427494876703e-02
1.067933546017290625e-01
1.078727471801712440e-01
3.687714516663661013e-01
2.106356451080158565e-01
0.000000000000000000e+00
0.000000000000000000e+00
0.000000000000000000e+00
3.687714516663661013e-01
1.983458468554891996e-01
3.164523383549008861e-02
0.000000000000000000e+00
0.000000000000000000e+00
0.000000000000000000e+00
0.000000000000000000e+00
0.000000000000000000e+00
0.000000000000000000e+00
3.687714516663661013e-01
5.701720427494876703e-02
1.067933546017290625e-01
1.078727471801712717e-01
3.687714516663661013e-01
2.106356451080158565e-01
0.000000000000000000e+00
0.000000000000000000e+00
0.000000000000000000e+00
3.656088215843141809e-01
8.373058939245797694e-02
1.568275862997594305e-01
1.584126899176601933e-01
3.656088215843141809e-01
3.093214922798952493e-01
0.000000000000000000e+00
0.000000000000000000e+00
0.000000000000000000e+00
3.656088215843141809e-01
1.456368728697303161e-01
2.323574186249522874e-02
0.000000000000000000e+00
0.000000000000000000e+00
0.000000000000000000e+00
0.000000000000000000e+00
0.000000000000000000e+00
0.000000000000000000e+00
3.656088215843141809e-01
8.373058939245797694e-02
1.568275862997594305e-01
1.584126899176602210e-01
3.656088215843141809e-01
3.093214922798952493e-01
0.000000000000000000e+00
0.000000000000000000e+00
0.000000000000000000e+00
0.000000000000000000e+00
7.871158507648579050e-03
6.265484208924879117e-02
3.395918742160720927e-02
0.000000000000000000e+00
0.000000000000000000e+00
0.000000000000000000e+00
0.000000000000000000e+00
0.000000000000000000e+00
5.307016390200725020e-01
2.830628279692344318e-01
4.516146681784492800e-02
0.000000000000000000e+00
0.000000000000000000e+00
0.000000000000000000e+00
0.000000000000000000e+00
0.000000000000000000e+00
0.000000000000000000e+00
5.307016390200725020e-01
0.000000000000000000e+00
0.000000000000000000e+00
0.000000000000000000e+00
0.000000000000000000e+00
0.000000000000000000e+00
0.000000000000000000e+00
1.693555005669184627e-02
1.499749477636605488e-01
0.000000000000000000e+00
1.529854591537434597e-02
1.217772425230007616e-01
6.600377663763544456e-02
0.000000000000000000e+00
0.000000000000000000e+00
0.000000000000000000e+00
0.000000000000000000e+00
0.000000000000000000e+00
0.000000000000000000e+00
1.529854591537434597e-02
1.217772425230007338e-01
2.282749060521853113e-01
4.550026329278455961e-01
1.950444979616466623e-01
8.055467206985985826e-03
5.043186948112459919e-03
3.824642934569098818e-03
4.233309064273054201e-01
0.000000000000000000e+00
0.000000000000000000e+00
0.000000000000000000e+00
0.000000000000000000e+00
0.000000000000000000e+00
0.000000000000000000e+00
4.968161308235898195e-03
4.399619322607726396e-02
4.233309064273054201e-01
2.123418957527772599e-01
2.166610635792747819e-01
1.297866705148331690e-01
9.700120866098313477e-02
3.475196770642341448e-02
0.000000000000000000e+00
0.000000000000000000e+00
2.898560926045505581e-02
0.000000000000000000e+00
4.487934766488472366e-03
3.572420042461925405e-02
6.696603016100591277e-02
1.334781845579540716e-01
5.721765900213301309e-02
2.363127289254900003e-03
1.479453940494381958e-03
1.121985585454063523e-03
4.233309064273054201e-01
2.953803435746066297e-01
2.578529651520575783e-01
1.996698495624296410e-01
3.020131339233037004e-01
1.674228003430204836e-01
1.874845522710496745e-02
0.000000000000000000e+00
0.000000000000000000e+00
4.274985170887596886e-01
2.146009399848467225e-01
2.189660581930679695e-01
1.311674334979770484e-01
9.803317656422011472e-02
3.512168387534969627e-02
0.000000000000000000e+00
0.000000000000000000e+00
2.929397880373673518e-02
4.274985170887596886e-01
8.392186993656031158e-02
1.338937638552596676e-02
0.000000000000000000e+00
0.000000000000000000e+00
0.000000000000000000e+00
0.000000000000000000e+00
0.000000000000000000e+00
0.000000000000000000e+00
4.274985170887596886e-01
2.985228099214070618e-01
2.605961885351950058e-01
2.017940795471582782e-01
3.052261646150564722e-01
1.692039632646897829e-01
1.894791463896929040e-02
0.000000000000000000e+00
0.000000000000000000e+00
0.000000000000000000e+00
4.535680611048246123e-03
3.610425989723736739e-02
1.956866042088529004e-02
0.000000000000000000e+00
0.000000000000000000e+00
0.000000000000000000e+00
0.000000000000000000e+00
0.000000000000000000e+00
7.603207939521837710e-01
5.768733784646031815e-01
9.203768692107769378e-02
0.000000000000000000e+00
0.000000000000000000e+00
0.000000000000000000e+00
0.000000000000000000e+00
0.000000000000000000e+00
0.000000000000000000e+00
0.000000000000000000e+00
0.000000000000000000e+00
0.000000000000000000e+00
0.000000000000000000e+00
0.000000000000000000e+00
0.000000000000000000e+00
0.000000000000000000e+00
0.000000000000000000e+00
0.000000000000000000e+00
0.000000000000000000e+00
3.117796826631387408e-02
2.481782924954813452e-01
1.345136763224671905e-01
0.000000000000000000e+00
0.000000000000000000e+00
0.000000000000000000e+00
0.000000000000000000e+00
0.000000000000000000e+00
0.000000000000000000e+00
0.000000000000000000e+00
0.000000000000000000e+00
0.000000000000000000e+00
0.000000000000000000e+00
0.000000000000000000e+00
0.000000000000000000e+00
0.000000000000000000e+00
0.000000000000000000e+00
3.804653015143517614e-01
6.152807690749208247e-02
1.152422294060324315e-01
5.505639734464237711e-02
3.799527358276984512e-01
3.071170395786269602e-01
0.000000000000000000e+00
0.000000000000000000e+00
0.000000000000000000e+00
3.804653015143517614e-01
2.140378272627459499e-01
3.414882237642567764e-02
0.000000000000000000e+00
0.000000000000000000e+00
0.000000000000000000e+00
0.000000000000000000e+00
0.000000000000000000e+00
0.000000000000000000e+00
0.000000000000000000e+00
0.000000000000000000e+00
0.000000000000000000e+00
6.135061996048644939e-02
3.804653015143517614e-01
3.296722700575236975e-01
0.000000000000000000e+00
0.000000000000000000e+00
0.000000000000000000e+00
3.804653015143517614e-01
5.783994231065156359e-03
4.604090298021135119e-02
2.495436268338022817e-02
0.000000000000000000e+00
0.000000000000000000e+00
0.000000000000000000e+00
0.000000000000000000e+00
0.000000000000000000e+00
4.142212403274697086e-01
2.223094471451176335e-01
3.546852404664342651e-02
0.000000000000000000e+00
0.000000000000000000e+00
0.000000000000000000e+00
0.000000000000000000e+00
0.000000000000000000e+00
0.000000000000000000e+00
4.142212403274697086e-01
6.390586624866004262e-02
1.196958343049160794e-01
1.209056361292056431e-01
4.138163814855571609e-01
2.360840650580141031e-01
0.000000000000000000e+00
0.000000000000000000e+00
0.000000000000000000e+00
4.142212403274697086e-01
6.007520148390374341e-03
4.782018121978142550e-02
2.591873895818877505e-02
0.000000000000000000e+00
0.000000000000000000e+00
0.000000000000000000e+00
0.000000000000000000e+00
0.000000000000000000e+00
4.142212403274697086e-01
0.000000000000000000e+00
0.000000000000000000e+00
0.000000000000000000e+00
0.000000000000000000e+00
0.000000000000000000e+00
0.000000000000000000e+00
0.000000000000000000e+00
0.000000000000000000e+00
4.317846289243619795e-01
1.134185384427969095e-01
2.124331830779216668e-01
2.145803091990581279e-01
4.317846289243619795e-01
4.189961138203893154e-01
0.000000000000000000e+00
0.000000000000000000e+00
0.000000000000000000e+00
0.000000000000000000e+00
1.066199701049161744e-02
8.487006561985248332e-02
4.599993182910324524e-02
0.000000000000000000e+00
0.000000000000000000e+00
0.000000000000000000e+00
0.000000000000000000e+00
0.000000000000000000e+00
4.317846289243619795e-01
0.000000000000000000e+00
0.000000000000000000e+00
0.000000000000000000e+00
0.000000000000000000e+00
0.000000000000000000e+00
0.000000000000000000e+00
0.000000000000000000e+00
0.000000000000000000e+00
0.000000000000000000e+00
1.066199701049161744e-02
8.487006561985245556e-02
1.590913528228019014e-01
3.171044319425960767e-01
1.359321249014945887e-01
0.000000000000000000e+00
0.000000000000000000e+00
0.000000000000000000e+00
0.000000000000000000e+00
9.257511766338774942e-03
7.369028806822942868e-02
3.994044546623534697e-02
0.000000000000000000e+00
0.000000000000000000e+00
0.000000000000000000e+00
0.000000000000000000e+00
0.000000000000000000e+00
0.000000000000000000e+00
9.257511766338774942e-03
7.369028806822940092e-02
1.381345417027023126e-01
2.753328487128695601e-01
1.180260362538775726e-01
4.874553625196877994e-03
3.051751635106611949e-03
2.314381848096804493e-03
0.000000000000000000e+00
9.257511766338774942e-03
7.369028806822940092e-02
1.381345417027023126e-01
2.753328487128695601e-01
1.180260362538775726e-01
0.000000000000000000e+00
0.000000000000000000e+00
0.000000000000000000e+00
3.955156161176958673e-01
3.955156161176958673e-01
3.955156161176958673e-01
1.762398874787218239e-01
3.955156161176958673e-01
3.277019874688094636e-01
0.000000000000000000e+00
0.000000000000000000e+00
0.000000000000000000e+00
0.000000000000000000e+00
5.179893168363786972e-03
4.123222625838923738e-02
7.729098130694248003e-02
1.540581074128058447e-01
6.603958755996297558e-02
2.727478793361139998e-03
1.707558990495726967e-03
1.294975477917538736e-03
3.172579303557688246e-01
3.172579303557688246e-01
2.976092305545143812e-01
2.304553304561297034e-01
3.172579303557688246e-01
1.932363692540256805e-01
2.163912806251453921e-02
0.000000000000000000e+00
0.000000000000000000e+00
3.172579303557688246e-01
3.018866789843822618e-01
2.369940339822087516e-01
9.861222023650478841e-02
3.138173751763694841e-01
1.833604243767809894e-01
0.000000000000000000e+00
0.000000000000000000e+00
0.000000000000000000e+00
0.000000000000000000e+00
5.179893168363786972e-03
4.123222625838925126e-02
7.729098130694248003e-02
2.457383196011963256e-01
1.577197997483534841e-01
0.000000000000000000e+00
0.000000000000000000e+00
0.000000000000000000e+00
3.686218579768734127e-01
3.686218579768734127e-01
3.686218579768734127e-01
3.680083772728535707e-01
3.686218579768734127e-01
3.085743451389125758e-01
3.455498463899223799e-02
0.000000000000000000e+00
0.000000000000000000e+00
0.000000000000000000e+00
8.271642385374013140e-03
6.584271514425008021e-02
3.568702799930546093e-02
0.000000000000000000e+00
0.000000000000000000e+00
0.000000000000000000e+00
0.000000000000000000e+00
0.000000000000000000e+00
0.000000000000000000e+00
8.271642385374013140e-03
6.584271514425008021e-02
1.234240429687479407e-01
3.686218579768734127e-01
2.518588199036693176e-01
0.000000000000000000e+00
0.000000000000000000e+00
0.000000000000000000e+00
0.000000000000000000e+00
0.000000000000000000e+00
0.000000000000000000e+00
0.000000000000000000e+00
0.000000000000000000e+00
0.000000000000000000e+00
0.000000000000000000e+00
0.000000000000000000e+00
0.000000000000000000e+00
0.000000000000000000e+00
3.618321169442821894e-01
6.591955397101907366e-01
6.591955397101907366e-01
0.000000000000000000e+00
0.000000000000000000e+00
0.000000000000000000e+00
0.000000000000000000e+00
0.000000000000000000e+00
0.000000000000000000e+00
0.000000000000000000e+00
0.000000000000000000e+00
0.000000000000000000e+00
0.000000000000000000e+00
0.000000000000000000e+00
0.000000000000000000e+00
0.000000000000000000e+00
0.000000000000000000e+00
0.000000000000000000e+00
0.000000000000000000e+00
0.000000000000000000e+00
0.000000000000000000e+00
0.000000000000000000e+00
0.000000000000000000e+00
0.000000000000000000e+00
0.000000000000000000e+00
0.000000000000000000e+00
0.000000000000000000e+00
0.000000000000000000e+00
0.000000000000000000e+00
0.000000000000000000e+00
0.000000000000000000e+00
0.000000000000000000e+00
0.000000000000000000e+00
0.000000000000000000e+00
0.000000000000000000e+00
0.000000000000000000e+00
0.000000000000000000e+00
0.000000000000000000e+00
9.636958975451637155e-02
4.014360737502379872e-01
4.014360737502379872e-01
0.000000000000000000e+00
0.000000000000000000e+00
0.000000000000000000e+00
4.014360737502379872e-01
9.085501524666562967e-03
7.232107735811180160e-02
3.919832751375015856e-02
0.000000000000000000e+00
0.000000000000000000e+00
0.000000000000000000e+00
0.000000000000000000e+00
0.000000000000000000e+00
0.000000000000000000e+00
9.085501524666562967e-03
7.232107735811178773e-02
3.919832751375015856e-02
0.000000000000000000e+00
0.000000000000000000e+00
0.000000000000000000e+00
0.000000000000000000e+00
0.000000000000000000e+00
4.014360737502379872e-01
4.902279541054083145e-02
1.206817076166255831e-01
1.364944239999288378e-01
4.014360737502379872e-01
3.683225107540630816e-01
0.000000000000000000e+00
0.000000000000000000e+00
0.000000000000000000e+00
4.155553848601316047e-01
7.709009104880011100e-03
6.136412418343372560e-02
3.325961289854700853e-02
0.000000000000000000e+00
0.000000000000000000e+00
0.000000000000000000e+00
0.000000000000000000e+00
0.000000000000000000e+00
4.155553848601316047e-01
0.000000000000000000e+00
0.000000000000000000e+00
0.000000000000000000e+00
0.000000000000000000e+00
0.000000000000000000e+00
0.000000000000000000e+00
0.000000000000000000e+00
0.000000000000000000e+00
4.155553848601316047e-01
4.159563180309947678e-02
1.023979116929571026e-01
1.158149337737765378e-01
4.155553848601316047e-01
3.125200718118357757e-01
0.000000000000000000e+00
0.000000000000000000e+00
0.000000000000000000e+00
4.155553848601316047e-01
0.000000000000000000e+00
0.000000000000000000e+00
0.000000000000000000e+00
0.000000000000000000e+00
6.574695827173425433e-02
5.363264774789004014e-02
6.609074437731618686e-03
3.312397612854460494e-02
4.726357374197082128e-01
0.000000000000000000e+00
0.000000000000000000e+00
0.000000000000000000e+00
0.000000000000000000e+00
0.000000000000000000e+00
0.000000000000000000e+00
0.000000000000000000e+00
0.000000000000000000e+00
0.000000000000000000e+00
9.126896379296207951e-03
7.265058261170405374e-02
1.361855842415786721e-01
2.714481432425586704e-01
1.163607922017496077e-01
0.000000000000000000e+00
0.000000000000000000e+00
0.000000000000000000e+00
4.726357374197082128e-01
0.000000000000000000e+00
0.000000000000000000e+00
0.000000000000000000e+00
0.000000000000000000e+00
7.783953387993436390e-02
6.349708657529280764e-02
7.824655119170560377e-03
3.921633684465772318e-02
4.726357374197082128e-01
2.659599674958788573e-01
2.087900194426474676e-01
8.687664847296583392e-02
1.957012242032913352e-01
1.382616034227208690e-01
7.405950557779636401e-02
1.485070045035153871e-02
1.484196356159956376e-01
0.000000000000000000e+00
6.469209296760199818e-03
5.149525149785066230e-02
9.652931413342907829e-02
1.924043813882400367e-01
8.247736003637934354e-02
0.000000000000000000e+00
0.000000000000000000e+00
0.000000000000000000e+00
3.673961628795665013e-01
3.673961628795665013e-01
2.959837120344897543e-01
1.231575770373799228e-01
3.673961628795665013e-01
2.290002753880849562e-01
0.000000000000000000e+00
0.000000000000000000e+00
0.000000000000000000e+00
3.673961628795665013e-01
1.885143232472038521e-01
1.479918560172448772e-01
6.157878851868996140e-02
1.387144245304678947e-01
9.800081134658503168e-02
5.249390615238790081e-02
1.052628247590813200e-02
1.052008970680129302e-01
0.000000000000000000e+00
6.469209296760199818e-03
5.149525149785067618e-02
9.652931413342906442e-02
3.069045190822824454e-01
1.969774977304218078e-01
3.406366975659463458e-03
2.132589306028141903e-03
1.617302324190049738e-03
3.528979642757277269e-01
3.528979642757277269e-01
3.528979642757277269e-01
1.505099808791308391e-01
3.528979642757277269e-01
2.798595742064269309e-01
0.000000000000000000e+00
0.000000000000000000e+00
0.000000000000000000e+00
0.000000000000000000e+00
7.905973720666398252e-03
6.293197304421753457e-02
1.179677740825349069e-01
3.528979642757277269e-01
2.407247700888639208e-01
0.000000000000000000e+00
0.000000000000000000e+00
0.000000000000000000e+00
0.000000000000000000e+00
7.905973720666398252e-03
6.293197304421753457e-02
1.179677740825349069e-01
3.528979642757277269e-01
2.407247700888639208e-01
4.162896353654309961e-03
2.606221910129931634e-03
1.976493430166599129e-03
0.000000000000000000e+00
0.000000000000000000e+00
0.000000000000000000e+00
0.000000000000000000e+00
0.000000000000000000e+00
0.000000000000000000e+00
0.000000000000000000e+00
0.000000000000000000e+00
0.000000000000000000e+00
0.000000000000000000e+00
4.563725944772481502e-02
3.632750225147591827e-01
5.372611092591144111e-01
5.372611092591144111e-01
5.372611092591144111e-01
0.000000000000000000e+00
0.000000000000000000e+00
0.000000000000000000e+00
0.000000000000000000e+00
0.000000000000000000e+00
0.000000000000000000e+00
0.000000000000000000e+00
0.000000000000000000e+00
0.000000000000000000e+00
0.000000000000000000e+00
0.000000000000000000e+00
0.000000000000000000e+00
0.000000000000000000e+00
0.000000000000000000e+00
0.000000000000000000e+00
0.000000000000000000e+00
0.000000000000000000e+00
0.000000000000000000e+00
0.000000000000000000e+00
0.000000000000000000e+00
0.000000000000000000e+00
0.000000000000000000e+00
0.000000000000000000e+00
0.000000000000000000e+00
0.000000000000000000e+00
0.000000000000000000e+00
0.000000000000000000e+00
0.000000000000000000e+00
0.000000000000000000e+00
0.000000000000000000e+00
0.000000000000000000e+00
0.000000000000000000e+00
0.000000000000000000e+00
0.000000000000000000e+00
0.000000000000000000e+00
0.000000000000000000e+00
0.000000000000000000e+00
0.000000000000000000e+00
0.000000000000000000e+00
0.000000000000000000e+00
0.000000000000000000e+00
0.000000000000000000e+00
0.000000000000000000e+00
0.000000000000000000e+00
0.000000000000000000e+00
0.000000000000000000e+00
0.000000000000000000e+00
0.000000000000000000e+00
0.000000000000000000e+00
0.000000000000000000e+00
0.000000000000000000e+00
0.000000000000000000e+00
0.000000000000000000e+00
0.000000000000000000e+00
0.000000000000000000e+00
0.000000000000000000e+00
0.000000000000000000e+00
0.000000000000000000e+00
0.000000000000000000e+00
0.000000000000000000e+00
0.000000000000000000e+00
0.000000000000000000e+00
0.000000000000000000e+00
0.000000000000000000e+00
0.000000000000000000e+00
0.000000000000000000e+00
0.000000000000000000e+00
6.973903958558024668e-03
5.551264795956619563e-02
3.008808822218855122e-02
0.000000000000000000e+00
0.000000000000000000e+00
0.000000000000000000e+00
0.000000000000000000e+00
0.000000000000000000e+00
3.951139099316307579e-01
3.762921243752671147e-02
9.263359168320811632e-02
1.047712117234095852e-01
3.951139099316307579e-01
2.827192102494375248e-01
0.000000000000000000e+00
0.000000000000000000e+00
0.000000000000000000e+00
3.951139099316307579e-01
1.290353336464114264e-01
2.058703709211628236e-02
0.000000000000000000e+00
0.000000000000000000e+00
0.000000000000000000e+00
0.000000000000000000e+00
0.000000000000000000e+00
0.000000000000000000e+00
3.951139099316307579e-01
7.418591408736623094e-02
1.389503875248122022e-01
6.638285102767761681e-02
3.411790763238070068e-01
3.098031064215963637e-01
0.000000000000000000e+00
0.000000000000000000e+00
1.092144606111356969e-01
3.814064383063552333e-01
2.870132102561655935e-02
7.065538395388197557e-02
7.991323727300597701e-02
3.634310103655395419e-01
2.156413671147041911e-01
0.000000000000000000e+00
0.000000000000000000e+00
0.000000000000000000e+00
3.814064383063552333e-01
0.000000000000000000e+00
0.000000000000000000e+00
0.000000000000000000e+00
0.000000000000000000e+00
4.536593084455204511e-02
3.700695899398024485e-02
4.560314602683757275e-03
2.285581036514938019e-02
3.814064383063552333e-01
5.658459473036631104e-02
1.059830759308229703e-01
5.063288319159638118e-02
2.602310694928949286e-01
2.362993492596180967e-01
0.000000000000000000e+00
0.000000000000000000e+00
8.330228276352921735e-02
3.814064383063552333e-01
4.997840762487067851e-02
7.437205555131437551e-02
7.257205694801271978e-02
4.646782135364319749e-02
5.598422632597417625e-02
2.671504384161639892e-03
4.148056409127655331e-02
2.356874658275233680e-01
3.772987306820539399e-01
0.000000000000000000e+00
0.000000000000000000e+00
0.000000000000000000e+00
0.000000000000000000e+00
4.828426451519502588e-02
3.938757044556265990e-02
4.853673945388284339e-03
2.432609609976814358e-02
3.772987306820539399e-01
1.649763401825050935e-01
1.295135264100068240e-01
5.389003332847080302e-02
1.213944791852750449e-01
8.576438602850580684e-02
4.593949345455529409e-02
9.211966118486012919e-03
9.206546581311100819e-02
3.772987306820539399e-01
5.319345616595655413e-02
7.915631699662746545e-02
7.724052673131573399e-02
4.945703826451024188e-02
5.958562168302784789e-02
2.843358924571791780e-03
4.414895697137929953e-02
2.508489461381511743e-01
3.772987306820539399e-01
6.022461103703371371e-02
1.128008348360031166e-01
5.389003332847080302e-02
3.772987306820539399e-01
3.082489844664274559e-01
4.892053991979348343e-02
4.811020025740551237e-03
3.798030764498363382e-02
3.553815271219174510e-01
2.096444778314592583e-01
1.645799366521290830e-01
6.848101906594036836e-02
1.542626183382733718e-01
1.089855060767585676e-01
5.837783227866331220e-02
1.170615025508907857e-02
1.169926335215581009e-01
0.000000000000000000e+00
7.194328694182287008e-03
5.726724062717446218e-02
1.073490719874612837e-01
3.413047695200771003e-01
2.190562708706763617e-01
3.788179134685711828e-03
2.371626536329276939e-03
1.798582173545571318e-03
3.553815271219174510e-01
7.653071415873588523e-02
1.433422034455720806e-01
6.848101906594036836e-02
3.553815271219174510e-01
3.553815271219174510e-01
6.216601141334901492e-02
6.113626838959473550e-03
4.826365862706379073e-02
3.553815271219174510e-01
1.331137636727233453e-01
2.123773320655702318e-02
0.000000000000000000e+00
0.000000000000000000e+00
0.000000000000000000e+00
0.000000000000000000e+00
7.964149952458882825e-03
7.052755706803989777e-02
0.000000000000000000e+00
2.080466686100736901e-02
1.656062593110266545e-01
3.104336450937311698e-01
4.766202304275229951e-01
4.766202304275229951e-01
1.095471283800068460e-02
6.858304937742843409e-03
5.201166715251842251e-03
0.000000000000000000e+00
0.000000000000000000e+00
0.000000000000000000e+00
0.000000000000000000e+00
0.000000000000000000e+00
0.000000000000000000e+00
0.000000000000000000e+00
0.000000000000000000e+00
0.000000000000000000e+00
4.766202304275229951e-01
3.849403642156837835e-01
6.141559317447796429e-02
0.000000000000000000e+00
0.000000000000000000e+00
0.000000000000000000e+00
0.000000000000000000e+00
2.303084744042923140e-02
2.039526398769899718e-01
0.000000000000000000e+00
0.000000000000000000e+00
0.000000000000000000e+00
0.000000000000000000e+00
0.000000000000000000e+00
0.000000000000000000e+00
0.000000000000000000e+00
0.000000000000000000e+00
0.000000000000000000e+00
0.000000000000000000e+00
0.000000000000000000e+00
0.000000000000000000e+00
0.000000000000000000e+00
0.000000000000000000e+00
0.000000000000000000e+00
0.000000000000000000e+00
0.000000000000000000e+00
0.000000000000000000e+00
0.000000000000000000e+00
0.000000000000000000e+00
0.000000000000000000e+00
0.000000000000000000e+00
0.000000000000000000e+00
0.000000000000000000e+00
0.000000000000000000e+00
0.000000000000000000e+00
0.000000000000000000e+00
0.000000000000000000e+00
0.000000000000000000e+00
0.000000000000000000e+00
0.000000000000000000e+00
0.000000000000000000e+00
0.000000000000000000e+00
0.000000000000000000e+00
0.000000000000000000e+00
0.000000000000000000e+00
0.000000000000000000e+00
0.000000000000000000e+00
0.000000000000000000e+00
0.000000000000000000e+00
0.000000000000000000e+00
0.000000000000000000e+00
0.000000000000000000e+00
0.000000000000000000e+00
0.000000000000000000e+00
0.000000000000000000e+00
0.000000000000000000e+00
0.000000000000000000e+00
0.000000000000000000e+00
0.000000000000000000e+00
0.000000000000000000e+00
0.000000000000000000e+00
0.000000000000000000e+00
0.000000000000000000e+00
0.000000000000000000e+00
0.000000000000000000e+00
0.000000000000000000e+00
0.000000000000000000e+00
0.000000000000000000e+00
0.000000000000000000e+00
0.000000000000000000e+00
0.000000000000000000e+00
0.000000000000000000e+00
0.000000000000000000e+00
0.000000000000000000e+00
0.000000000000000000e+00
0.000000000000000000e+00
0.000000000000000000e+00
0.000000000000000000e+00
0.000000000000000000e+00
0.000000000000000000e+00
0.000000000000000000e+00
0.000000000000000000e+00
0.000000000000000000e+00
0.000000000000000000e+00
0.000000000000000000e+00
0.000000000000000000e+00
0.000000000000000000e+00
0.000000000000000000e+00
0.000000000000000000e+00
0.000000000000000000e+00
4.340154199826955495e-01
1.224337630128830984e-01
1.953378465607351691e-02
0.000000000000000000e+00
0.000000000000000000e+00
0.000000000000000000e+00
0.000000000000000000e+00
0.000000000000000000e+00
0.000000000000000000e+00
4.340154199826955495e-01
7.039049202721463228e-02
1.318415532863176087e-01
6.298664110958600293e-02
3.237240296525946692e-01
2.939532842703010962e-01
0.000000000000000000e+00
0.000000000000000000e+00
1.036269447303863750e-01
4.340154199826955495e-01
0.000000000000000000e+00
0.000000000000000000e+00
0.000000000000000000e+00
0.000000000000000000e+00
0.000000000000000000e+00
0.000000000000000000e+00
0.000000000000000000e+00
0.000000000000000000e+00
4.340154199826955495e-01
0.000000000000000000e+00
0.000000000000000000e+00
0.000000000000000000e+00
0.000000000000000000e+00
0.000000000000000000e+00
0.000000000000000000e+00
8.127002997664140027e-03
5.325560760853130515e-02
4.150348509156992494e-01
3.578546083674858519e-02
6.702625036289737437e-02
3.202145508222866560e-02
1.645763973431025040e-01
1.494414009497403717e-01
0.000000000000000000e+00
0.000000000000000000e+00
5.268237038103697201e-02
4.150348509156992494e-01
3.160754896744116110e-02
4.703467956185219956e-02
4.589631708295500295e-02
2.938736963909794123e-02
3.540577339486846581e-02
1.689523729385550939e-03
2.623330800278768707e-02
1.490544311269428324e-01
4.150348509156992494e-01
0.000000000000000000e+00
0.000000000000000000e+00
0.000000000000000000e+00
0.000000000000000000e+00
0.000000000000000000e+00
0.000000000000000000e+00
4.131645327619066187e-03
2.707434492254335093e-02
4.150348509156992494e-01
3.237956296981706616e-01
2.824238956271091783e-01
7.015704103032271988e-02
3.441862749734914823e-02
3.002217890041674123e-02
1.074110869607397718e-02
1.671205631264956887e-02
1.699688740709656143e-01
4.269403670802623396e-01
3.481525077764349024e-02
5.180800845642272862e-02
5.055411891188731077e-02
3.236975586858768794e-02
3.899893917710998970e-02
1.860985563731277050e-03
2.889560331884710037e-02
1.641812658282695292e-01
2.912118313096609956e-01
3.941715931559004044e-02
7.382842995744966219e-02
3.527116228155575961e-02
2.638032848749836679e-01
2.017497352056033810e-01
3.201861635332794304e-02
3.148824700727360405e-03
2.485820682804991757e-02
4.269403670802623396e-01
3.566561285805207038e-01
3.110857713764964561e-01
7.727694987688406292e-02
3.791161247513575444e-02
3.306898894267232963e-02
1.183117340952163227e-02
1.840808447799418754e-02
1.872182174350178474e-01
8.225523105225016063e-02
1.407054556954726553e-02
2.307138436170301857e-02
5.769868962006740459e-02
2.880338339142698434e-01
1.784084827001280738e-01
0.000000000000000000e+00
0.000000000000000000e+00
0.000000000000000000e+00
3.649355437084974563e-01
1.055495048872212710e-01
1.976944651495381733e-01
9.444753960599602816e-02
3.649355437084974563e-01
3.649355437084974563e-01
8.573801770466477068e-02
8.431781840934788122e-03
6.656419358071483106e-02
3.649355437084974563e-01
1.835876223523615347e-01
2.929062206618795322e-02
0.000000000000000000e+00
0.000000000000000000e+00
0.000000000000000000e+00
0.000000000000000000e+00
1.098398327482047986e-02
9.727008053258985598e-02
2.202593759341541779e-01
3.767747712279726630e-02
6.177952035923066354e-02
1.545029684478267384e-01
3.649355437084974563e-01
3.649355437084974563e-01
0.000000000000000000e+00
0.000000000000000000e+00
0.000000000000000000e+00
0.000000000000000000e+00
9.922262453893354595e-03
7.898173904294676639e-02
4.280843410670957805e-02
0.000000000000000000e+00
0.000000000000000000e+00
0.000000000000000000e+00
0.000000000000000000e+00
0.000000000000000000e+00
6.503853852515768530e-01
6.097103475169225462e-01
9.727668526958606343e-02
0.000000000000000000e+00
0.000000000000000000e+00
0.000000000000000000e+00
0.000000000000000000e+00
3.647875697609476858e-02
3.230423371936083088e-01
0.000000000000000000e+00
0.000000000000000000e+00
0.000000000000000000e+00
0.000000000000000000e+00
0.000000000000000000e+00
0.000000000000000000e+00
0.000000000000000000e+00
0.000000000000000000e+00
0.000000000000000000e+00
0.000000000000000000e+00
3.295269044503539024e-02
2.623051758192048166e-01
1.421705063850206563e-01
0.000000000000000000e+00
0.000000000000000000e+00
0.000000000000000000e+00
0.000000000000000000e+00
0.000000000000000000e+00
0.000000000000000000e+00
0.000000000000000000e+00
0.000000000000000000e+00
0.000000000000000000e+00
0.000000000000000000e+00
0.000000000000000000e+00
0.000000000000000000e+00
0.000000000000000000e+00
0.000000000000000000e+00
0.000000000000000000e+00
0.000000000000000000e+00
0.000000000000000000e+00
0.000000000000000000e+00
0.000000000000000000e+00
0.000000000000000000e+00
0.000000000000000000e+00
0.000000000000000000e+00
0.000000000000000000e+00
0.000000000000000000e+00
0.000000000000000000e+00
0.000000000000000000e+00
0.000000000000000000e+00
0.000000000000000000e+00
0.000000000000000000e+00
0.000000000000000000e+00
0.000000000000000000e+00
0.000000000000000000e+00
0.000000000000000000e+00
0.000000000000000000e+00
0.000000000000000000e+00
0.000000000000000000e+00
0.000000000000000000e+00
0.000000000000000000e+00
0.000000000000000000e+00
0.000000000000000000e+00
0.000000000000000000e+00
0.000000000000000000e+00
0.000000000000000000e+00
0.000000000000000000e+00
0.000000000000000000e+00
0.000000000000000000e+00
0.000000000000000000e+00
0.000000000000000000e+00
0.000000000000000000e+00
0.000000000000000000e+00
0.000000000000000000e+00
0.000000000000000000e+00
0.000000000000000000e+00
0.000000000000000000e+00
0.000000000000000000e+00
0.000000000000000000e+00
0.000000000000000000e+00
0.000000000000000000e+00
0.000000000000000000e+00
0.000000000000000000e+00
0.000000000000000000e+00
0.000000000000000000e+00
0.000000000000000000e+00
0.000000000000000000e+00
0.000000000000000000e+00
0.000000000000000000e+00
0.000000000000000000e+00
0.000000000000000000e+00
0.000000000000000000e+00
0.000000000000000000e+00
0.000000000000000000e+00
0.000000000000000000e+00
0.000000000000000000e+00
0.000000000000000000e+00
0.000000000000000000e+00
0.000000000000000000e+00
0.000000000000000000e+00
0.000000000000000000e+00
0.000000000000000000e+00
0.000000000000000000e+00
0.000000000000000000e+00
0.000000000000000000e+00
0.000000000000000000e+00
0.000000000000000000e+00
0.000000000000000000e+00
0.000000000000000000e+00
4.301642918327043263e-01
0.000000000000000000e+00
0.000000000000000000e+00
0.000000000000000000e+00
0.000000000000000000e+00
0.000000000000000000e+00
0.000000000000000000e+00
0.000000000000000000e+00
0.000000000000000000e+00
4.301642918327043263e-01
0.000000000000000000e+00
0.000000000000000000e+00
0.000000000000000000e+00
0.000000000000000000e+00
0.000000000000000000e+00
0.000000000000000000e+00
9.547628798255408666e-03
6.256485607522797865e-02
4.301642918327043263e-01
2.609030275876381144e-01
1.993210603249129242e-01
2.883993752085690643e-01
1.181059477928419199e-01
1.288206327077906221e-01
6.896569953546592691e-02
2.133558610378564688e-02
1.830519309799983133e-02
4.301642918327043263e-01
8.783583551218787644e-02
9.902702091214893310e-02
1.059702503114931804e-01
2.214064701014299957e-03
0.000000000000000000e+00
0.000000000000000000e+00
2.356248460040247239e-03
1.943454414813155888e-03
3.826230848385646643e-01
0.000000000000000000e+00
0.000000000000000000e+00
0.000000000000000000e+00
0.000000000000000000e+00
0.000000000000000000e+00
0.000000000000000000e+00
4.006429662298443238e-03
2.625381657517189202e-02
3.826230848385646643e-01
3.139825208793817768e-01
2.738646188283502814e-01
6.803082741009398859e-02
3.337551972798337430e-02
2.911231205384576942e-02
1.041558339924626361e-02
1.620557255517999368e-02
1.648177141908270804e-01
3.741679223023973710e-01
3.685816701138389800e-02
4.155427513310708254e-02
4.446783208064554460e-02
9.290782748081373573e-04
0.000000000000000000e+00
0.000000000000000000e+00
9.887422229669449569e-04
8.155232654473376858e-04
3.826230848385646643e-01
2.204776017218406658e-01
3.681425411427940997e-01
1.125995781581529548e-01
6.685916984433797061e-02
7.557895402060046952e-02
1.534510508487064821e-02
3.052840277296613430e-03
8.308460044237674438e-03
4.139919025054242252e-01
3.564787337290460933e-01
3.109310424659661454e-01
7.723851360186369253e-02
3.789275586697664344e-02
3.305254097525550661e-02
1.182528877981372378e-02
1.839892860164655738e-02
1.871250981943436698e-01
8.221431866262265964e-02
1.406354711321508230e-02
2.305990903722605900e-02
5.766999124744678212e-02
2.878905706556508792e-01
1.783197452756055956e-01
0.000000000000000000e+00
0.000000000000000000e+00
0.000000000000000000e+00
4.139919025054242252e-01
2.503183172658571265e-01
4.139919025054242252e-01
1.278394572023417997e-01
7.590827711533898459e-02
8.580824738387105022e-02
1.742200048038739651e-02
3.466029361378982106e-03
9.432975146237547806e-03
0.000000000000000000e+00
3.703597378222077668e-03
6.027590808018899390e-03
5.111379601247395283e-04
0.000000000000000000e+00
3.516079790889078591e-04
2.740859979834163029e-03
2.127028384340839962e-03
9.258993445555193085e-04
4.976846037230133191e-01
9.831944364401608294e-02
1.612137683878650807e-01
4.031757712871914534e-01
4.976846037230133191e-01
4.976846037230133191e-01
0.000000000000000000e+00
0.000000000000000000e+00
0.000000000000000000e+00
0.000000000000000000e+00
2.589216154195297590e-02
2.061029886749186357e-01
1.117086850302021900e-01
0.000000000000000000e+00
0.000000000000000000e+00
0.000000000000000000e+00
0.000000000000000000e+00
0.000000000000000000e+00
0.000000000000000000e+00
2.589216154195297590e-02
4.213939555841698242e-02
3.573408576103733868e-03
0.000000000000000000e+00
2.458121027826187278e-03
1.916158321610215987e-02
1.487023477646762931e-02
6.473040385488243106e-03
0.000000000000000000e+00
0.000000000000000000e+00
0.000000000000000000e+00
0.000000000000000000e+00
0.000000000000000000e+00
0.000000000000000000e+00
0.000000000000000000e+00
0.000000000000000000e+00
0.000000000000000000e+00
0.000000000000000000e+00
1.322612294715287129e-01
4.774797675460173418e-01
4.774797675460173418e-01
0.000000000000000000e+00
0.000000000000000000e+00
0.000000000000000000e+00
0.000000000000000000e+00
0.000000000000000000e+00
0.000000000000000000e+00
0.000000000000000000e+00
0.000000000000000000e+00
0.000000000000000000e+00
0.000000000000000000e+00
0.000000000000000000e+00
0.000000000000000000e+00
0.000000000000000000e+00
0.000000000000000000e+00
0.000000000000000000e+00
0.000000000000000000e+00
0.000000000000000000e+00
0.000000000000000000e+00
0.000000000000000000e+00
0.000000000000000000e+00
0.000000000000000000e+00
0.000000000000000000e+00
0.000000000000000000e+00
0.000000000000000000e+00
2.645224589430574258e-01
4.774797675460173418e-01
4.774797675460173418e-01
2.423060523806411584e-02
0.000000000000000000e+00
0.000000000000000000e+00
0.000000000000000000e+00
0.000000000000000000e+00
0.000000000000000000e+00
0.000000000000000000e+00
0.000000000000000000e+00
0.000000000000000000e+00
0.000000000000000000e+00
0.000000000000000000e+00
0.000000000000000000e+00
0.000000000000000000e+00
0.000000000000000000e+00
0.000000000000000000e+00
0.000000000000000000e+00
0.000000000000000000e+00
0.000000000000000000e+00
0.000000000000000000e+00
0.000000000000000000e+00
0.000000000000000000e+00
0.000000000000000000e+00
0.000000000000000000e+00
0.000000000000000000e+00
1.106786032290872912e-01
4.024032386153137963e-01
4.024032386153137963e-01
1.013830566168161772e-02
0.000000000000000000e+00
0.000000000000000000e+00
0.000000000000000000e+00
0.000000000000000000e+00
0.000000000000000000e+00
5.533930161454364560e-02
2.551604169474511186e-01
4.024032386153137963e-01
4.024032386153137963e-01
4.024032386153137963e-01
3.306238864517757059e-01
1.824267777891597567e-02
1.383484875587757262e-02
0.000000000000000000e+00
0.000000000000000000e+00
0.000000000000000000e+00
0.000000000000000000e+00
0.000000000000000000e+00
0.000000000000000000e+00
0.000000000000000000e+00
0.000000000000000000e+00
0.000000000000000000e+00
0.000000000000000000e+00
0.000000000000000000e+00
0.000000000000000000e+00
0.000000000000000000e+00
0.000000000000000000e+00
0.000000000000000000e+00
0.000000000000000000e+00
0.000000000000000000e+00
0.000000000000000000e+00
0.000000000000000000e+00
7.280222787721810085e-02
3.356790974567037678e-01
4.785030510787182667e-01
4.785030510787182667e-01
4.785030510787182667e-01
4.349558960965964616e-01
2.399935572013553453e-02
1.820058769060330095e-02
0.000000000000000000e+00
0.000000000000000000e+00
0.000000000000000000e+00
0.000000000000000000e+00
0.000000000000000000e+00
6.911616356464514790e-03
5.387753917441862744e-02
4.181131898119782447e-02
1.820058769060330095e-02
1.436243656551205172e-01
4.397050869322000066e-02
3.359197666962478873e-02
4.860452311335480141e-02
1.990463143399797893e-02
2.171039869762090083e-02
1.162292718101782737e-02
3.595728968443371795e-03
3.085010778482851542e-03
1.502750657735074102e-01
1.480314891197488658e-02
1.668922175469470665e-02
1.785937808245267530e-02
3.731407492026878395e-04
0.000000000000000000e+00
0.000000000000000000e+00
3.971032622869220493e-04
3.275342568139198328e-04
2.933494298820096824e-02
9.540836798924277884e-02
1.677398781960693086e-01
7.461643651113296360e-02
5.153826882364370698e-01
5.153826882364370698e-01
5.153826882364370698e-01
2.563049318172487268e-01
1.266976346821696853e-01
1.147841249714737916e-01
7.088820686162747298e-02
1.909669138037775257e-02
4.232840876775730704e-02
7.675448290576694643e-02
2.718180449356455766e-02
4.539280304712151916e-03
9.518095458618413066e-03
1.244505230764022044e-02
3.543018038928139046e-01
4.597239177075192196e-02
5.182974551010060410e-02
5.546376185706829859e-02
1.158819168136660796e-03
0.000000000000000000e+00
0.000000000000000000e+00
1.233236715772694121e-03
1.017184469475337482e-03
3.543018038928139046e-01
2.749969275439478333e-01
3.543018038928139046e-01
1.404430100582380880e-01
8.339199148459611188e-02
9.426798903986606526e-02
1.913961653348489333e-02
3.807741421272085695e-03
1.036296189247181733e-02
3.543018038928139046e-01
2.201491342921358119e-01
5.930633967707240467e-02
1.314543414023024992e-01
2.383673351722469247e-01
8.441532086482431141e-02
1.409710689032344852e-02
2.955922526598729269e-02
3.864912956671789912e-02
3.543018038928139046e-01
2.403716189011441962e-01
1.572598522586898528e-01
1.049465716794400760e-01
9.636532228157858315e-02
5.811262444670869942e-02
9.291983270648455223e-03
1.080278400837866886e-04
1.036718400759681913e-01
4.056392431521884667e-01
3.349959289324743739e-01
4.056392431521884667e-01
1.710849537001226939e-01
1.015865082654305723e-01
1.148354377594254239e-01
2.331551002154906571e-02
4.638516822519225119e-03
1.262395938989403082e-02
0.000000000000000000e+00
4.956449282901154683e-03
8.066602572326221979e-03
6.840455689975686671e-04
0.000000000000000000e+00
4.705498297588013926e-04
3.668037341602989679e-03
2.846558962447889082e-03
1.239112320725288671e-03
4.056392431521884667e-01
2.928160488263014116e-01
1.915709050340729802e-01
1.278438802281311459e-01
1.173903684776101131e-01
7.079167314012285717e-02
1.131931398352962158e-02
1.315974216972060247e-04
1.262910268873373987e-01
4.056392431521884667e-01
0.000000000000000000e+00
0.000000000000000000e+00
0.000000000000000000e+00
0.000000000000000000e+00
0.000000000000000000e+00
0.000000000000000000e+00
5.900968605548733044e-03
4.796789708167324001e-02
0.000000000000000000e+00
5.030188971056122338e-02
8.186613637546934219e-02
6.942224726765150976e-03
0.000000000000000000e+00
4.775504456689629550e-03
3.722608651480745212e-02
2.888908708854004068e-02
1.257547242764030411e-02
0.000000000000000000e+00
0.000000000000000000e+00
0.000000000000000000e+00
0.000000000000000000e+00
0.000000000000000000e+00
0.000000000000000000e+00
0.000000000000000000e+00
0.000000000000000000e+00
0.000000000000000000e+00
8.647209884864909268e-01
0.000000000000000000e+00
0.000000000000000000e+00
0.000000000000000000e+00
0.000000000000000000e+00
0.000000000000000000e+00
0.000000000000000000e+00
5.988760401640857989e-02
4.868154057328619722e-01
0.000000000000000000e+00
0.000000000000000000e+00
0.000000000000000000e+00
0.000000000000000000e+00
0.000000000000000000e+00
0.000000000000000000e+00
0.000000000000000000e+00
0.000000000000000000e+00
0.000000000000000000e+00
0.000000000000000000e+00
0.000000000000000000e+00
0.000000000000000000e+00
0.000000000000000000e+00
0.000000000000000000e+00
0.000000000000000000e+00
0.000000000000000000e+00
0.000000000000000000e+00
0.000000000000000000e+00
0.000000000000000000e+00
3.697562455028025746e-02
2.304173122081138170e-01
1.689224178047043223e-01
3.387015852977453157e-03
0.000000000000000000e+00
0.000000000000000000e+00
0.000000000000000000e+00
0.000000000000000000e+00
0.000000000000000000e+00
0.000000000000000000e+00
0.000000000000000000e+00
0.000000000000000000e+00
0.000000000000000000e+00
0.000000000000000000e+00
0.000000000000000000e+00
0.000000000000000000e+00
0.000000000000000000e+00
6.990737604706241948e-01
5.776764240191429867e-01
1.289048707897243462e-01
0.000000000000000000e+00
0.000000000000000000e+00
0.000000000000000000e+00
0.000000000000000000e+00
0.000000000000000000e+00
2.792199332983412163e-01
0.000000000000000000e+00
1.313261022781265185e-02
8.183717753988395405e-02
5.999607305489280951e-02
1.202964373788735801e-03
0.000000000000000000e+00
0.000000000000000000e+00
0.000000000000000000e+00
0.000000000000000000e+00
0.000000000000000000e+00
6.566305113906325923e-03
3.027615278448315961e-02
6.861244146644822350e-02
1.468276501551327162e-01
1.332372924027491468e-01
3.923029841448753829e-02
2.164591617461977813e-03
1.641579049345374139e-03
5.477897761535243104e-01
2.051729864393199432e-01
4.578306506347223914e-02
0.000000000000000000e+00
0.000000000000000000e+00
0.000000000000000000e+00
0.000000000000000000e+00
0.000000000000000000e+00
9.917037498194659906e-02
5.477897761535243104e-01
3.016349646362667669e-01
5.263038337773818381e-02
1.304260409681605448e-01
2.179099886461090263e-02
1.366891077431201806e-01
5.216621575017432733e-02
7.501495498427440678e-02
3.880192154494655488e-01
0.000000000000000000e+00
6.300564037967918557e-03
2.905086439525115041e-02
6.583566766417085769e-02
1.408854746008625924e-01
1.278451242314526948e-01
3.764263205887270064e-02
2.076989702014371986e-03
1.575143668222569278e-03
0.000000000000000000e+00
0.000000000000000000e+00
0.000000000000000000e+00
0.000000000000000000e+00
0.000000000000000000e+00
5.981558906852945702e-04
4.662754089738182020e-03
3.618500428272975432e-03
1.575143668222569278e-03
4.875050376959710330e-01
2.894276732215979031e-01
5.050041005739537570e-02
1.251476453017967005e-01
2.090910815383804564e-02
1.311572431814521655e-01
5.005502748514419065e-02
7.197906881950050240e-02
3.723159177790690832e-01
3.979002654214960355e-01
0.000000000000000000e+00
0.000000000000000000e+00
0.000000000000000000e+00
3.455150254154811806e-01
4.141825708406343121e-01
0.000000000000000000e+00
7.501236137506167578e-03
6.505343190235378381e-02
1.201420623416477561e-02
3.907475838452768857e-02
6.869832646860195291e-02
3.055936590924293594e-02
3.533719519852016044e-01
3.533719519852016044e-01
3.533719519852016044e-01
1.049703867133648799e-01
5.188936324385217541e-02
4.701015271685046043e-02
2.903245924658118260e-02
7.821102250866367525e-03
1.733571572661346191e-02
3.143500866517660169e-02
1.113238246734560809e-02
1.859074679552961702e-03
3.898162060253647712e-03
5.096905253202517645e-03
6.057504400115866494e-02
2.224899795674234182e-01
1.409218305522927650e-01
5.231883487391447707e-02
2.067603227676394206e-01
2.772543945079652405e-01
3.533719519852016044e-01
2.371320620462862294e-01
4.285470109717956499e-02
2.572369086886859904e-02
5.089508010656975702e-03
2.163873349041571525e-02
3.386778988327510814e-02
4.757078659058682629e-02
1.026246320046856342e-01
3.533719519852016044e-01
2.844575218162485042e-01
2.377376233709353401e-02
1.158530597968382703e-01
7.154835801964576358e-02
1.927453059351629666e-02
4.272259489972776020e-02
7.746926415100627294e-02
2.743493686223174091e-02
4.581552655535958869e-03
9.606733357887054306e-03
1.256094768793279345e-02
4.328231333225497357e-01
7.812065535574205799e-02
5.110937296074243019e-02
3.410758305999490175e-02
3.131868131778171860e-02
1.888657374349194187e-02
3.019889893724027503e-03
3.510899374306517527e-05
3.369329592942125334e-02
6.339414199261249327e-02
1.254271772837230875e-02
5.332706532762215151e-02
8.346467432613564885e-02
1.172347006966099059e-01
2.529108488517141651e-01
5.596522931848906257e-01
5.596522931848906257e-01
5.858868670826231778e-02
2.022463657744907328e-01
6.166057218039073390e-02
2.594254055320926663e-02
2.588743175373994093e-02
4.531466050894678022e-02
3.894251290231642848e-02
1.839830768489228441e-02
6.471222163712785948e-03
3.152109720224895162e-02
4.085188991287112548e-01
2.969584386084963001e-01
1.942810070341504936e-01
1.296524531710961103e-01
1.190510584051563819e-01
7.179314387458411717e-02
1.147944526996277220e-02
1.334590949804387403e-04
1.280776320323010475e-01
4.085188991287112548e-01
0.000000000000000000e+00
0.000000000000000000e+00
0.000000000000000000e+00
0.000000000000000000e+00
0.000000000000000000e+00
0.000000000000000000e+00
5.984448019176015661e-03
4.864648600308295323e-02
4.085188991287112548e-01
2.343890633663180123e-01
9.861484521778743351e-02
9.840536127311903802e-02
1.722536859110185836e-01
1.480313724238759010e-01
6.993710815999609753e-02
2.459892356091960761e-02
1.198204977388028641e-01
4.085188991287112548e-01
7.372493876789190659e-02
0.000000000000000000e+00
0.000000000000000000e+00
0.000000000000000000e+00
0.000000000000000000e+00
0.000000000000000000e+00
0.000000000000000000e+00
1.498980720968868044e-02
6.425790159058553108e-01
0.000000000000000000e+00
0.000000000000000000e+00
0.000000000000000000e+00
0.000000000000000000e+00
0.000000000000000000e+00
0.000000000000000000e+00
2.590165695511404548e-02
2.105498432747856530e-01
0.000000000000000000e+00
0.000000000000000000e+00
0.000000000000000000e+00
0.000000000000000000e+00
0.000000000000000000e+00
0.000000000000000000e+00
0.000000000000000000e+00
0.000000000000000000e+00
0.000000000000000000e+00
6.425790159058553108e-01
3.190934346632777752e-01
0.000000000000000000e+00
0.000000000000000000e+00
0.000000000000000000e+00
0.000000000000000000e+00
0.000000000000000000e+00
0.000000000000000000e+00
6.487830505412429949e-02
0.000000000000000000e+00
2.175579258639160143e-02
1.093341856562629610e-01
1.033769665937090410e-01
6.196281196567939541e-03
0.000000000000000000e+00
0.000000000000000000e+00
0.000000000000000000e+00
0.000000000000000000e+00
0.000000000000000000e+00
0.000000000000000000e+00
0.000000000000000000e+00
0.000000000000000000e+00
0.000000000000000000e+00
0.000000000000000000e+00
0.000000000000000000e+00
0.000000000000000000e+00
0.000000000000000000e+00
5.146688414326097138e-01
1.765286575076266962e-01
3.939126272175867000e-02
0.000000000000000000e+00
0.000000000000000000e+00
0.000000000000000000e+00
0.000000000000000000e+00
0.000000000000000000e+00
8.532513691936972899e-02
0.000000000000000000e+00
5.649579151035873104e-03
2.839207688372057808e-02
2.684509667234413408e-02
1.609060250187463676e-03
0.000000000000000000e+00
0.000000000000000000e+00
0.000000000000000000e+00
0.000000000000000000e+00
5.146688414326097138e-01
5.146688414326097138e-01
1.518496869206780731e-01
1.914577386689053362e-01
1.334868501011728659e-01
4.588478710087071089e-02
1.401760124274780903e-02
0.000000000000000000e+00
2.897537201213148950e-01
2.998360053595228170e-01
5.062423443795081163e-02
1.129648039580807665e-02
0.000000000000000000e+00
0.000000000000000000e+00
0.000000000000000000e+00
0.000000000000000000e+00
0.000000000000000000e+00
2.446922667312419544e-02
3.620137626338388315e-01
7.442519324514242085e-02
1.298598276952915402e-02
3.218122711655656970e-02
5.376695316005650378e-03
3.372657168758697033e-02
1.287145438446200135e-02
1.850913579502519099e-02
9.573958087875751588e-02
3.620137626338388315e-01
3.437447649047405962e-01
4.354689067790434853e-02
5.490554102761380229e-02
3.828086436115007291e-02
1.315866926155931718e-02
4.019915755264365578e-03
0.000000000000000000e+00
8.309449844457178491e-02
3.620137626338388315e-01
3.620137626338388315e-01
2.388268811302457495e-01
4.450192663464008769e-02
1.152396411583533897e-01
1.673904332651499904e-01
1.998613402748461790e-02
4.008194708244711829e-02
3.620137626338388315e-01
4.213768725492201273e-01
9.380336117723463152e-02
1.636715712593724004e-02
4.056028797127776697e-02
6.776631281372477375e-03
4.250799557698296122e-02
1.622280886157850821e-02
2.332837946877013013e-02
1.206673989350146581e-01
1.289592729485580791e-01
0.000000000000000000e+00
0.000000000000000000e+00
0.000000000000000000e+00
1.119812433982253636e-01
1.342363598249746715e-01
0.000000000000000000e+00
2.431146803793977473e-03
2.108378407852868827e-02
4.213768725492201273e-01
4.213768725492201273e-01
3.010104940635153215e-01
5.608894132719498965e-02
1.452447109664370684e-01
2.109740611282789891e-01
2.518994532592793573e-02
5.051812692615331724e-02
4.213768725492201273e-01
1.080605030228644070e-01
7.602430763465023444e-02
2.563070141169530511e-02
1.313942232662573990e-02
1.325107777760181349e-01
1.129912271364057058e-01
0.000000000000000000e+00
6.189361496166154815e-04
5.508361030159548977e-02
4.581151424193759258e-02
1.682640604841567911e-01
1.065759431759189524e-01
3.956753294148773054e-02
1.563680823897733718e-01
2.096811294499180689e-01
2.955011108695874689e-01
1.793375311034966502e-01
3.241002597719726958e-02
1.945423647685394844e-02
3.849077991758581303e-03
1.636487705159091546e-02
2.561343147436970571e-02
3.597669309746034938e-02
7.761265168154617144e-02
2.955011108695874689e-01
2.151286891621916053e-01
1.797955032223117269e-02
2.803513884455815369e-02
6.839138575422457067e-02
2.955011108695874689e-01
2.955011108695874689e-01
2.955011108695874689e-01
2.955011108695874689e-01
1.647022311536177480e-02
9.345174596299882014e-04
4.901074368317692373e-03
2.224857200734401408e-01
6.673008806946505167e-02
3.257621936080794950e-02
1.874059066224875725e-01
7.907928910890779650e-02
2.419245486735578932e-01
2.955011108695874689e-01
1.485108687913850589e-01
7.628126662329716423e-02
2.435939837543868447e-02
4.819578722142860844e-03
2.049109251545623220e-02
3.207156352748675304e-02
4.504780233521940569e-02
9.718178883732184192e-02
3.893751365522075125e-01
2.693709129897036703e-01
2.251288707380320886e-02
7.771380192289090161e-02
2.369326872465067971e-02
9.968502772389290292e-03
9.947327042928008969e-03
1.741230077242511207e-02
1.496378302018397562e-02
7.069607573242538828e-03
2.486587462296086133e-03
1.211208070408123852e-02
2.785829345995335937e-01
8.355531201885939285e-02
4.078993826972985431e-02
2.346581497947168582e-01
9.901822201772121634e-02
3.029230401793910898e-01
3.893751365522075125e-01
1.859561756780331310e-01
9.551471035477225591e-02
2.346372271814847407e-02
5.991705646768640675e-02
3.508022248292235606e-02
3.465097110173674666e-02
4.712058861058845971e-02
6.257237982780063101e-02
3.893751365522075125e-01
3.893751365522075125e-01
1.082624918787498079e-02
1.769091718818640302e-01
5.393580606713027636e-02
2.269248867936293421e-02
2.264428384739876343e-02
3.963769155527990112e-02
3.406383932865975767e-02
1.609338869500991087e-02
5.660514836259117680e-03
2.757217011788178768e-02
1.376060156011807145e-01
1.696501510175618330e-02
0.000000000000000000e+00
0.000000000000000000e+00
0.000000000000000000e+00
0.000000000000000000e+00
0.000000000000000000e+00
0.000000000000000000e+00
3.449338988064834955e-03
5.341326318653118882e-02
1.363963231629651274e-01
7.985728345967509079e-02
7.888012747842430838e-02
1.072662011563454004e-01
1.424409515956657768e-01
6.229975616868329569e-01
6.229975616868329569e-01
2.464507887947658960e-02
9.661970332054645172e-02
6.759905221119871799e-02
1.505118139471956114e-02
2.239906217486481790e-02
1.162497357049458585e-02
2.303178923032755607e-02
2.857453649544651197e-01
3.118089915409049534e-02
3.340659344940849484e-02
3.936104011295069038e-01
9.348840358833410136e-02
0.000000000000000000e+00
0.000000000000000000e+00
0.000000000000000000e+00
0.000000000000000000e+00
0.000000000000000000e+00
0.000000000000000000e+00
1.900812899340122153e-02
0.000000000000000000e+00
6.374040004448684564e-03
3.203286988784567052e-02
3.028751620931619329e-02
1.815394409047722899e-03
0.000000000000000000e+00
0.000000000000000000e+00
0.000000000000000000e+00
0.000000000000000000e+00
3.936104011295069038e-01
3.725152873371276874e-01
8.294191972544170954e-02
1.234335809336932904e-01
6.406125867519044115e-02
1.269203236196008167e-01
3.936104011295069038e-01
1.718272849673442293e-01
1.840923260119231852e-01
2.576353774956854914e-01
3.351957315438989782e-01
2.865427900633383818e-01
1.035760050076755950e-01
6.882155917260422695e-02
2.217063473994418041e-02
6.821176370035949774e-03
9.754177686002870121e-03
5.174164019347834292e-02
0.000000000000000000e+00
1.500724575306052518e-03
7.541922395328488210e-03
7.130990685433052576e-03
4.274223258137160690e-04
0.000000000000000000e+00
0.000000000000000000e+00
0.000000000000000000e+00
0.000000000000000000e+00
4.355112911299001688e-01
3.184034313970018903e-01
4.033655442682099884e-02
5.085782956067939203e-02
3.545874676174678303e-02
1.218859419331031098e-02
3.723562075942446481e-03
0.000000000000000000e+00
7.696865854028780984e-02
6.065850578380062308e-02
7.891956616439983752e-02
6.746456040826324940e-02
2.438626930777884616e-02
1.620357027711188946e-02
5.219925883920800529e-03
1.605999806067312822e-03
2.296555113408415942e-03
1.218221896172623671e-02
1.398435171939893806e-01
2.054394054468297870e-01
2.181093456150623999e-01
4.355112911299001688e-01
4.355112911299001688e-01
4.355112911299001688e-01
5.253439736053756165e-02
1.377910143302490432e-02
2.209807697580318253e-02
3.206576399498520802e-01
1.949559158851368323e-01
2.469775491246670521e-02
3.113984889682253066e-02
2.171111165713576069e-02
7.462980326195842173e-03
2.279907762568656512e-03
0.000000000000000000e+00
4.712730404422853930e-02
3.278537459521379538e-01
3.278537459521379538e-01
1.354514107629851138e-01
2.523940653500196529e-02
6.535852202586214799e-02
9.493600647754078803e-02
1.133519826959734564e-02
2.273260134182279388e-02
3.278537459521379538e-01
8.562508530619371283e-02
1.257889315829835708e-01
1.335466362624530834e-01
3.278537459521379538e-01
3.278537459521379538e-01
3.278537459521379538e-01
3.216639816964533827e-02
8.436835395156695727e-03
1.353047866731793732e-02
3.278537459521379538e-01
1.068289933431435246e-01
7.529218108360762052e-02
7.405365737335703469e-03
1.746687778769923788e-02
4.159288935313588259e-02
6.863175798043051612e-02
2.476183062077401409e-02
5.229329688695259076e-02
4.004278843930023646e-01
4.004278843930023646e-01
2.798252763048236780e-01
5.214138315462052420e-02
1.350223403487770812e-01
1.961256371876338722e-01
2.341706867350559079e-02
4.696264450677309354e-02
4.004278843930023646e-01
1.004551692129073137e-01
7.067369181241917042e-02
2.382680420072232769e-02
1.221466545368347749e-02
1.231846255722806871e-01
1.050388673386059152e-01
0.000000000000000000e+00
5.753752194598502892e-04
5.120680765787112565e-02
4.004278843930023646e-01
2.206950257012776084e-01
1.555440084133163092e-01
1.529853769640110092e-02
3.608433367798620506e-02
8.592558534456942732e-02
1.417844268433997579e-01
5.115477244748505709e-02
1.080312576137483077e-01
2.273796291750469212e-01
6.118944383358498884e-02
1.299319419622727359e-02
2.059630511569021660e-02
3.169950507615441199e-02
9.415486907630343100e-03
6.283337165881832526e-03
6.257746919249445889e-04
1.199850132564732504e-02
1.208893165492225773e-02
2.949080412094085002e-02
1.430324106568732767e-01
1.367537516240239504e-01
1.717266694932067517e-01
1.543453150145027153e-01
7.102065828419380257e-03
4.029699215130299835e-04
2.113374697474862916e-03
9.593726926328595417e-02
2.877444190561917817e-02
1.404707469479875813e-02
8.081062874164270105e-02
3.409949658740458328e-02
1.043194168139547212e-01
2.528501769771859808e-01
6.403883900081594471e-02
3.289297134830991565e-02
1.457195767464600439e-03
0.000000000000000000e+00
2.446545479246007519e-03
3.628737158038743832e-02
3.725822951092718216e-01
3.808947298923686109e-01
3.808947298923686109e-01
2.663600316425375394e-03
4.543318323968067833e-03
0.000000000000000000e+00
1.888585077344665745e-03
2.780866385567346347e-02
7.659524489424841820e-02
2.877322098222062086e-01
3.808947298923686109e-01
3.790371738841508686e-01
2.110794461293283124e-03
3.986502115485072301e-03
1.076719279092710896e-01
3.229401522768775984e-02
1.576525604167185179e-02
9.069505791637959280e-02
3.827040905474806548e-02
1.170793458369550483e-01
2.837777876772716867e-01
7.187181070754093681e-02
3.691630652960738168e-02
9.068697135462792588e-03
2.315786138802221339e-02
1.355845860282904429e-02
1.339255352383915063e-02
1.821204384688894506e-02
2.418414027986105080e-02
3.579583672489987101e-01
1.662708766320550868e-01
4.184330686875575508e-03
0.000000000000000000e+00
2.119589163418045003e-03
3.121010711388962772e-02
8.596406537081380250e-02
3.229264496587854194e-01
3.579583672489987101e-01
3.579583672489987101e-01
2.368978300225956391e-03
4.474114926188839554e-03
1.666589641392345056e-02
1.441973011454815261e-02
3.851925826701742966e-02
3.612655742990032032e-02
3.579583672489987101e-01
3.579583672489987101e-01
2.993015257624551118e-01
2.481400231179119870e-02
1.671469667530083719e-02
1.069703278747114600e-02
2.731598584174617025e-02
1.599295621582482937e-02
1.579726194540719691e-02
2.148211890274924485e-02
2.852653888934547632e-02
3.959783543875941558e-01
1.961257490868777986e-01
4.935650830823065487e-03
1.934995303930879887e-02
1.353800975199559442e-02
3.014288423218630664e-03
4.485842807551077525e-03
2.328124439856787270e-03
4.612558564163224059e-03
5.722600259623508018e-02
6.244574487601130611e-03
6.690312557727271826e-03
1.965835198919554591e-02
1.700887387876528350e-02
4.543560805665027014e-02
4.261328430684017954e-02
3.959783543875941558e-01
3.959783543875941558e-01
3.530428005916350087e-01
2.926949619693849924e-02
1.971591461238093868e-02
6.073739238935609887e-03
1.766421200965470400e-03
4.587570522020067813e-03
1.453740030499665534e-03
1.705145026018251853e-01
3.959783543875941558e-01
3.959783543875941558e-01
1.055588492627115710e-01
1.345338144186114526e-02
1.213801530710101849e-02
8.492246428897546121e-03
1.890830378074760980e-03
2.813920455139718151e-03
1.460407166384890612e-03
2.893407872514042103e-03
3.589724967632873520e-02
3.917153729668304551e-03
4.196760378178394750e-03
5.873324367800632911e-03
7.641470970315442611e-03
6.532327848976291276e-03
2.361226474579209821e-03
1.568927933917999050e-03
5.054248781105461679e-04
1.555026401289509477e-04
2.223663925658549774e-04
1.179556313780773941e-03
3.809990634280835398e-03
1.108056827453289322e-03
2.877733145169125359e-03
9.119153264560459111e-04
1.069618948665728847e-01
4.926789655414642866e-01
4.926789655414642866e-01
6.621591926078031209e-02
8.439160009424627115e-03
3.485587212698499499e-03
3.402165931144360972e-02
4.809065453867091694e-02
8.914057624813472025e-02
4.926789655414642866e-01
4.926789655414642866e-01
3.256091342427534698e-03
8.991059292136233420e-04
3.953032195180118473e-04
3.743841208653618611e-03
4.870913322996025044e-03
4.163910701664697532e-03
1.505119830765257660e-03
1.000083885135317173e-03
3.221736733838137501e-04
9.912226121221477193e-05
1.417433146501733494e-04
7.518861991805323147e-04
8.631137804481452472e-03
1.267971411518915847e-02
1.346170245301716965e-02
5.229560632539942411e-02
1.048962768328331324e-01
4.858932943403637683e-02
3.242421473604606592e-03
8.504457387566157975e-04
1.363892666741321020e-03
2.221822638435913978e-03
2.168647296499532848e-02
3.065449189219935505e-02
5.682099979876762547e-02
3.982910336226237469e-01
3.982910336226237469e-01
2.075534771032124838e-03
5.731183258307363717e-04
2.519786734849064399e-04
1.115603878532520632e-01
3.174985012534377593e-01
2.614477333155433292e-01
3.982910336226237469e-01
3.982910336226237469e-01
3.982910336226237469e-01
5.063420547152078233e-02
2.412529231528415252e-02
2.887209985753169672e-02
9.382588294293670028e-03
1.378364474384747781e-02
1.463371512749605044e-02
5.684860500048074389e-02
1.140288339059670336e-01
5.281964949495534384e-02
3.524715565033983890e-03
9.244878733423428753e-04
1.482636896724755281e-03
3.877386886357957890e-02
1.170606089148095580e-02
8.250333817019809765e-03
8.114619405472688410e-04
1.913977924607922643e-03
4.557647509197351558e-03
7.520500875896980221e-03
2.713341088034526474e-03
5.730172104202901906e-03
1.212731406785447080e-01
3.451407901018052615e-01
2.842100888369962219e-01
3.741510123652004860e-01
3.741510123652004860e-01
3.741510123652004860e-01
5.504255803925188484e-02
2.622570632069724100e-02
3.138578392460619759e-02
1.085042462252311553e-02
2.284018638158916148e-02
7.021326130674802185e-03
7.980259845070575980e-03
3.741510123652004860e-01
3.741510123652004860e-01
2.389448569756960628e-01
3.708496914056896160e-02
1.277725597352989163e-02
4.666356276824554228e-02
1.408800625752404910e-02
9.929108990490889686e-03
9.765779455745049378e-04
2.303433514365396326e-03
5.485036104321688866e-03
9.050769885919152449e-03
3.265450827685856521e-03
6.896145612863571750e-03
1.451471608149170270e-02
3.906011315310634405e-03
8.294169773877930162e-04
1.314759471491063402e-03
2.023529186732791162e-03
6.010350167650567715e-04
4.010950995827733639e-04
3.994615532282822797e-05
7.659210316114140353e-04
1.305826540592682286e-02
2.748769988895347419e-02
8.450023230021795964e-03
9.604080456803340896e-03
4.772344147280892512e-01
4.772344147280892512e-01
2.875652767812421629e-01
4.463100629287134608e-02
1.537716775760789023e-02
1.321626822883621493e-03
3.971865092485013342e-03
3.108124873651891152e-03
8.028479283552391460e-03
4.772344147280892512e-01
4.772344147280892512e-01
9.329028497159315078e-04
2.136496183374395465e-04
4.565819842915730094e-04
1.064745549175385260e-03
0.000000000000000000e+00
1.787644781877688804e-03
2.651450014071598735e-02
2.722388777654641823e-01
3.156710298413610838e-01
3.156710298413610838e-01
1.946242670352089530e-03
3.319717276113682940e-03
0.000000000000000000e+00
1.379953606947759365e-03
2.031926782244241128e-02
5.596670530483878470e-02
2.102405157926281465e-01
3.156710298413610838e-01
2.769553363220089159e-01
1.542317825830959036e-03
2.912862141801481151e-03
3.156710298413610838e-01
1.672029042499889595e-01
2.547238012773835325e-01
1.974090205567188283e-01
2.153682302864849962e-01
1.544652647199363793e-01
1.287283160742678234e-01
5.172566107089208304e-02
1.817249054201758585e-01
3.979534619905798765e-02
6.868987827240095878e-03
1.138882358372640680e-02
3.695608167906399254e-03
2.820542798665519671e-03
3.156710298413610838e-01
2.134283430786711455e-01
9.097989797173159851e-03
2.679905910833376564e-02
0.000000000000000000e+00
1.565802175175287506e-03
2.305581404632975340e-02
6.350415583719573598e-02
2.385551624928893832e-01
3.527669458205363040e-01
3.142549618016410307e-01
1.750033185419369976e-03
3.305158850743284294e-03
1.231158250218915805e-02
1.065227411447515656e-02
2.845529663086835553e-02
2.668773891734423434e-02
2.961701510699241702e-01
3.527669458205363040e-01
2.211027439470370781e-01
1.833082536237903848e-02
1.234763267489839313e-02
4.515488008191968772e-02
7.794085269963921953e-03
1.292264076872079101e-02
4.193323078956568382e-03
3.200406178214841579e-03
3.527669458205363040e-01
2.421723180794526642e-01
1.032328343678557032e-02
3.040828679544780103e-02
4.716212262973580420e-03
1.911540733607893297e-02
5.545998751379344061e-02
6.979994009621272311e-02
9.126201158517921463e-02
3.527669458205363040e-01
3.527669458205363040e-01
2.857436080646810067e-03
2.761364709865911371e-03
1.030180582209308873e-02
8.913367511570419871e-03
2.381017553585343394e-02
2.233115881799197996e-02
2.478225188418963776e-01
3.544721882276149483e-01
1.850093222759405243e-01
1.533845087813445404e-02
1.033197106519140145e-02
3.182895610371183105e-03
9.256792340668338389e-04
2.404080501711626516e-03
7.618211088214466280e-04
8.935679331717336082e-02
3.544721882276149483e-01
3.544721882276149483e-01
5.531729050867144337e-02
7.050139469512866491e-03
3.946324766965491303e-03
1.599495552675567200e-02
4.640654620648613365e-02
5.840560538314663180e-02
7.636414913492664547e-02
3.544721882276149483e-01
3.544721882276149483e-01
2.390980334707738537e-03
2.310591919435279074e-03
0.000000000000000000e+00
9.901997904753678716e-04
8.521911715877690530e-03
1.180414612369862053e-02
2.100708431448358032e-02
3.544721882276149483e-01
3.541373951296903355e-01
1.095549598511126425e-03
0.000000000000000000e+00
2.494062452079360941e-03
7.253463835989379643e-04
1.883796280204064026e-03
5.969499648439481653e-04
7.001845185384146519e-02
3.778726964982392356e-01
3.778726964982392356e-01
4.334568081934495054e-02
5.524368463590356194e-03
2.281704346572549155e-03
2.227095843297897254e-02
3.148067995276288694e-02
5.835241750381758852e-02
3.778726964982392356e-01
3.778726964982392356e-01
2.131473784901331044e-03
5.885647902430857833e-04
2.587699056567514724e-04
0.000000000000000000e+00
7.759035858525886514e-04
6.677623972728129534e-03
9.249526604028836599e-03
1.646079125111766378e-02
3.778726964982392356e-01
2.774959936455946297e-01
8.584538899529211599e-04
0.000000000000000000e+00
1.431458977355067885e-01
3.708753703362037413e-02
7.384167762390467238e-02
4.620094693761492288e-02
1.749415596523129501e-01
3.312938554764148225e-01
1.430792283377057272e-01
2.484817265961513158e-02
7.763530900717077743e-02
1.997620802986771124e-03
1.949811330070054180e-02
2.756117866903848995e-02
5.108725119680578020e-02
3.669105873554719399e-01
3.669105873554719399e-01
1.866094693703765003e-03
5.152855455007786462e-04
2.265517649135156042e-04
1.003029439477722690e-01
2.854600543036471261e-01
2.350653116634589535e-01
3.669105873554719399e-01
3.669105873554719399e-01
3.669105873554719399e-01
4.552475991684967749e-02
2.169083390070902784e-02
2.595864597991415224e-02
1.253235212564701995e-01
3.246995414686022763e-02
6.464802136636706165e-02
4.044869917476533183e-02
1.531604650678610180e-01
2.900461221435187142e-01
1.252651525304036562e-01
2.175445153339722673e-02
6.796932676750698510e-02
2.682975242408034908e-02
2.987369513855440625e-02
1.430815066708788358e-02
8.040293585741714599e-02
7.453356963294295590e-02
8.545904105034202169e-02
2.150735068137091949e-02
1.528304935821229830e-02
1.798895447477700388e-02
1.194133056927212388e-01
3.398477391189205221e-01
2.798514661148870930e-01
3.697874252240692106e-01
3.697874252240692106e-01
3.697874252240692106e-01
5.419842986232958904e-02
2.582351102938824222e-02
3.090445410438488055e-02
1.068402339624087080e-02
2.248991114770364577e-02
6.913647646291196103e-03
7.857875231521515777e-03
3.697874252240692106e-01
3.697874252240692106e-01
2.352804181543750317e-01
3.651623708110464384e-02
1.258130501893737693e-02
3.194152934877931421e-02
3.556542359922015839e-02
1.703423152162051799e-02
9.572182012058731704e-02
8.873418450791162315e-02
1.017412469813948755e-01
2.560506940745823148e-02
1.819487417916097402e-02
2.141632573523980995e-02
5.532597836996387339e-03
2.879432502000058708e-02
5.147762125369365754e-02
7.432622415077561051e-02
7.191839770418606559e-02
2.053836319000692384e-02
3.876938374305265948e-03
1.708572683202553178e-04
4.937498442538951898e-03
1.281819263594051288e-02
2.698234576665953580e-02
8.294671778644551602e-03
9.427511967286373792e-03
4.697995084243518638e-01
4.697995084243518638e-01
2.822784649113119215e-01
4.381047699782860544e-02
1.509446257867672926e-02
1.297329061856810966e-03
3.898843398935116205e-03
3.050982816519073534e-03
7.880877806597777827e-03
4.697995084243518638e-01
4.697995084243518638e-01
9.157516765472675574e-04
2.097217263788715008e-04
4.481878447724777837e-04
6.637752672533426754e-03
3.454608729686162172e-02
6.176044746420120135e-02
8.917313485123490313e-02
8.628433705646813834e-02
2.464096960785831097e-02
4.651369720605445790e-03
2.049865764380654311e-04
5.923780192992537767e-03
5.988220567811584037e-03
2.032216102180875797e-02
1.590220072462623577e-02
2.890222536010630949e-02
7.885271312579150704e-02
7.151165240115447963e-02
7.302968105805644587e-03
2.219144965427663745e-03
1.209630026789138522e-02
3.764132016113491686e-01
1.456894626971733664e-01
2.219493370091149553e-01
1.720090584879031548e-01
1.876575164362384307e-01
1.345907328785269641e-01
1.121652718109005104e-01
4.507029230668918585e-02
1.583429662787201042e-01
3.467501136774747000e-02
5.985178010591284646e-03
9.923461533809487672e-03
3.220106556980479023e-03
2.457632938226839061e-03
3.570321562911771274e-01
1.859672280631550489e-01
7.927381710982514887e-03
2.335091330976803159e-02
6.200424560900298365e-01
1.455618113085850873e-01
1.716592161721538145e-03
1.116872241252103194e-02
8.361580019632880792e-03
6.100202082327899587e-03
0.000000000000000000e+00
1.810070437099605203e-04
1.826032715475693347e-01
2.427316367474922909e-01
3.974576661981784470e-02
1.341406397183773219e-02
6.155572622885233623e-03
4.537190730292529547e-03
4.144837651026572235e-03
3.987659874282891044e-03
1.268877620889508062e-02
3.250641843081585741e-02
3.492912258160119771e-02
6.029039592445490162e-03
9.996184303219525849e-03
3.243704680056907087e-03
2.475643374691197801e-03
3.596486190129269955e-01
1.873300641862340465e-01
7.985476474612018122e-03
2.352203737553423477e-02
3.648180572186154359e-03
1.478653923624270727e-02
4.290053918267446725e-02
5.399307138865031691e-02
7.059485007864321759e-02
4.820739373873828559e-01
3.315379190562076084e-01
2.210342159007663929e-03
2.136027075444146134e-03
2.445104632978414572e-01
4.003703818983102986e-02
1.351236715745011453e-02
6.200682919016846893e-03
4.570440929744025958e-03
4.175212543065069670e-03
4.016882909867310232e-03
1.278176421949915771e-02
3.274463739945258911e-02
4.820739373873828559e-01
2.958500218043230712e-01
1.047267387876390926e-01
8.131646037230881585e-02
7.676472234398547256e-02
9.907274220705612755e-02
1.329315574362454830e-02
3.446252347479856343e-02
2.525911742854080599e-01
2.479018140392124508e-03
1.004777539788815656e-02
2.915185056279237519e-02
3.668946774412054634e-02
4.797073787889493540e-02
4.258439189602102326e-01
2.252872354604097682e-01
1.501975628736475004e-03
1.451476911194015578e-03
0.000000000000000000e+00
6.220276809828973906e-04
5.353328725330858823e-03
7.415175916955681935e-03
1.319631458826841033e-02
4.258439189602102326e-01
2.224634510739426918e-01
6.882067464753440118e-04
0.000000000000000000e+00
4.258439189602102326e-01
2.010365321497300795e-01
7.116409950154664599e-02
5.525630554373356373e-02
5.216330043632341762e-02
6.732208570545293591e-02
9.032988795221699729e-03
2.341803514580957993e-02
1.716412032700566637e-01
4.258439189602102326e-01
1.500742474534137449e-01
8.522773984401647851e-02
9.527893967461359415e-02
7.634049248888226391e-02
1.293002093382886741e-01
3.199293744433537312e-02
1.431376355522484545e-02
1.449138661893567270e-01
0.000000000000000000e+00
7.748473305244291728e-04
6.668533570222915687e-03
9.236935011546732258e-03
1.643838279885408843e-02
4.209992144667096814e-01
2.771182319917301351e-01
8.572852570044786277e-04
0.000000000000000000e+00
1.429510299453016775e-01
3.703704891974340940e-02
7.374115525636749935e-02
4.613805253003817886e-02
1.747034076990696405e-01
3.308428575606764399e-01
1.428844513060793242e-01
2.481434627287674652e-02
7.752962228231562170e-02
4.209992144667096814e-01
1.869444617577035173e-01
1.061664757433559148e-01
1.186870525527341097e-01
9.509581104567764454e-02
1.610666616696396214e-01
3.985295660027050879e-02
1.783036642838533095e-02
1.805162789465710182e-01
4.209992144667096814e-01
8.484352643672368743e-02
2.809822026204711332e-02
1.820950772737408782e-02
4.502218283380727409e-02
2.640397646129346090e-02
1.847542583533990854e-02
6.436583501854204088e-03
2.312540844807201013e-01
1.942471587451511938e-01
5.032731505130216138e-02
1.002022153783386355e-01
6.269409613504506318e-02
2.373934667111182450e-01
3.632668127631628607e-01
1.941566892220773777e-01
3.371865359395447015e-02
1.053501248132807794e-01
4.158519586716748206e-02
4.630320265265797097e-02
2.217714269527732568e-02
1.246217923697670454e-01
1.155244760694559975e-01
1.324585819699599654e-01
3.333565575006697951e-02
2.368820222278408133e-02
2.788226232783817468e-02
3.632668127631628607e-01
1.152885289078279807e-01
3.818090330504453345e-02
2.474375413415162706e-02
6.117781102604231275e-02
3.587870202224224120e-02
2.510509351695293725e-02
8.746268269207300300e-03
3.142366226796634576e-01
1.461671974894964698e-01
8.313706081378427482e-02
1.057432365360811977e-01
3.001440000631825367e-01
3.632668127631628607e-01
3.632668127631628607e-01
8.699562661286251719e-02
6.235007314209355458e-03
3.733047872214468460e-02
7.897506489809968944e-02
8.793510186086814229e-02
4.211694202928475267e-02
2.366711021767812784e-01
2.193942532829939174e-01
2.515540660383663862e-01
6.330824038178499424e-02
4.498661768575932390e-02
5.295161970333282786e-02
1.367928468486352515e-02
7.119363829829979118e-02
1.272778280250259353e-01
1.837707365806683091e-01
1.778174133128192502e-01
5.078086738177819970e-02
9.585685656231504939e-03
4.224426359353349687e-04
1.220790825874096264e-02
2.775883019663799023e-01
1.578868305485052748e-01
2.008185555900074137e-01
3.403796649330344537e-01
3.403796649330344537e-01
3.403796649330344537e-01
1.652146903322891658e-01
1.184099526313833750e-02
7.089486819241276605e-02
8.313875088710452610e-02
5.054212465654820546e-02
2.147484670969168896e-01
1.892598490323031124e-01
2.963153063133376341e-01
8.981246244789554967e-02
7.052180347711685393e-02
1.814812408112790112e-02
5.835575070404281500e-02
2.741439514193031932e-02
1.426778210165399463e-01
2.550750825549855660e-01
2.795017284770158761e-01
2.795017284770158761e-01
1.017689737530246413e-01
1.921049092406441200e-02
8.466092791492645878e-04
2.446563753672608213e-02
2.473178091168089926e-02
8.393198419325319237e-02
6.567723080360055032e-02
1.193682659767831972e-01
2.795017284770158761e-01
2.795017284770158761e-01
3.016178264518820304e-02
9.165228046413460838e-03
4.995858864576308012e-02
1.666167947325187526e-01
1.012905139828322310e-01
2.795017284770158761e-01
2.795017284770158761e-01
2.795017284770158761e-01
1.799914535692661577e-01
1.413314095862407416e-01
3.637031146777285062e-02
1.169496538349562575e-01
7.288234065449724838e-03
3.629539405631453802e-02
1.031896013077328172e-01
2.428231626789348063e-01
2.795017284770158761e-01
2.658332210964285958e-01
2.325253878500452287e-02
1.081698417645169004e-02
1.122561583680162754e-02
5.929658221370170956e-01
1.384806391785261825e-01
1.633084788015593891e-03
1.062539552502960241e-02
7.954812702944579622e-03
5.803444432881419562e-03
0.000000000000000000e+00
1.722015608587881776e-04
1.737201367080404013e-01
2.309234262988321684e-01
3.781224702188273890e-02
1.276150754172546836e-02
5.856121352597572390e-03
4.316469180737214986e-03
3.943202973673960721e-03
3.793671453061171674e-03
1.207150298560094766e-02
3.092507273189248201e-02
5.556489788332756863e-01
2.168050116548762285e-01
7.209949284786876245e-02
1.358353908589463588e-01
1.937025723313120229e-01
2.250473250623647170e-01
8.916135708702556395e-02
2.006630237245073806e-02
1.479600583565719996e-01
2.005451749191061450e-01
5.668278484311895654e-02
3.271734835831017346e-02
8.651497069083137828e-03
3.506658468206164006e-04
6.465917001927276543e-04
2.893441611214685270e-03
1.541171714732095591e-03
1.791593833524729798e-02
2.326687969797111011e-01
3.809804040537749514e-02
1.285796185761769669e-02
5.900383221894739058e-03
4.349094016050488593e-03
3.973006579870669991e-03
3.822344866725542554e-03
1.216274209339915369e-02
3.115881131838151366e-02
5.289959686387433191e-01
2.815219755065624385e-01
9.965481229998367219e-02
7.737829602174112198e-02
7.304699912371530324e-02
9.427463934219412756e-02
1.264936687460100490e-02
3.279349999839954038e-02
2.403581583217966888e-01
2.020609400110487675e-01
5.711120595379363951e-02
3.296463336310998665e-02
8.716887010554676476e-03
3.533162573815364972e-04
6.514787842538988412e-04
2.915310887259957295e-03
1.552820233759404523e-03
1.805135098692998291e-02
5.289959686387433191e-01
2.110858971063307443e-01
8.075739829199111985e-02
1.148685291860962604e-01
1.442244602449913871e-01
1.098600955717941030e-01
8.069586426085104125e-02
3.644884802682316766e-02
2.537588619147892466e-01
4.342047927697583742e-01
1.688302573994957811e-01
5.976353207038535148e-02
4.640418429495004465e-02
4.380668202589435567e-02
5.653701313280336260e-02
7.585894001833478825e-03
1.966644002052727810e-02
1.441440927107723036e-01
4.342047927697583742e-01
1.260321870640141173e-01
7.157416167886222758e-02
8.001514818229837900e-02
6.411066117725794378e-02
1.085861728262072917e-01
2.686763348897311388e-02
1.202068280597018424e-02
1.216985045846456226e-01
4.342047927697583742e-01
1.265893587089955974e-01
4.843065027523096866e-02
6.888728069876044746e-02
8.649219195997595588e-02
6.588369586404400902e-02
4.839374798262125604e-02
2.185857208202282922e-02
1.521805674224472882e-01
4.342047927697583742e-01
1.810973682470839174e-01
8.638854136675905293e-02
5.006043796394563788e-02
3.759437765314400243e-02
7.479464122283477345e-02
2.723920438178881881e-02
9.915171951843217493e-03
1.215818973176542861e-01
4.301229981304263705e-01
1.372531619256684432e-01
7.794659627395951473e-02
8.713910585708729839e-02
6.981860082499777298e-02
1.182538834641830711e-01
2.925972908768538147e-02
1.309091559909946606e-02
1.325336403738201219e-01
4.301229981304263705e-01
6.229145363748388176e-02
2.062949358964323923e-02
1.336927817595000810e-02
3.305493456524373486e-02
1.938559304003619269e-02
1.356451317135150096e-02
4.725689273283200688e-03
1.697849404297559484e-01
4.301229981304263705e-01
1.972209400421218728e-01
9.407993888665631965e-02
5.451744953410531114e-02
4.094150330741202354e-02
8.145380352493464260e-02
2.966438190778280040e-02
1.079794561317865692e-02
1.324066512572228960e-01
4.301229981304263705e-01
2.604110617334634004e-01
9.480055939103816665e-02
2.066278558873246504e-02
0.000000000000000000e+00
0.000000000000000000e+00
0.000000000000000000e+00
0.000000000000000000e+00
1.567366591363142381e-02
3.998220567781236578e-01
8.259960532161299274e-02
2.735508531244006808e-02
1.772790706081409789e-02
4.383144700572379898e-02
2.570565046292080241e-02
1.798679223082442699e-02
6.266350294495059807e-03
2.251379322541988415e-01
1.047229324372001696e-01
5.956436842305175283e-02
7.576078631633245686e-02
2.150411335779107425e-01
3.998220567781236578e-01
2.699065947288968870e-01
6.232887600356001867e-02
4.467132577802320273e-03
2.674579021978184742e-02
3.998220567781236578e-01
3.453098244543569284e-01
1.257072733530798514e-01
2.739923111133474656e-02
0.000000000000000000e+00
0.000000000000000000e+00
0.000000000000000000e+00
0.000000000000000000e+00
2.078356729228302002e-02
1.699382847210729741e-01
2.315064038161990245e-01
9.667837431419280814e-02
1.460326338536118429e-01
2.293954764440944705e-01
1.022363392750967048e-01
1.122937005081408451e-02
6.733838401456395707e-03
4.823438070451873533e-02
1.712703873859633963e-01
9.741526728478482056e-02
1.239038949644061527e-01
2.801301679397061317e-01
2.801301679397061317e-01
2.801301679397061317e-01
1.019365146680073775e-01
7.305826043053799748e-03
4.374172633709164093e-02
5.129613161056074261e-02
3.118420051535557291e-02
1.324985703276695959e-01
1.167722394306709571e-01
1.828248414690844259e-01
5.541377329870830759e-02
4.351154755125612866e-02
1.119728828515173004e-02
3.600516289224110072e-02
2.779276246235571346e-01
2.801301679397061317e-01
1.581138174350349979e-01
2.388308385663205080e-01
2.801301679397061317e-01
1.672036585021046406e-01
1.836520916616420779e-02
1.101293751780226156e-02
7.888550173610690830e-02
1.754602240901591836e-01
2.801301679397061317e-01
2.801301679397061317e-01
1.125427199175581677e-01
2.341743595959106805e-01
1.042246943630947692e-01
3.279436656420377932e-02
1.927328268732606334e-02
7.091153438102716644e-02
7.512271640107573423e-02
4.566897693757160370e-02
1.940429465099133277e-01
1.710118784953911508e-01
2.677453111089194149e-01
8.115296505858408949e-02
6.372226412082857006e-02
1.639832646041797237e-02
5.272923232229667634e-02
3.286054936072902843e-03
1.636454835621473092e-02
4.652522074395627760e-02
1.094819739800316910e-01
2.950050306139781475e-01
1.198565469373651660e-01
1.048390037484009732e-02
4.877066780134787713e-03
5.061307032639042643e-03
2.569598961977190843e-01
2.950050306139781475e-01
2.950050306139781475e-01
1.648177857846852001e-01
2.950050306139781475e-01
1.526361133051915009e-01
4.802705041501412891e-02
2.822554652717079032e-02
1.038492946663897992e-01
2.950050306139781475e-01
2.950050306139781475e-01
2.950050306139781475e-01
1.749370164451467535e-01
1.537045138128493860e-01
1.303177208554260613e-01
5.549924778501600341e-03
5.603275239774774047e-04
1.479750581108379981e-02
3.512829361731936717e-01
3.512829361731936717e-01
1.703298145616014558e-01
3.209012438509947218e-01
3.512829361731936717e-01
3.512829361731936717e-01
2.106372294564997083e-01
4.740518174307226107e-02
3.495448900809237092e-01
3.512829361731936717e-01
1.339089617666984477e-01
7.729235891543466408e-02
2.043853338284235335e-02
8.284225908228159008e-04
1.527525923424764018e-03
6.835545627524990467e-03
3.640906225676215739e-03
4.232510290715538193e-02
1.431658124111673813e-01
1.444741948033914369e-01
2.040473820832398519e-02
0.000000000000000000e+00
1.281005022056535755e-02
1.728940839004316707e-02
2.945168022654378118e-03
1.640107134144925746e-02
6.877263313105543008e-02
5.809579063504782120e-02
3.405909304299442608e-02
4.653602422672089428e-02
3.472536545526818536e-02
1.253597676936136704e-02
1.065950636525595137e-02
1.318281147597921525e-02
7.588868863622003254e-03
1.929089643003330592e-02
3.536045438328065948e-01
9.994401653247980688e-02
5.768776559359194839e-02
1.525446162351199765e-02
6.182997763609397257e-04
1.140081097862134015e-03
5.101763737038953785e-03
2.717419261648600353e-03
3.158967651516533803e-02
5.642532984828054765e-01
3.693981249010394596e-01
1.413246072328592229e-01
2.010187315835212374e-01
2.523913056708254610e-01
1.922540248400735619e-01
1.412169233182427042e-01
6.378510502352088829e-02
4.440753695692236658e-01
4.336025448253956471e-02
2.542027444063746019e-02
3.473253106669908774e-02
2.591755214415247810e-02
9.356325767581415501e-03
7.955807186776018766e-03
9.839095985191101401e-03
5.664012513890457484e-03
1.439791367428163750e-02
1.210442032687047004e-01
2.360683148695417316e-02
1.189187458470810982e-03
1.665403723882808926e-02
3.432725754646949456e-02
3.131734005409939070e-02
1.975256568971121493e-02
4.952411851016205735e-03
1.827178947102867101e-02
5.298692909666324891e-01
2.299743846176550421e-01
8.798376978338892651e-02
1.251472489334549687e-01
1.571300212204494173e-01
1.196906483071833310e-01
8.791672953513701705e-02
3.971038098660212984e-02
2.764658317307354118e-01
5.298692909666324891e-01
3.289988688088713031e-01
1.569417195998913384e-01
9.094459859705879279e-02
6.829755639840473513e-02
1.358791273084899998e-01
4.948535429093114252e-02
1.801285345986464170e-02
2.208773494188461251e-01
7.535789783911915618e-02
1.469678966410392813e-02
7.403466220358403873e-04
1.036822254153305783e-02
2.137095290339104808e-02
1.949708328577138758e-02
1.229725825037170268e-02
3.083198833550519508e-03
1.137537863947978185e-02
4.682169229949423306e-02
3.176657809965008350e-02
2.532297115678753402e-02
4.859436064314355541e-02
6.556144749506064018e-02
5.426404182849082353e-02
1.371363169658928148e-02
2.099229239001004950e-03
2.883866110713159334e-02
4.638126645646152846e-01
2.385076361743546369e-01
1.137748548936625831e-01
6.593026083263280046e-02
4.951229404539808643e-02
9.850553461510343223e-02
3.587439348928907895e-02
1.305841298184888012e-02
1.601249715084899772e-01
4.638126645646152846e-01
3.149261267816542698e-01
1.146463317918163943e-01
2.498838179401002488e-02
0.000000000000000000e+00
0.000000000000000000e+00
0.000000000000000000e+00
0.000000000000000000e+00
1.895482805450767264e-02
3.394337248777261340e-02
2.302917173948431165e-02
1.835788072276162142e-02
3.522846789826938191e-02
4.752875267574274004e-02
3.933870165765951388e-02
9.941693389892343816e-03
1.521835638508184504e-03
2.090657915024960595e-02
4.638126645646152846e-01
2.214139869027668683e-01
3.028755685314228618e-02
4.254688342514061083e-02
1.092433662780914194e-01
5.046820877414044670e-02
1.932497989237649469e-02
1.068595402649479692e-02
2.314561224247990157e-01
3.989841452486188600e-01
3.276186361572390182e-01
1.192669380781691407e-01
2.599549185325596146e-02
0.000000000000000000e+00
0.000000000000000000e+00
0.000000000000000000e+00
0.000000000000000000e+00
1.971876699870723712e-02
1.612318709993077748e-01
2.196456831188579595e-01
9.172527074421978066e-02
1.385509735008818022e-01
2.176429044612606112e-01
9.699848561199353458e-02
1.065405800940059759e-02
6.388845022508166105e-03
4.576319844728960612e-02
3.989841452486188600e-01
2.303376641262746549e-01
3.150824026626728586e-02
4.426165609990800193e-02
1.136462161301345364e-01
5.250223567302288868e-02
2.010383711509601892e-02
1.111663144616277521e-02
2.407845291655648368e-01
1.568121252588232676e-03
3.566227693482510938e-03
3.104453847342165951e-02
6.888357823210555786e-02
3.625703162049966899e-01
3.610271047220273699e-01
1.700851638929064269e-02
6.660690635034660634e-03
9.221085567136400735e-03
2.536180111997650144e-01
3.022185194081714599e-01
1.442840091026971194e-01
2.179409203111948856e-01
3.022185194081714599e-01
1.525787851857679234e-01
1.675885162656648789e-02
1.004966424088073705e-02
7.198559009708195566e-02
1.601131702495739162e-01
3.022185194081714599e-01
2.873379268083322557e-01
1.026988981004085255e-01
2.136917315618992452e-01
9.510842881514330882e-02
2.992592779445668594e-02
1.758749829590055061e-02
6.470908512674529434e-02
2.466657435261167958e-03
5.609682313433197315e-03
4.883311256914952408e-02
1.083539873802310816e-01
3.022185194081714599e-01
3.022185194081714599e-01
2.675442561929348290e-02
1.047727785830658218e-02
1.450478350307075545e-02
1.371922619077020795e-02
3.261440417387442142e-02
3.517800629964239201e-02
4.801061124688959375e-02
3.022185194081714599e-01
3.022185194081714599e-01
1.638171260382279004e-02
2.126877854834794204e-03
7.148952093816416525e-03
1.686542982392357504e-01
3.149859474047073671e-01
3.026657727645931661e-01
1.081773008558193361e-01
2.250909714043037857e-01
1.001819231575485497e-01
3.152230602557545142e-02
1.852569141098969058e-02
6.816094718968464250e-02
3.149859474047073671e-01
3.149859474047073671e-01
2.086740386155706284e-01
1.148190055382025815e-01
1.008831623023481588e-01
8.553336175889844628e-02
3.642664410474811144e-03
3.677680709671333537e-04
9.712266369920428272e-03
1.445106896567648069e-02
3.435419734592525670e-02
3.705455308063509284e-02
5.057170459656468858e-02
3.149859474047073671e-01
3.149859474047073671e-01
1.725558390261108799e-02
2.240334705062701874e-03
7.530308073028310276e-03
3.263954758246207649e-02
5.582208593799367624e-02
6.115774918888572387e-02
1.365303837599251557e-01
3.149859474047073671e-01
3.149859474047073671e-01
1.760005888699244306e-02
4.156697969979720672e-03
1.228588264569670414e-02
9.471322249721798869e-02
9.557880004355469306e-02
1.349902240887032936e-02
0.000000000000000000e+00
8.474656877274864414e-03
1.143803507354450473e-02
1.948414565764004748e-03
1.085034403810122838e-02
4.549743820650516829e-02
3.843403290141822470e-02
2.253224008655123692e-02
3.078651769224716173e-02
2.297302134685804895e-02
8.293339987947179193e-03
7.051936360221755171e-03
8.721261978924126773e-03
5.020515813636906681e-03
1.276214575936016581e-02
1.346859020859295375e-01
1.700128919334964895e-03
2.214448945913794278e-02
1.949043451937540750e-01
4.507961853947350939e-01
4.507961853947350939e-01
8.045642177454044586e-02
4.621730698094575311e-03
2.048634308922755998e-03
1.814950840419622402e-01
2.344350328728675437e-02
9.141274893143634672e-02
2.123880640100994366e-01
4.507961853947350939e-01
4.507961853947350939e-01
1.118345375023542115e-01
4.870411203521679382e-03
0.000000000000000000e+00
3.919500573443514962e-02
2.297836611805202309e-02
3.139607390632144501e-02
2.342787460626273230e-02
8.457543584327195663e-03
7.191560843659583653e-03
8.893938196707657645e-03
5.119919281175920774e-03
1.301482926615699955e-02
1.094165220627908164e-01
2.133912511688794422e-02
1.074952391546754767e-03
1.505422633855197506e-02
3.102973154650411070e-02
2.830895108104053773e-02
1.785510566571503824e-02
4.476676007010740692e-03
1.651657495192393812e-02
1.850885874517217977e-01
2.390767183181932362e-02
9.322267136936122911e-02
2.165932315287748267e-01
4.663686356003018396e-01
4.663686356003018396e-01
1.140488001859135958e-01
4.966842681868166055e-03
0.000000000000000000e+00
7.571506685769874290e-02
1.172265241934835472e-02
1.754318350796293946e-02
3.482846341685049557e-02
4.663686356003018396e-01
4.663686356003018396e-01
9.951698119867362705e-03
1.070958554334516333e-03
4.240611415227260594e-03
1.089684965832278946e-01
2.125174826023314492e-02
1.070550807109135142e-03
1.499258412174939853e-02
3.090267477212726294e-02
2.819303502791715293e-02
1.778199474857276169e-02
4.458345458049059462e-03
1.644894488770634253e-02
6.770477366885666037e-02
4.593488348762865547e-02
3.661734436736292092e-02
7.026807505978098500e-02
9.480270246668674738e-02
7.846650750799598339e-02
1.983008910179150791e-02
3.035512676399876406e-03
4.170107758348355620e-02
7.540503800191411532e-02
1.167465192661733958e-02
1.747134981177119947e-02
3.468585205678716143e-02
4.804457565006830522e-01
4.804457565006830522e-01
9.910949115616796146e-03
1.066573323376230438e-03
4.223247474872285009e-03
1.253501828230144943e-01
1.281855098960311100e-02
4.269137050972129400e-03
6.683547582368559725e-02
4.804457565006830522e-01
4.804457565006830522e-01
5.873666302214904794e-02
4.338951729837174816e-03
1.556277687446745370e-02
3.999957355503575701e-02
2.713805321604035800e-02
2.163330707781600803e-02
4.151395661805995507e-02
5.600886710114961337e-02
4.635754125733942271e-02
1.171549751439287558e-02
1.793362653728973683e-03
2.463674612196619859e-02
3.818877613074512234e-01
2.609188305735177238e-01
3.569148465097290307e-02
5.013812913594551529e-02
1.287346466947065782e-01
5.947278308245087380e-02
2.277295678068389645e-02
1.259254967203047269e-02
2.727526911779070140e-01
7.405613498524556138e-02
7.573122918708734795e-03
2.522180523371829117e-03
3.948599761031403033e-02
3.818877613074512234e-01
3.818877613074512234e-01
3.470126765983877482e-02
2.563426616241763940e-03
9.194395085869912915e-03
3.818877613074512234e-01
2.299307640639958183e-01
1.777541781578269309e-01
2.186826760497516120e-01
2.400386423364490596e-01
1.666296357344952683e-01
4.335070345679086813e-03
2.710488022600691764e-03
1.137500380598695654e-01
3.257649272301504362e-01
2.293992533998049643e-01
3.137987363222066728e-02
4.408133121464435922e-02
1.131832140039136930e-01
5.228833812697417094e-02
2.002193276626289264e-02
1.107134156171916788e-02
2.398035572268503446e-01
1.561732623922504944e-03
3.551698648337889720e-03
3.091806099084291187e-02
6.860294202379886574e-02
3.257649272301504362e-01
3.257649272301504362e-01
1.693922257978020332e-02
6.633554545236571010e-03
9.183518260726834109e-03
3.257649272301504362e-01
2.021546144982640236e-01
1.562810766416185548e-01
1.922653206248734759e-01
2.110414385119242509e-01
1.465004037759716216e-01
3.811384170887628826e-03
2.383055018938219291e-03
1.000087795418087150e-01
2.974563558107523598e-01
4.168511346874487905e-02
1.814922346772343195e-02
9.963793855455249648e-02
3.257649272301504362e-01
2.179827019611908223e-01
4.482340228870098503e-02
1.737945980446054667e-02
7.474042065589524275e-02
2.466929268482990698e-03
5.610300517645449431e-03
4.883849412806870460e-02
1.083659283222791481e-01
3.198858913922075775e-01
3.198858913922075775e-01
2.675737403913084830e-02
1.047843248649103949e-02
1.450638197474141133e-02
1.372073809161344395e-02
3.261799838133820628e-02
3.518188302393050054e-02
4.801590216363803981e-02
3.198858913922075775e-01
3.198858913922075775e-01
1.638351791884238087e-02
2.127112243303755628e-03
7.149739930283912845e-03
3.198858913922075775e-01
6.584624339715657027e-02
2.866870416032685567e-02
1.573891350583274951e-01
3.198858913922075775e-01
3.198858913922075775e-01
7.080351740444326691e-02
2.745277738667182416e-02
1.180607540820046014e-01
3.198858913922075775e-01
2.148861604199952258e-01
1.067817600492817348e-01
1.303365866192178757e-01
1.764022784730379656e-01
6.709684085831740807e-02
2.692027117608753600e-02
7.907228048701749751e-03
2.133908738745213599e-02
1.370926259066086554e-02
3.259071793410592277e-02
3.515245824157120502e-02
4.797574349816839667e-02
3.192562373818547683e-01
3.192562373818547683e-01
1.636981537061000039e-02
2.125333207918684523e-03
7.143760161059193627e-03
3.096408505911493747e-02
5.295661077391920074e-02
5.801838224394375437e-02
1.295219673377909497e-01
3.192562373818547683e-01
3.192562373818547683e-01
1.669660766729161305e-02
3.943325169637467396e-03
1.165522022958630569e-02
3.192562373818547683e-01
2.147064378480657287e-01
1.066924518662246968e-01
1.302275780794499849e-01
1.762547423491692689e-01
6.704072362497008608e-02
2.689775609013063395e-02
7.900614745364912400e-03
2.132124019031107764e-02
3.192562373818547683e-01
6.575469030742352172e-02
1.252931535669719598e-01
1.089150795233124192e-01
3.192562373818547683e-01
3.192562373818547683e-01
6.024036098658518829e-02
3.345437397888405273e-02
8.533776400641401860e-02
