2.393171100709617638e-01
2.041850628067017892e-01
2.074375757751416027e-01
1.646701549297327483e-01
1.844396007916120628e-01
1.465463217952614194e-01
3.370452243118659402e-02
1.038462908759143349e-02
3.707971377798043727e-02
1.885185395727901614e-01
1.592440503980822319e-01
1.520462161328521022e-01
2.727517178728214309e-01
2.727517178728214309e-01
2.105079253463571498e-01
3.943003592253276762e-02
2.483482667598646554e-02
8.011773466558935741e-02
7.486260974459776896e-02
1.003365902845173852e-01
1.096855600021318239e-01
2.056789767693797677e-01
2.727517178728214309e-01
2.387658010516254536e-01
5.808465433076431123e-02
2.519631537657893161e-02
9.119606597172587314e-02
2.112741259690971984e-01
2.727517178728214309e-01
2.727517178728214309e-01
2.151986796944422298e-01
1.328722419595773918e-01
7.567812268543538945e-02
2.353476746647950243e-02
1.797368912105270708e-02
9.665275840090800652e-02
1.654648065929741618e-01
1.397702637624487487e-01
1.334526450429130706e-01
2.549677261228515124e-01
2.549677261228515124e-01
1.847651336184585602e-01
3.460817849884081920e-02
2.179780196698092448e-02
7.032022156096932874e-02
2.549677261228515124e-01
1.744930007864939903e-01
1.309981251390583412e-01
2.549677261228515124e-01
2.549677261228515124e-01
1.781235522654982528e-01
3.821606233656364704e-02
3.357021488961576400e-02
9.252559925802600338e-02
1.854376363767569758e-01
2.549677261228515124e-01
2.549677261228515124e-01
1.888822605744593930e-01
1.166234359084205863e-01
6.642352503813005182e-02
2.065672562431476733e-02
1.577570567285725700e-02
8.483319471774650178e-02
2.041603641757946119e-01
1.537018659315087799e-01
2.549677261228515124e-01
2.285012528838178958e-01
2.034509763856298670e-01
1.537178538911090631e-01
5.769081418034428810e-02
1.855614895893313229e-02
4.249099485003082072e-02
2.607743297410431427e-01
1.819173129594008065e-01
1.365718213372680012e-01
2.607743297410431427e-01
2.607743297410431427e-01
1.857023368093222160e-01
3.984207584728938212e-02
3.499855730981994706e-02
9.646236995817221438e-02
2.607743297410431427e-01
2.263346346261817243e-01
1.302705713859217407e-01
6.761332778017083156e-02
1.669536504343650252e-01
9.129696818444003881e-02
8.954664050832222832e-02
3.380365631664913884e-02
7.926909082133656859e-02
2.128469606016883675e-01
1.602415588079586228e-01
2.607743297410431427e-01
2.382235032071162439e-01
2.121073898449742923e-01
1.602582270217957072e-01
6.014543764405622800e-02
1.934567428073470652e-02
4.429889779675131450e-02
1.325447852537831317e-01
1.471106680620101470e-01
2.607743297410431427e-01
2.607743297410431427e-01
1.895395097688989394e-01
8.843139937281241370e-02
8.664223694420063182e-02
2.569018150715609780e-02
7.567094142583831451e-02
2.144776233770207541e-01
1.766674230218520103e-01
1.016838018642010760e-01
5.277615774794374576e-02
1.303170910410829664e-01
7.126262458899541852e-02
6.989639144268847137e-02
2.638573128696021855e-02
6.187416266989083369e-02
1.352321583597479449e-01
9.886162021290430257e-02
8.062180551935758943e-02
7.073250448606362151e-02
2.174938966900169246e-01
1.190064524537643165e-01
2.475035114893466698e-02
1.376756315443992094e-02
3.085689672703627318e-02
1.034589588307838481e-01
1.148284824744714161e-01
3.549502369060064666e-01
3.549502369060064666e-01
1.479466755364316766e-01
6.902588049422539451e-02
6.762933455174328923e-02
2.005268955557317628e-02
5.906559657305723854e-02
2.873205234674065106e-02
1.009563566400252937e-01
1.567160822973387158e-01
3.549502369060064666e-01
3.549502369060064666e-01
3.549502369060064666e-01
2.187644830728665835e-01
2.426949470027205472e-02
4.927149942418354578e-02
2.842044009102670174e-02
2.077679442997775600e-02
1.694350827188541644e-02
1.486516913297156704e-02
4.570859724503547467e-02
2.501043977579927441e-02
5.201542891809263561e-03
2.893396131335070759e-03
6.484896754311972669e-03
5.520003651457759952e-01
2.546138319344428136e-01
6.869470724017175123e-02
2.105446743254948960e-02
0.000000000000000000e+00
0.000000000000000000e+00
1.602432807598655907e-03
9.374790682871909225e-03
2.120523752020605501e-01
6.038338678589346038e-03
2.121702500719823900e-02
3.293550943987333390e-02
7.708285785115581712e-02
2.441695565000713553e-01
1.948515667843012944e-01
4.597562414612352960e-02
5.100485923870877458e-03
1.035491642346567445e-02
5.520003651457759952e-01
3.645197853960321366e-01
5.659663459765267024e-02
1.845777627177558680e-02
1.379014073717815467e-02
0.000000000000000000e+00
5.028623718536082870e-05
7.867772702972704660e-03
1.642792887078806108e-01
4.224379578401198931e-01
1.633960507540044016e-01
4.408418735725485454e-02
1.351150800830477373e-02
0.000000000000000000e+00
0.000000000000000000e+00
1.028346301420447707e-03
6.016184441311539337e-03
1.360826330517042049e-01
4.224379578401198931e-01
2.947335127085692341e-01
8.767341151861751669e-02
1.013102430274277488e-01
5.318170136606855530e-02
2.730684422851040183e-02
2.311686211820675185e-02
3.886560923865594978e-03
1.505123896408770180e-02
4.224379578401198931e-01
2.339271708174301689e-01
3.632036213022770549e-02
1.184510568650344771e-02
8.849694137500693086e-03
0.000000000000000000e+00
3.227072347539508557e-05
5.049069715218382562e-03
1.054247005812942312e-01
4.224379578401198931e-01
2.051543506709916642e-01
3.973049707404756326e-02
2.724214256738937551e-02
6.049975264649392649e-03
1.647557127967847618e-02
1.819541614180627404e-02
9.965484732032634310e-03
1.307268852989410535e-01
4.506361796756596094e-01
4.506361796756596094e-01
1.673779369507617243e-01
1.934121095117907196e-01
1.015295664215579291e-01
5.213169160907263344e-02
4.413256679647993563e-02
7.419861255563555379e-03
2.873442794942404274e-02
6.792825379482461678e-02
4.362315307300720924e-02
1.023340662722424244e-01
1.101097549368667827e-01
1.362143875310150853e-01
1.731037641761156987e-01
4.928786041693798692e-02
9.081620566014378046e-03
1.113646572740170128e-02
4.506361796756596094e-01
3.916616380838782163e-01
7.584977610766543976e-02
5.200816920509471891e-02
1.155005104580789088e-02
3.145363095962355054e-02
3.473699908585632656e-02
1.902517817283447266e-02
2.495716316535624701e-01
8.799965091697498423e-03
2.106361162718080673e-02
1.128176416902755379e-02
2.318587147732560291e-02
2.832616534415991968e-02
1.565763307781399896e-02
8.562248593149478920e-03
3.839972449627531911e-03
8.866047186577422079e-03
7.590913820030044390e-02
1.017392276924191929e-01
1.112188896591332354e-01
2.085542292173415968e-01
2.724405075047720559e-01
2.421035848385071354e-01
5.889663836129945679e-02
2.554854275831740587e-02
9.247092505576197385e-02
2.142275948040028299e-01
2.724405075047720559e-01
2.724405075047720559e-01
2.182070111258231637e-01
1.347297056875733645e-01
7.673605145835238339e-02
2.386376753655512079e-02
1.822494909159484699e-02
9.800389834024207658e-02
9.737307441691711585e-02
2.112596288370552633e-01
2.724405075047720559e-01
1.567966550629455169e-01
1.777756587329479276e-01
1.290682570191902523e-01
3.644456939754903840e-02
3.392044955802302891e-02
9.006372045441547736e-02
2.380409872961795070e-01
2.724405075047720559e-01
2.724405075047720559e-01
1.896550075123625279e-01
1.411501843640890486e-01
9.814278431154159488e-02
7.125458666304558542e-02
3.265321619248374996e-02
1.321228098490169478e-01
1.762101072190202233e-01
2.650102459385540454e-01
2.650102459385540454e-01
1.794833240862432622e-01
1.108201579096977779e-01
6.311823585290925187e-02
1.962882998389328670e-02
1.499069359588920888e-02
8.061182524228825697e-02
1.940011766985623720e-01
1.460535347879863000e-01
2.650102459385540454e-01
2.171308427838912203e-01
1.933270886277306810e-01
1.460687271735797987e-01
5.482007186295879964e-02
1.763277973939683316e-02
4.037660803201027770e-02
1.957975018687811153e-01
2.650102459385540454e-01
2.650102459385540454e-01
1.559982468129407218e-01
1.161012387014666442e-01
8.072606408213658935e-02
5.860952865213062135e-02
2.685847605948054814e-02
1.086758898211673680e-01
7.765960880226303875e-02
9.939727385375050905e-02
2.650102459385540454e-01
2.650102459385540454e-01
2.522833993615778425e-01
2.557015406271047619e-01
6.955421144945539424e-02
2.305749120785252973e-02
5.506354136998962284e-02
3.373243254548957681e-02
2.539541818306184293e-02
4.745533387872381825e-02
3.775416021900443453e-02
3.361522382147043991e-02
2.539805979653531748e-02
9.531975051519635603e-03
3.065943017824420552e-03
7.020582194569505510e-03
2.100597544447235440e-02
2.331440708899792241e-02
9.875852627188042021e-02
9.059933227673327982e-02
3.003861887391136298e-02
1.401479356723772489e-02
1.373124335460860004e-02
4.071433824198345160e-03
1.199248943976010708e-02
1.350325580499873133e-02
1.728294586937956928e-02
7.532662741729785616e-02
9.959356664444750373e-02
4.386639759682599282e-02
4.446073533040324072e-02
1.209390987158305911e-02
4.009178088881499777e-03
9.574308911873285338e-03
4.847408297382754250e-01
4.847408297382754250e-01
4.847408297382754250e-01
4.847408297382754250e-01
2.809907312323243339e-02
1.266364455312809015e-02
4.369939417637707171e-03
9.052733293821226337e-03
1.051025353031227461e-01
1.208105567706280886e-02
1.340869177270271467e-02
5.679846944642693435e-02
5.210591531125260273e-02
1.727595217070903785e-02
8.060254180335856694e-03
7.897177444619834022e-03
2.341582224812149837e-03
6.897177091885764617e-03
3.355084257951903692e-03
1.178882311696577770e-02
1.829996877140390235e-02
4.282957560021705135e-02
1.356680171301467563e-01
1.082654450425755560e-01
2.554545232269221644e-02
2.833984799786391090e-03
5.753505878688724116e-03
3.249478408311115007e-01
3.249478408311115007e-01
3.249478408311115007e-01
3.249478408311115007e-01
1.616047147027202188e-02
7.283174986340965398e-03
2.513260169680193740e-03
5.206450671208121689e-03
6.044706584342957739e-02
3.249478408311115007e-01
2.148929290353054911e-01
3.249478408311115007e-01
3.249478408311115007e-01
3.113359698516993679e-01
1.952032425687609263e-01
1.110673216649079170e-01
2.813814352807948033e-02
1.504448765613473071e-01
3.483771735442416258e-03
1.224099474452134198e-02
1.900188164103320393e-02
4.447234508742679837e-02
1.408716941642597087e-01
1.124180701186509312e-01
2.652527266937053721e-02
2.942685007319657039e-03
5.974187119852921585e-03
3.520043890300671441e-01
2.103068067173903266e-01
3.265298063382671145e-02
1.064906801314987120e-02
7.956112613937981609e-03
0.000000000000000000e+00
2.901224676404532012e-05
4.539249224408358624e-03
9.477963611885383000e-02
3.520043890300671441e-01
2.231353536189976394e-01
3.520043890300671441e-01
3.520043890300671441e-01
3.232775598482304225e-01
2.026904503265407609e-01
1.153274154085474346e-01
2.921740903484353058e-02
1.562153342242704190e-01
3.520043890300671441e-01
1.576412645247030064e-01
5.439201950679668079e-02
3.275350475697901692e-02
3.536893448266274949e-03
9.052359537170285089e-03
9.204605367071429928e-03
1.303475900637604372e-02
1.645838201299178738e-01
4.053838078016066548e-01
2.471401843737982273e-01
3.837186147304426365e-02
1.251415811622111872e-02
9.349555390043123512e-03
0.000000000000000000e+00
3.409348525746691333e-05
5.334258589863025320e-03
1.113794513402124459e-01
4.053838078016066548e-01
2.167421760915764495e-01
4.197461260199681493e-02
2.878087275332554679e-02
6.391698737421575537e-03
1.740616837922275700e-02
1.922315601189207579e-02
1.052836968635413074e-02
1.381107907324178596e-01
4.053838078016066548e-01
1.852507381366284012e-01
6.391830078727261943e-02
3.848999150752888121e-02
4.156349062394497709e-03
1.063780026882591746e-02
1.081671060967129283e-02
1.531768179254762614e-02
1.934092209697770848e-01
4.053838078016066548e-01
1.089347598827093283e-01
5.044483566180003181e-02
5.024774731284185891e-02
1.705799409947269807e-01
1.818236768171207773e-01
6.481796807340957367e-02
1.771381011730483249e-02
1.912545393261679549e-01
3.463798232685068590e-01
3.463798232685068590e-01
6.909290443066010146e-02
4.737516244478482547e-02
1.052114606039820759e-02
2.865166951588264677e-02
3.164254769374914844e-02
1.733037175226530280e-02
2.273392194324597992e-01
8.016044058070116371e-03
1.918721688849212015e-02
1.027675879271435638e-02
2.112042097329972987e-02
2.580280569626266715e-02
1.426281528267311915e-02
7.799503889349571582e-03
3.497898914057175155e-03
8.076239408675177714e-03
3.463798232685068590e-01
1.793136014171310411e-01
8.303543483413346193e-02
8.271101477127108803e-02
2.807855232087510533e-01
2.992934335017286562e-01
1.066945326202395211e-01
2.915806754770572037e-02
3.148172380503213019e-01
3.601304022112775116e-02
5.070976365290981447e-02
2.269658795469647536e-02
7.209977512566294322e-02
3.463798232685068590e-01
3.463798232685068590e-01
3.834455043706552074e-02
1.147416586937112515e-02
1.856872968574272559e-02
1.025529988005625531e-01
2.224979399332778773e-01
2.371545460229446955e-01
1.651377167136957591e-01
1.872327337509001599e-01
1.359342599228858806e-01
3.838329953218085067e-02
3.572490489459288071e-02
9.485481146655878881e-02
2.371545460229446955e-01
2.371545460229446955e-01
2.371545460229446955e-01
1.997440244585407254e-01
1.486589057033484151e-01
1.033636547069605727e-01
7.504509418386350050e-02
3.439025891987767397e-02
1.391513048253835427e-01
1.744497199654936326e-01
2.231826912779650285e-01
2.131386451078934596e-01
1.745645608167552820e-01
2.371545460229446955e-01
1.501074675823903803e-01
8.826856750572137367e-02
3.267288998884252532e-02
7.651390911787289695e-02
8.034465855067493556e-02
1.622553236532525145e-01
2.371545460229446955e-01
2.371545460229446955e-01
2.371545460229446955e-01
2.371545460229446955e-01
6.660048708055411881e-02
5.458458983953124594e-02
9.380783987547365588e-02
1.923186582583408799e-01
2.637462951384402232e-01
2.637462951384402232e-01
1.532265388034648179e-01
1.140384031261104381e-01
7.929175899883508793e-02
5.756818041062434360e-02
2.638126650913447807e-02
1.067449845680112502e-01
7.627978714318948972e-02
9.763122695457693290e-02
2.637462951384402232e-01
2.637462951384402232e-01
2.478009392509409603e-01
2.511583484908411212e-01
6.831840291374534357e-02
2.264781587902746710e-02
5.408519666571665052e-02
6.163355311598524289e-02
1.244684125756373300e-01
1.975684757884376697e-01
2.287173895439316706e-01
2.637462951384402232e-01
2.078136148847727627e-01
5.109019979767327052e-02
4.187263071218511046e-02
7.196135481756023300e-02
9.293170593957446324e-02
2.637462951384402232e-01
2.637462951384402232e-01
2.637462951384402232e-01
8.851301561921885719e-02
4.380721143036341719e-02
4.780881360476254421e-02
4.279441256371217112e-02
1.205342961231697096e-01
8.906096649551201519e-03
1.139899802865880669e-02
4.968181257551545355e-02
6.568711598284437958e-02
2.893216142142170100e-02
2.932415794242033621e-02
7.976560004692156980e-03
2.644260618363140480e-03
6.314752660631454788e-03
3.787840590749741998e-01
3.787840590749741998e-01
3.787840590749741998e-01
3.787840590749741998e-01
1.853279420994706495e-02
8.352329538478442741e-03
2.882201401513667834e-03
5.970746523778041638e-03
6.932056616863938037e-02
1.085030236584001197e-02
4.074551474321103789e-02
6.933856847401757839e-02
3.118726238193911260e-02
1.033439527522830338e-02
5.114739743751038278e-03
5.581949433932177629e-03
4.996489746854484298e-03
1.407306091249913536e-02
1.912092064995905560e-01
1.967844852831651947e-01
2.208865354093117739e-01
3.787840590749741998e-01
2.733019062138454802e-01
4.661565271138307792e-02
7.843329264547614643e-02
8.647665913021956863e-02
2.145516494545323116e-01
2.769121258816084064e-01
2.769121258816084064e-01
2.769121258816084064e-01
2.769121258816084064e-01
1.143135095314621458e-02
5.151862646779453020e-03
1.777792132428082867e-03
3.682860673483921016e-03
4.275813518283136383e-02
2.463557705597617387e-01
1.520077241354624575e-01
2.769121258816084064e-01
2.429050644395633618e-01
2.202281500425195826e-01
1.380799302235998505e-01
7.856512947119918822e-02
1.990393624537378781e-02
1.064194312795363889e-01
1.179411760691896766e-01
1.213801053377434880e-01
1.362466705497191732e-01
2.769121258816084064e-01
1.685773861567765597e-01
2.875334825483522733e-02
4.837902393369427484e-02
5.334031277607108323e-02
1.323392023192473399e-01
2.769121258816084064e-01
2.769121258816084064e-01
1.224409693513322933e-01
7.432926600610043066e-02
1.138453629418251095e-01
9.768103804242708743e-02
2.315683223074480046e-02
3.343296617627588424e-02
1.116722937772480773e-01
2.985076669861916887e-01
1.923356532549007070e-01
2.985076669861916887e-01
2.985076669861916887e-01
2.786550837758677845e-01
1.747127899716474642e-01
9.940860298936396444e-02
2.518448718228495989e-02
1.346527023582318461e-01
2.985076669861916887e-01
1.358818094064047355e-01
4.688420922108128830e-02
2.823249042183473626e-02
3.048690854371874630e-03
7.802849063769524973e-03
7.934080178312541420e-03
1.123555208912483359e-02
1.418660738715844249e-01
2.985076669861916887e-01
2.985076669861916887e-01
1.549247839824591799e-01
9.404895714707568743e-02
1.440487473646010208e-01
1.235959973044817445e-01
2.930038246244210179e-02
4.230279366614674019e-02
1.412991589491824629e-01
2.985076669861916887e-01
2.333275118421409278e-01
8.247186517044190202e-02
2.554108337888696956e-02
1.059003257096475040e-02
2.524118131585417063e-02
1.069140403518512548e-02
1.140344815206962605e-02
7.885557598966037862e-02
3.389259498109536417e-01
1.705309292341297689e-01
5.883942670328833752e-02
3.543162140143105848e-02
3.826090384097606458e-03
9.792532991215510338e-03
9.957227323777117015e-03
1.410055655416239499e-02
1.780411484789860554e-01
3.389259498109536417e-01
1.002789301438263281e-01
4.643654749772264945e-02
4.625511956050024076e-02
1.570258566261669986e-01
1.673761782342878812e-01
5.966760746979805213e-02
1.630629129991924969e-02
1.760576753409876238e-01
3.389259498109536417e-01
2.928247539839739511e-01
1.035017407011686180e-01
3.205392025080499446e-02
1.329043308177494352e-02
3.167754479840537152e-02
1.341765371613977929e-02
1.431126519687037427e-02
9.896331751507779495e-02
3.389259498109536417e-01
3.389259498109536417e-01
2.909544985738255485e-01
1.709550849972009678e-01
1.513955828807170279e-01
1.005965520999034385e-01
2.616001004119562073e-02
1.731059254487227368e-03
3.796854809461682606e-02
2.855072417579256339e-01
1.350832173433120509e-01
6.255350181051057279e-02
6.230910481264857748e-02
2.115255706131819180e-01
2.254682277731421824e-01
8.037672895630089409e-02
2.196579369735088966e-02
2.371628535419617878e-01
2.712988474347421269e-02
3.820144133416290833e-02
1.709813477285361885e-02
5.431528627350058064e-02
2.855072417579256339e-01
2.855072417579256339e-01
2.888629306246737888e-02
8.643891092008339216e-03
1.398847453904720171e-02
2.855072417579256339e-01
2.855072417579256339e-01
2.855072417579256339e-01
2.302892827984864554e-01
2.039411708697051462e-01
1.355110778685912620e-01
3.523948966178326592e-02
2.331866257175521477e-03
5.114647341289851878e-02
5.344620712264402419e-03
1.212921417733290284e-02
1.859249845478434110e-02
1.922403903794706881e-01
2.855072417579256339e-01
2.855072417579256339e-01
4.665610919007814883e-02
3.245663193318479040e-03
3.818373946893599893e-03
1.540316551972396031e-01
1.970607883791349324e-01
1.881923244070538015e-01
1.541330547661675099e-01
2.181287138899875022e-01
1.325384855519114446e-01
7.793737678389441037e-02
2.884876700320413226e-02
6.755851525223614817e-02
7.094090346069585606e-02
1.432645238514446695e-01
2.274035076544903278e-01
2.632562529842241150e-01
2.646709129734594601e-01
2.391957764241778028e-01
5.880538681282654334e-02
4.819586252651187480e-02
8.282831780615600159e-02
7.383469058708058697e-02
4.541321013254952937e-02
7.230473125777772681e-02
2.164657295804318649e-01
2.646709129734594601e-01
2.646709129734594601e-01
3.106661062831816283e-02
2.014158346445862197e-02
3.854087147036418942e-02
7.090168291286601254e-02
2.044021990927380461e-01
1.936138500351317904e-01
2.646709129734594601e-01
2.646709129734594601e-01
2.646709129734594601e-01
1.302407193127356477e-01
1.725516534835110430e-02
3.012336562750439484e-02
1.058112840853276705e-02
2.136849475139982954e-02
3.391817128993924318e-02
3.926575616165600691e-02
5.065766457520821942e-02
3.567703682439250790e-02
8.771066037024695047e-03
7.188611721523349013e-03
1.235418529812308368e-02
1.595433435291613439e-02
5.991239171743906189e-02
1.019557490369902841e-01
4.585789361594984348e-02
1.519574220118284115e-02
7.520736772908829908e-03
8.207724043746528544e-03
7.346861435235429831e-03
2.069309329791969854e-02
1.057527850202473127e-02
3.048743122907961178e-02
2.887830446122205061e-02
4.931696265722002731e-02
8.402078663156575811e-02
6.161713869949892591e-02
1.942594057645810959e-02
2.573679095622517874e-03
4.493024253326583645e-03
4.892391752424236073e-01
4.892391752424236073e-01
4.892391752424236073e-01
4.892391752424236073e-01
3.502110150815803541e-02
1.631624986780247366e-02
1.057179572956433271e-02
6.916814008016809734e-03
2.828354171402131662e-02
8.113953880175986053e-03
3.046986307877420919e-02
5.185200630784880804e-02
2.332211583454896209e-02
7.728153909028812919e-03
3.824848468790679502e-03
4.174232085088417157e-03
3.736420055572417173e-03
1.052396176132600232e-02
1.429879675876306877e-01
1.471572113002731774e-01
1.651809415657939928e-01
3.557426801577626141e-01
2.043776281631433656e-01
3.485960514660555593e-02
5.865312299492499160e-02
6.466802493019549458e-02
1.604436567657795132e-01
2.566443443628128596e-01
3.557426801577626141e-01
3.557426801577626141e-01
3.557426801577626141e-01
1.781080903686948699e-02
8.298014570603421541e-03
5.376536625274356065e-03
3.517709270556028476e-03
1.438426373417805125e-02
8.452951765895333480e-02
5.026898699915773733e-02
1.035444724969391689e-01
3.557426801577626141e-01
3.557426801577626141e-01
4.524787845502586947e-02
1.189956789723171406e-02
1.154315952527298905e-02
3.588653926253659171e-02
1.507899776715501683e-01
1.551867124244329377e-01
1.741938913510815423e-01
3.103271018065306697e-01
2.155293099637757004e-01
3.676168820620696887e-02
6.185347799528069512e-02
6.819657765476885847e-02
1.691981208588534125e-01
3.103271018065306697e-01
3.103271018065306697e-01
1.565430467111773860e-01
9.503134303856194953e-02
1.455534047408221510e-01
1.248870160215337505e-01
2.960643883158653455e-02
4.274466637721878459e-02
1.427750955724187976e-01
8.914179490360908675e-02
5.301186914576553472e-02
1.091942836816470475e-01
3.103271018065306697e-01
3.103271018065306697e-01
4.771678832162511846e-02
1.254885713670278111e-02
1.217300166189387405e-02
3.784465606024330769e-02
1.151104267976547496e-01
1.575194924356419501e-01
2.009869440499427451e-01
3.103271018065306697e-01
1.489241628259083405e-01
1.142985775836978107e-01
1.590607708368604878e-01
2.469963510053833564e-02
1.989326488467601031e-02
2.870304198975693333e-01
2.870304198975693333e-01
1.851949682990063628e-01
1.124248373286698410e-01
1.721939028471989597e-01
1.477449651004782982e-01
3.502527653609701502e-02
5.056818109133822542e-02
1.689070824538498328e-01
2.870304198975693333e-01
2.789165170873095234e-01
9.858573988735841453e-02
3.053146181705050297e-02
1.265918012502966622e-02
3.017296299182410310e-02
1.278035818718427710e-02
1.363152598786908885e-02
9.426287725054043054e-02
1.361789762595354003e-01
1.863501319347413421e-01
2.377733889421332625e-01
2.870304198975693333e-01
1.761816075062432874e-01
1.352185350735418401e-01
1.881735090227077134e-01
2.922038529044813232e-02
2.353430980858927171e-02
1.469268301618221750e-01
3.451265174690874155e-02
3.307952034807497971e-02
3.252943496517539650e-03
4.632313093017792482e-02
1.066807956861058337e-01
2.870304198975693333e-01
2.083020689998221486e-01
2.860755439309904946e-01
3.025508463172776330e-01
2.465804453723964840e-01
8.715624267308093309e-02
2.699180934617073646e-02
1.119154328283138849e-02
2.667487293482821015e-02
1.129867261617988408e-02
1.205116062790206020e-02
8.333454933845275969e-02
3.025508463172776330e-01
3.025508463172776330e-01
2.450055497881940547e-01
1.439570269376637957e-01
1.274864564769133957e-01
8.470985557825908008e-02
2.202869408799166401e-02
1.457681962095424546e-03
3.197237040904767069e-02
1.298929285249739440e-01
3.051144165862086644e-02
2.924445975919117216e-02
2.875814829895676893e-03
4.095267779437941624e-02
9.431280150657841976e-02
2.689473936943080346e-01
1.841526542864778682e-01
2.529094933828275882e-01
3.025508463172776330e-01
2.868602801000246227e-01
1.389766014898379497e-02
2.816098561346544286e-03
1.720127495829431100e-02
2.798153187074710613e-01
1.747350694641828794e-01
4.969124527881791514e-02
2.396887004482042005e-01
3.113480751860506768e-01
3.113480751860506768e-01
3.113480751860506768e-01
1.858981040892145609e-01
1.646289247580301207e-01
1.093895996927504721e-01
2.844663128735073696e-02
1.882369474301004561e-03
4.128734226258898299e-02
4.314377314533154179e-03
9.791154378778709616e-03
1.500855867465829448e-02
1.551836180417726641e-01
3.078758430841832539e-01
2.634821025739254030e-01
3.766255266948060482e-02
2.620020466510466356e-03
3.082333961899145439e-03
3.113480751860506768e-01
3.113480751860506768e-01
1.794666594560226369e-02
3.636553175756930111e-03
2.221277050997208513e-02
3.113480751860506768e-01
2.256431576997942889e-01
6.416851253231567465e-02
3.095206669155731727e-01
8.874013286917647667e-03
9.774793454321291028e-03
4.779318534048951177e-03
1.072399820702588276e-02
7.756258297167825319e-03
9.073144765170359366e-03
2.834463703765312259e-03
2.024283207090837085e-03
5.671128739497918736e-03
5.926347800537543065e-02
3.645095223456880362e-02
5.803545483171124175e-02
1.737464043243674150e-01
2.763047139676384489e-01
2.763047139676384489e-01
2.493564178347148705e-02
1.616665931892237798e-02
3.093486368711877155e-02
5.690929686899740686e-02
1.640636011861672794e-01
1.554043235213451446e-01
2.653919391342408618e-01
2.763047139676384489e-01
2.763047139676384489e-01
1.045378255535772682e-01
1.384987333149404615e-02
2.417854537100019158e-02
7.878007338060155629e-02
8.980495856153858369e-02
1.577025472662126060e-01
1.527372640556814709e-01
1.524586172012818708e-01
2.086456079655684692e-01
5.576374336681131499e-02
8.181686185876311385e-03
1.455093040539288257e-02
2.763047139676384489e-01
2.763047139676384489e-01
2.763047139676384489e-01
2.763047139676384489e-01
1.545686923517649025e-01
1.253818498100122969e-01
6.189463378287218820e-02
5.422294697602764169e-02
1.831590278782878056e-01
5.881251809259564409e-03
1.695503906033033609e-02
1.606015201664837827e-02
2.742674585822301239e-02
4.672665625758214841e-02
3.426726855358405710e-02
1.080338906819230081e-02
1.431305552348852541e-03
2.498714999691482776e-03
2.806440335272716302e-01
3.532119983068646163e-01
3.532119983068646163e-01
3.532119983068646163e-01
1.947635861955624922e-02
9.073990253492805400e-03
5.879314927707929642e-03
3.846662278555813223e-03
1.572938536285436312e-02
3.968948825690794130e-02
4.792923898481329242e-02
6.167384598135607077e-02
4.511665422293054117e-02
1.597379429307149365e-02
1.295750029632086221e-02
6.396457994498293970e-03
5.603632842982376495e-03
1.892844268610589797e-02
3.488703055822578447e-01
3.532119983068646163e-01
3.144772633667332062e-01
2.663189090273732629e-01
2.989432492994301138e-01
3.104327010294049508e-03
1.854720703477187246e-02
1.124948430834902258e-01
1.102609461043800587e-01
2.237008555194015813e-01
3.329959762127304157e-01
3.329959762127304157e-01
3.329959762127304157e-01
1.552457050605362057e-02
7.232861348124119093e-03
4.686391378665982071e-03
3.066167599545730621e-03
1.253786484693944318e-02
7.367910430248365838e-02
4.381633823151050156e-02
9.025325354189531191e-02
3.329959762127304157e-01
3.329959762127304157e-01
3.943975132574102649e-02
1.037211057789298729e-02
1.006145164668064383e-02
3.128005627628881180e-02
2.780838945449461974e-01
3.329959762127304157e-01
2.506692623119750607e-01
2.122823244864309455e-01
2.382871275741331174e-01
2.474453489307060737e-03
1.478394544514964604e-02
8.966943755407566496e-02
8.788880228067125211e-02
4.516923821713862697e-02
1.600315430080913662e-02
4.693589727060368255e-03
1.657402014483142644e-02
2.192993060375006062e-02
2.646841690321073345e-02
2.399559205713729451e-02
1.235576690518073312e-02
5.846525494395927308e-02
1.479542054386610017e-01
8.798711072355190621e-02
1.812365736861299981e-01
3.963581535795017707e-01
3.963581535795017707e-01
7.919853431092387097e-02
2.082812208158667244e-02
2.020429127141222872e-02
6.281313971237982574e-02
1.910559659805843025e-01
2.614449413949707091e-01
3.335905861286391771e-01
3.963581535795017707e-01
2.471787359156367991e-01
1.897084891262436068e-01
2.640030974367987282e-01
4.099552729307961996e-02
3.301809440538749918e-02
9.070385442322849434e-02
3.213575954137504881e-02
9.425146319251192020e-03
3.328210901405099370e-02
4.403725436837920698e-02
5.315093918699768938e-02
4.818528659453745477e-02
2.481148070878076359e-02
1.174034405397983427e-01
1.151598110344251719e-01
1.402218041346588728e-01
1.777810433181808633e-02
2.238119897909564976e-02
1.665149947888340184e-02
1.842589070292119380e-02
8.329165812837147770e-03
5.962821040271593445e-03
5.535218129335976733e-02
1.298537227943391548e-01
1.776945240712076435e-01
2.267292689637942782e-01
2.879814718258673634e-01
1.679983081894760866e-01
1.289378922678371120e-01
1.794332087744843762e-01
2.786315417893994381e-02
2.244118604781082660e-02
1.401023594018116492e-01
3.290960496207170904e-02
3.154303978069341458e-02
3.101850481365030481e-03
4.417150993490456812e-02
1.017256763929676316e-01
2.879814718258673634e-01
1.986268355685059106e-01
2.727878810680476884e-01
7.826989386257840464e-02
9.530361007242504900e-02
1.208312454345104175e-02
1.521167890842926168e-02
1.131741260391074845e-02
1.252340114738458368e-02
5.661028081573512075e-03
4.052710452990337248e-03
3.762084459828057836e-02
2.879814718258673634e-01
2.879814718258673634e-01
2.879814718258673634e-01
2.879814718258673634e-01
2.655168457364052159e-01
6.373789685624615953e-02
3.501706440157949241e-02
1.715216471443742341e-02
2.879814718258673634e-01
9.466156480514245630e-02
2.223570478134649989e-02
2.131237130552339487e-02
2.095796399227530405e-03
2.984492386921140314e-02
6.873197388919445594e-02
1.959997470722435464e-01
1.342042143150757594e-01
1.843118687796101718e-01
2.732256232249447025e-01
2.090540516952691108e-01
1.012814378559442202e-02
2.052277206232369210e-03
1.253570631354719925e-02
2.039199225553389450e-01
1.273409976173923153e-01
3.621329573999605700e-02
1.746770028837688893e-01
2.400946780570738792e-01
2.110074861390334733e-01
2.732256232249447025e-01
2.732256232249447025e-01
1.793991208060178311e-01
4.306514950613325732e-02
2.365963089621673371e-02
1.158903218044735235e-02
2.732256232249447025e-01
2.732256232249447025e-01
2.079045833187365688e-01
1.978172086590551382e-01
2.732256232249447025e-01
2.431539497947330652e-01
3.940060195733288695e-02
2.212731819306481759e-02
4.370713392386901125e-02
1.738844864760686892e-01
3.076726301523577400e-01
3.054676901202450501e-01
1.479914243375200604e-02
2.998766934151788407e-03
1.831704872769845255e-02
2.979657519543223998e-01
1.860693925056929876e-01
5.291450565838633213e-02
2.552362901141502216e-01
7.317670423585461055e-03
8.060469896162268319e-03
3.941111732733468265e-03
8.843201149791682716e-03
6.395949623215956004e-03
7.481877809995726367e-03
2.337349578048069764e-03
1.669260217958788923e-03
4.676514413895369905e-03
3.076726301523577400e-01
3.037880984213600088e-01
2.890485274267638460e-01
3.076726301523577400e-01
3.076726301523577400e-01
5.757176563503098310e-02
3.233221610477948760e-02
6.386442708588080386e-02
2.540782730631558906e-01
1.025534582056590767e-02
1.716324153581754927e-02
5.364156417030759710e-02
1.772129963547986742e-01
2.021169363681332432e-01
1.048812019517810362e-01
1.915856756160898289e-02
5.955109621370288436e-04
7.422121738917843853e-03
2.939393332018799473e-02
3.350747023333065094e-02
5.884099823532624313e-02
5.698838249960468810e-02
5.688441551015379488e-02
7.784855769885770660e-02
2.080622273971802910e-02
3.052700103901770639e-03
5.429153080582577000e-03
1.432947464582048080e-01
1.730435047135724380e-01
2.226669708058687525e-01
1.628889615827208148e-01
5.767171368864414116e-02
4.678169967006935021e-02
2.309374262069655015e-02
2.023133032813221460e-02
6.833916270215760480e-02
6.229111790371184842e-02
6.736282571564697341e-02
5.158740450719314502e-02
7.272558383510718816e-02
7.334918104967234898e-02
4.378082920252068799e-02
1.949924172258372945e-02
3.517164922477547615e-03
1.918177838188326462e-02
6.125122727776870502e-01
6.125122727776870502e-01
2.478499604880287921e-01
5.617292051589060226e-02
2.961508053543241217e-02
1.677178319397491096e-02
5.684886089175277511e-03
1.280647378367273659e-02
5.576097528287875943e-02
3.462987068493456055e-02
4.181921765601308988e-02
5.381166159544029798e-02
3.936518131359527384e-02
1.393745434902483177e-02
1.130567763325831740e-02
5.581037270051934437e-03
4.889281500991816271e-03
1.651544404513593037e-02
2.927602337306824953e-01
2.927602337306824953e-01
2.743876890840643568e-01
2.323685637081904232e-01
2.608339517597986212e-01
2.708587277174623244e-03
1.618280833008898037e-02
9.815399592674843576e-02
9.620487622509578396e-02
2.927602337306824953e-01
2.927602337306824953e-01
5.989760471414080217e-02
1.357524278831659381e-02
7.157041235737676178e-03
4.053216866066440896e-03
1.373859649377613158e-03
3.094925264325336031e-03
1.347568847456066810e-02
2.927602337306824953e-01
2.927602337306824953e-01
2.365051834730221292e-01
2.691135656555914135e-01
2.904825302429349110e-01
2.098400864290938528e-01
1.027346831874434083e-02
2.208128662743964049e-03
1.776445564865441334e-02
3.020358709299441613e-01
3.020358709299441613e-01
3.020358709299441613e-01
2.761125599964608379e-01
3.020358709299441613e-01
3.218485991133093228e-03
1.922926477078975085e-02
1.166317450894560764e-01
1.143156984522754188e-01
5.875097715929389341e-02
2.081507215781982709e-02
6.104884512862802232e-03
2.155758913368613014e-02
2.852394467695403696e-02
3.442708839692517481e-02
3.121072075857365957e-02
1.607096793933528167e-02
7.604491449053352170e-02
3.020358709299441613e-01
3.020358709299441613e-01
2.810279093654657889e-01
3.020358709299441613e-01
3.020358709299441613e-01
2.493430373248610998e-01
1.220747588341293370e-02
2.623814719780477329e-03
2.110866137750573232e-02
2.348565001371483857e-02
4.708496269569464876e-02
6.326123592543991814e-02
3.886469567486059568e-02
2.975973855980870372e-02
4.007824907996138109e-02
3.028136461385147471e-02
5.911654088479473441e-03
5.422021016056172843e-03
2.613594789800897655e-01
1.208953654000248790e-01
3.545758757459935295e-02
1.252079548752121907e-01
1.656690252248272655e-01
1.999548884504641910e-01
1.812740048123432923e-01
9.334128301967530017e-02
2.613594789800897655e-01
2.613594789800897655e-01
2.613594789800897655e-01
6.688158145282623035e-02
8.419851490314754494e-02
6.264327162910417190e-02
6.931856664170392424e-02
3.133448715048656186e-02
2.243225113601112625e-02
2.082360049568262594e-01
1.364062645825842857e-01
2.613594789800897655e-01
2.613594789800897655e-01
2.257288155980702871e-01
1.728466007765268597e-01
2.327772169309951233e-01
1.758762406416946034e-01
3.433529202908772865e-02
3.149146959341514451e-02
7.381790025405744748e-02
2.613594789800897655e-01
2.613594789800897655e-01
1.573829401967339614e-01
7.647575215912097435e-02
9.035462397453838945e-02
6.721300268340923978e-02
2.679649153812982063e-02
1.079290189049247201e-01
8.427431070745354524e-02
1.026147558202523125e-01
1.301007247920274099e-02
1.637863157144128778e-02
1.218561951624711100e-02
1.348412457619756720e-02
6.095309651342737702e-03
4.363611128977725948e-03
4.050689978344478026e-02
3.139585184738911683e-01
3.139585184738911683e-01
3.139585184738911683e-01
3.139585184738911683e-01
2.858857735892641472e-01
6.862750233102164754e-02
3.770337252051061266e-02
1.846798030655081788e-02
3.139585184738911683e-01
1.435935292955401593e-02
5.511674045436374542e-02
8.403773021416777178e-02
3.061475842035453476e-02
1.487636890275215694e-02
1.757614250747027013e-02
1.307454186131615410e-02
5.212560611254505975e-03
2.099478403561250844e-02
3.139585184738911683e-01
2.455400232809831773e-01
1.457866015179601071e-01
1.447726593474879531e-01
3.139585184738911683e-01
2.229914578857669916e-01
3.630974372866283689e-02
1.979542518177328583e-02
1.880413777423464161e-01
1.658569091572072995e-01
1.457635368816174171e-01
3.023424482482091058e-01
3.023424482482091058e-01
1.239285432030004241e-01
2.974931659160885353e-02
1.634402429908944979e-02
8.005679564107179291e-03
2.313173975894044776e-01
3.023424482482091058e-01
1.436200580033921981e-01
1.366517203621563925e-01
1.895191587052940385e-01
1.679702477733991117e-01
2.721785469156970047e-02
1.528550583935629238e-02
3.019279810529501215e-02
1.201190451645633844e-01
2.163853034269484499e-01
1.064390753034161197e-01
6.319699269329294433e-02
6.275745918835108628e-02
2.096062592340474651e-01
9.666450406238086268e-02
1.573990054794544360e-02
8.581113267936597844e-03
8.151400369776645727e-02
1.954536153322734837e-01
9.490325308144680061e-02
1.223133734535949285e-01
2.545732835318396670e-01
3.023424482482091058e-01
2.918758589430310302e-01
8.344563215236125084e-03
2.447785930017859490e-02
2.379194813494897587e-01
3.788522609907850613e-01
1.438427369331518602e-01
1.368635950770332177e-01
1.898130029218758896e-01
1.682306809992703822e-01
2.726005522286965160e-02
1.530920559361389523e-02
3.023961120411981437e-02
1.203052864235689273e-01
4.855874929570442797e-03
8.126742456290914074e-03
2.539911683087126004e-02
8.390981262354349490e-02
9.570175217138063295e-02
4.966092885132612073e-02
9.071523236430944007e-03
2.819726220764343810e-04
3.514351978648550413e-03
1.957566607598057451e-01
9.505039795188256757e-02
1.225030169579534728e-01
2.549679923706352769e-01
3.857787783092495038e-01
2.923284043938244592e-01
8.357501229827630704e-03
2.451581154436751481e-02
2.382883689283725737e-01
0.000000000000000000e+00
0.000000000000000000e+00
0.000000000000000000e+00
9.996708173514407686e-03
3.857787783092495038e-01
3.857787783092495038e-01
1.630381804988575772e-03
0.000000000000000000e+00
0.000000000000000000e+00
2.341751506712327208e-02
2.532415598317850486e-02
1.939359675946660672e-02
2.734021338092692058e-02
2.757464643750601532e-02
1.645881888146506072e-02
7.330479885461705682e-03
1.322231248008594448e-03
7.211133776188083204e-03
4.299346226552351324e-01
4.299346226552351324e-01
9.317588734056846123e-02
2.111746035090503876e-02
1.113339458323049473e-02
6.305128224774221059e-03
2.137157112093002621e-03
4.814423032982765790e-03
2.096259503421902051e-02
1.375199696708443928e-02
2.307107647729605276e-02
2.295667810941321579e-02
3.471172709175648213e-02
2.527865590041886157e-02
1.875876026529036539e-02
2.873179659290926551e-03
2.460108293454281187e-03
8.953765933915254840e-03
4.299346226552351324e-01
4.299346226552351324e-01
4.299346226552351324e-01
1.571352299243524916e-02
1.381532965672899876e-02
7.665081515108679300e-02
8.226596598721002546e-03
3.762712029471246972e-02
2.263519554174582837e-01
2.920042071769854419e-01
2.920042071769854419e-01
5.243754887455068237e-02
1.188448954834727712e-02
6.265654551417605862e-03
3.548401618526405513e-03
1.202749807021979327e-03
2.709462182764505508e-03
1.179733440719993483e-02
2.920042071769854419e-01
2.920042071769854419e-01
2.070492163524417506e-01
2.355963284210955966e-01
2.543038565483902169e-01
1.837051721931012016e-01
8.993940569849244795e-03
1.933113272668098362e-03
1.555194929332769614e-02
2.920042071769854419e-01
2.920042071769854419e-01
2.920042071769854419e-01
8.843260347985349226e-03
7.774994634017685924e-03
4.313756466915060622e-02
4.629766064259657928e-03
2.117580004632285684e-02
1.273864093364551753e-01
9.406583233912256536e-02
1.237698482626784086e-01
1.656479362690838897e-01
2.901312654641787225e-01
2.018107356808618302e-01
5.489590331478040597e-02
5.378531471603145014e-02
1.699754378566399257e-02
3.901541178684183458e-02
3.020622850092139489e-01
3.020622850092139489e-01
3.020622850092139489e-01
3.020622850092139489e-01
3.020622850092139489e-01
3.020622850092139489e-01
1.632172687005244149e-02
3.508111555810600191e-03
2.822285367478856444e-02
3.140095205187721367e-02
6.295387417885103809e-02
8.458199091262973146e-02
5.196315386989209389e-02
3.978957887251351189e-02
5.358570773847605440e-02
4.048700707664844994e-02
7.904042105337735075e-03
7.249389386711726189e-03
1.707056891603453419e-01
2.246109636151545907e-01
3.006090991345253260e-01
3.020622850092139489e-01
3.020622850092139489e-01
9.962217709024408230e-02
9.760673973739544818e-02
3.084624197555877953e-02
7.080310237341617963e-02
6.167927761071352599e-02
2.141089707105549855e-01
4.600910110998290836e-02
1.753632594623627181e-02
1.930002637957426923e-02
1.085446351893220793e-02
3.342119471775781259e-04
3.111402952161273095e-03
5.949536408384599635e-03
1.361715503214091794e-01
2.730021252702938828e-01
2.943094809448283389e-01
2.253404040222444782e-01
1.725491836284065994e-01
2.323766771709075141e-01
1.755736103922204139e-01
3.427621129166338876e-02
3.143728222129147515e-02
7.369088179216606860e-02
2.828540551595846719e-01
2.943094809448283389e-01
1.571121313695669486e-01
7.634416033142327196e-02
9.019915077193413344e-02
6.709734926885037309e-02
2.675038281480466087e-02
1.077433054407437168e-01
2.674747836014524927e-01
2.943094809448283389e-01
1.995204036071988596e-01
7.604701561581440894e-02
8.369537678376244572e-02
4.707083794269273369e-02
1.449324176793137520e-03
1.349272986915952925e-02
2.580041506655422062e-02
2.943094809448283389e-01
6.907480773498923809e-02
9.252165605054947506e-02
8.720577927708020316e-02
1.117116359727834962e-01
5.349084317331209010e-02
3.764880335421844776e-02
2.205044728784651825e-02
2.943094809448283389e-01
1.761388872367658509e-02
6.760890535511608623e-02
1.030848141865873674e-01
3.755356879685760318e-02
1.824808595143134760e-02
2.155976107258188168e-02
1.603787626002912622e-02
6.393983282010472051e-03
2.575323495390859432e-02
2.868303376056978715e-01
2.868303376056978715e-01
1.788290175147943806e-01
1.775852661667666199e-01
2.868303376056978715e-01
2.735322924925353005e-01
4.453931794555764795e-02
2.428204238033512471e-02
2.306608047904144532e-01
1.219466241832808245e-01
1.651053627618278424e-02
2.211489555520427738e-02
2.084427346900447411e-02
2.670176115837515074e-02
1.278559485890852672e-02
8.998967263427193330e-03
5.270585931253087171e-03
9.429175461748645626e-02
2.822519589721840805e-01
2.868303376056978715e-01
2.868303376056978715e-01
2.868303376056978715e-01
2.868303376056978715e-01
2.868303376056978715e-01
1.199583814416683714e-01
3.342500578546354906e-02
8.898891949980543281e-02
2.515258130133751213e-01
1.237245530453590092e-01
7.346004888241959574e-02
7.294913607814756951e-02
2.436458665702994630e-01
1.123626123806199667e-01
1.829602666804124728e-02
9.974667674259484612e-03
9.475170322266238121e-02
2.271948636264499721e-01
1.103153380145509704e-01
1.421768031982369174e-01
2.959154392546233803e-01
3.258198370090431006e-01
3.258198370090431006e-01
9.699702399901422023e-03
2.845301119714426993e-02
2.765570952851419406e-01
1.159445094056953396e-01
1.267108834684907148e-01
2.141760962161258774e-01
2.069141803546342417e-01
1.443496447540524863e-01
1.608570892146226616e-01
4.927695005555724622e-02
1.373044818463075613e-02
3.655519930320367400e-02
1.628058878284143751e-01
7.074932428512313576e-02
6.874671158558792738e-02
7.380649026754679265e-02
1.583031770050031817e-01
2.059604466597317884e-01
9.238962883400912707e-02
9.113057822621252468e-02
2.705235751715549530e-01
1.908210664711001980e-01
9.265390120204207436e-02
1.194143599053653498e-01
2.485395083432574426e-01
3.784091124231323544e-01
2.849579558095848841e-01
8.146784336835671131e-03
2.389769669212333039e-02
2.322804266791383687e-01
0.000000000000000000e+00
0.000000000000000000e+00
0.000000000000000000e+00
9.744662109919186022e-03
3.784091124231323544e-01
3.784091124231323544e-01
1.589275141777842524e-03
0.000000000000000000e+00
0.000000000000000000e+00
1.367407372125799547e-01
5.942238876664984043e-02
5.774039347435228064e-02
6.199010382778089717e-02
1.329589083999929422e-01
1.729862702666253582e-01
7.759809013095252117e-02
7.654061296845884876e-02
2.272128704665010435e-01
2.600725032179518892e-01
1.396560936085256832e-01
4.744739923690544092e-02
7.799592860720180876e-02
2.399284685830269936e-01
1.124879512549256805e-01
3.465234559993715657e-02
1.583449521273023672e-02
7.641826047608928085e-02
1.454908483711270933e-02
2.440831318935780814e-02
2.428728410801505103e-02
3.672367464226825723e-02
2.674384746765597412e-02
1.984604819154717897e-02
3.039713775049846228e-03
2.602700128251935873e-03
9.472740613307531823e-03
4.092361380629163659e-01
4.092361380629163659e-01
4.092361380629163659e-01
1.662430406682461476e-02
1.461608839134608331e-02
8.109361972201187263e-02
8.703423373490613499e-03
3.980804872589206039e-02
2.394716789348702579e-01
2.424482342898286093e-03
2.286053908320039019e-02
1.742126805348469254e-02
3.177789830257567866e-02
4.645014194892836679e-02
4.361363329541451117e-02
1.072284570173779282e-02
2.344801809862801477e-03
3.244718251246914067e-03
3.273043476716474554e-01
4.092361380629163659e-01
2.857552349969667560e-01
1.028200359619331622e-01
9.800590006224244033e-02
1.278510541357804620e-01
4.691791349519527227e-02
3.885992634902615123e-02
1.581704337804540894e-01
2.905278602370738872e-01
2.905278602370738872e-01
2.905278602370738872e-01
9.365029719341977019e-03
8.233734273342764587e-03
4.568276396370787168e-02
4.902931167832271647e-03
2.242521298265698348e-02
1.349024525267930597e-01
9.961589739142008570e-02
1.310725073928752649e-01
1.754214831480166992e-01
2.905278602370738872e-01
2.137179572875637923e-01
5.813486720767683386e-02
5.695875174528225449e-02
1.800043156535862873e-02
4.131739613200228339e-02
1.843815495008748473e-01
2.602601020329555204e-01
1.609755366267974774e-01
5.792198510426065095e-02
5.521002040532774907e-02
7.202279968038891034e-02
2.643043898173516940e-02
2.189110375310784548e-02
8.910272617253085781e-02
2.905278602370738872e-01
2.905278602370738872e-01
9.725670656770142586e-02
2.030138993288867766e-01
2.905278602370738872e-01
1.345201476231981108e-01
6.945339974670501626e-02
5.838115566741202550e-02
2.250036488850841732e-01
1.179237860321675768e-01
1.551616430835707217e-01
2.076612868617688512e-01
3.231677604884999888e-01
2.529960711730865341e-01
6.881917265343052981e-02
6.742690503582748907e-02
2.130863743624572190e-02
4.891090587410797802e-02
4.260815190964389876e-02
1.479068481772915777e-01
3.178316681484297246e-02
1.211412436718422095e-02
1.333249168434159741e-02
7.498282217754417139e-03
2.308741925486924840e-04
2.149362553733521423e-03
4.109950065893381264e-03
3.231677604884999888e-01
3.231677604884999888e-01
1.151310117743389871e-01
2.403247699706776153e-01
3.231677604884999888e-01
1.592429072139232848e-01
8.221787952936181199e-02
6.911072519061127462e-02
2.663559014413590664e-01
6.328492040568902202e-03
4.818658882999981262e-03
2.374932256267941327e-02
2.507584997656670325e-02
3.231677604884999888e-01
3.231677604884999888e-01
1.043685452898711757e-01
1.597895726960027333e-03
5.350359430505906809e-03
5.224106230631351405e-02
1.813458346549750577e-01
3.896874948688768686e-02
1.485290249608929580e-02
1.634671999520472332e-02
9.193504317171991708e-03
2.830705519317810526e-04
2.635293436959314142e-03
5.039133307717497644e-03
9.964544297166184894e-02
1.349114591698132894e-02
1.807059915458070903e-02
1.703234408621026943e-02
2.181863447692384758e-02
1.044740903575430528e-02
7.353266933441088976e-03
4.306719217176390238e-03
7.704800129041093626e-02
7.759246345569375224e-03
5.908068002421299966e-03
2.911860252377798663e-02
3.074503310511079307e-02
4.790184045519578770e-01
4.790184045519578770e-01
1.279643315408239834e-01
1.959150221021838632e-03
6.559976151112235053e-03
2.737425020603098322e-02
1.429606319534750675e-02
3.318559823533826642e-02
7.193964392663997065e-02
4.790184045519578770e-01
4.790184045519578770e-01
1.780287623982644910e-02
5.239394744322234572e-03
3.492706421115915338e-02
6.019780546680342931e-02
8.150271133479380925e-03
1.091681044446151175e-02
1.028957978777748396e-02
1.318107356065123525e-02
6.311488794779285434e-03
4.442255653684536176e-03
2.601775233308539770e-03
4.654623889428854272e-02
1.393310280840166226e-01
1.522690272578928194e-01
2.573763589994390588e-01
2.486496826951659356e-01
1.734656044536832809e-01
1.933026732335703934e-01
5.921632811487211046e-02
1.649994011294639296e-02
4.392854415304730392e-02
1.653733216049723884e-02
8.636537763391759215e-03
2.004808375871753451e-02
4.346017802016858417e-02
3.434140006163385883e-01
3.434140006163385883e-01
1.075507367596758440e-02
3.165223177061882512e-03
2.110013819204807975e-02
3.020223805791515947e-01
3.434140006163385883e-01
3.434140006163385883e-01
2.113095504526270874e-01
2.579948249578111197e-01
8.633404245096386320e-02
6.341673204634278201e-03
1.425033971094551849e-02
2.545098507101926644e-01
1.192060539431263749e-01
1.302752884750585649e-01
2.202009168845869280e-01
2.127347217335391616e-01
1.484102319930767078e-01
1.653820344951211219e-01
5.066312149307311552e-02
1.411668871040129038e-02
3.758350509545889395e-02
1.673856532423192989e-01
7.273951832994562938e-02
7.068057169494217085e-02
7.588268306350552661e-02
1.627562801736236464e-01
2.117541593001417144e-01
9.498856940293651241e-02
9.369410142476801429e-02
2.635298430306424744e-01
2.583982669649149688e-01
2.635298430306424744e-01
2.635298430306424744e-01
1.807879983112193334e-01
2.207300516179590000e-01
7.386395308396032089e-02
5.425681906728380653e-03
1.219202059764114623e-02
2.177484470617828127e-01
2.225907039231559137e-01
2.031378022972389619e-01
2.635298430306424744e-01
2.132104458383638212e-01
1.948427456989059170e-01
1.162324467282856988e-01
1.024958019809779214e-01
4.010287250495232075e-02
9.721653555400548707e-02
1.599828116572014625e-01
6.952252140850205542e-02
6.755463428472849308e-02
7.252667571824272796e-02
1.555581784500299769e-01
2.023890645866813776e-01
9.078758014211300853e-02
8.955036164258123321e-02
2.658326596954326271e-01
3.042775046243257342e-01
1.633936965384283069e-01
5.551212089738204181e-02
9.125303995542988211e-02
2.807095513961282429e-01
1.316077350917310429e-01
4.054226847538875550e-02
1.852591346912838000e-02
8.940721267218978974e-02
2.127463493590433796e-01
1.941537768373123585e-01
2.765635148029218504e-01
2.037809450163979019e-01
1.862255795769665878e-01
1.110919202045788229e-01
9.796279589289730305e-02
3.832927239937719555e-02
9.291701168072334649e-02
3.388433348194561795e-02
7.592985689229666190e-04
1.092671603397892960e-01
3.073569705093806559e-01
3.073569705093806559e-01
3.073569705093806559e-01
6.202704963814924949e-02
2.411307145521612155e-02
4.750518411235524208e-02
3.961057071744477145e-03
3.734896245569432893e-02
2.846242094694715480e-02
5.191791524706310806e-02
7.588905062116861611e-02
7.125483553027453509e-02
1.751871030139948160e-02
3.830877060417491216e-03
5.301137462422493563e-03
3.473566034022255722e-01
3.473566034022255722e-01
3.473566034022255722e-01
1.679847377552640686e-01
1.601195259892698175e-01
2.088797732835314669e-01
7.665328377664146209e-02
6.348835103837968674e-02
2.584147981535717120e-01
6.228688337534870299e-03
6.005237162607392036e-03
6.242925653414559302e-03
1.129392802495577351e-02
1.184456603488020926e-01
1.495231261522968480e-01
2.260626532508692305e-02
2.716025247429313966e-03
5.414649335361947959e-03
3.998083383737234542e-02
5.053418934904981702e-02
1.439105008032288691e-01
3.473566034022255722e-01
3.473566034022255722e-01
3.473566034022255722e-01
1.461846826082162931e-01
1.581911105132168677e-02
4.612126273864722292e-02
2.210894052056799342e-01
2.698226592840022309e-01
1.930235738978586801e-01
6.945346359057731622e-02
6.620158365004656653e-02
8.636155833211212052e-02
3.169237946863615041e-02
2.624932441001900582e-02
1.068418656043236686e-01
2.698226592840022309e-01
2.698226592840022309e-01
1.166191924600049473e-01
2.434312021599341624e-01
2.698226592840022309e-01
1.613012771977600790e-01
8.328062586022728919e-02
7.000404876013419098e-02
2.697988114091365852e-01
1.653011710677177587e-02
2.089341285960716332e-02
5.949994542004511527e-02
1.684421988591378594e-01
2.698226592840022309e-01
2.698226592840022309e-01
6.044020823976128942e-02
6.540427827669365902e-03
1.906888378774580090e-02
7.806672818810134022e-03
1.375393172490585111e-02
6.977768935707581721e-02
2.698226592840022309e-01
2.698226592840022309e-01
2.698226592840022309e-01
5.291436034043261322e-02
8.548724839701244901e-03
2.590008630008256915e-02
2.999246348709870280e-01
2.999246348709870280e-01
1.002249424307855158e-01
2.092098025005932616e-01
2.999246348709870280e-01
1.386256488330770975e-01
7.157308978368751018e-02
6.016292523473415477e-02
2.318706704357325343e-01
5.509139029220906647e-03
4.194784721330042584e-03
2.067448596109035600e-02
2.182926721108320242e-02
2.999246348709870280e-01
2.999246348709870280e-01
9.085589783372011174e-02
1.391015372633611904e-03
4.657645734561197647e-03
6.709215844635172711e-03
1.182041297189055477e-02
5.996838728894986897e-02
2.890483057208054762e-01
2.999246348709870280e-01
2.705944467783599761e-01
4.547569406897155470e-02
7.346950676317922334e-03
2.225906905733723504e-02
1.269678951043663956e-03
2.619092833477812063e-02
1.410666179750959537e-01
1.869557718725781692e-01
2.655260595272174728e-01
1.426311252780352590e-01
7.423469123528197988e-02
2.046960553110717049e-02
4.214729756707315256e-03
5.275618602007957521e-03
4.016976915973228049e-03
1.979813944515850660e-02
2.090397202832600457e-02
3.587717944624283506e-01
3.587717944624283506e-01
8.700471383483911192e-02
1.332053254895385975e-03
4.460218257060214429e-03
1.861213024708521790e-02
9.720090530689583230e-03
2.256334591942460444e-02
4.891275606140856047e-02
3.587717944624283506e-01
3.587717944624283506e-01
1.210442108384715033e-02
3.562336745783627710e-03
2.374739265381533432e-02
1.215860020445186374e-03
2.508075181873800283e-02
1.350871107017627692e-01
1.790311231232825928e-01
2.542709870870261679e-01
1.365853019411897018e-01
7.108804405151397665e-02
1.960194345121577322e-02
4.036076524659075286e-03
5.478610043419943759e-02
1.009804865308041172e-01
1.498965055169945992e-01
1.600693568798112476e-01
3.587717944624283506e-01
3.587717944624283506e-01
1.145999096873948631e-01
1.012448872100903639e-02
3.077187710749779148e-02
1.333217027343165835e-02
6.962658239973299953e-03
1.616249003969969303e-02
3.503699918797046481e-02
3.001078950275122281e-01
3.001078950275122281e-01
8.670592823539866045e-03
2.551759494243146208e-03
1.701064188825394605e-02
2.434862990710684183e-01
3.001078950275122281e-01
3.001078950275122281e-01
1.703548601246705485e-01
2.079918878462143073e-01
6.960132040519641239e-02
5.112569921320432240e-03
1.148842834120458734e-02
2.051823494263016467e-01
3.924417086649514830e-02
7.233395763139417733e-02
1.073732941052209372e-01
1.146602722605894187e-01
2.804465158642130973e-01
3.001078950275122281e-01
8.208977097135414236e-02
7.252335211928239225e-03
2.204239384658953499e-02
1.535625023149289059e-01
1.238695477332483613e-01
1.545036135609587080e-01
3.001078950275122281e-01
3.001078950275122281e-01
3.926058109169685423e-02
4.512312236179962834e-03
1.739135011554118759e-02
8.218869734595429799e-02
2.053520304783377493e-01
3.148672465337974402e-01
3.148672465337974402e-01
1.436742706341912201e-01
1.754166729511799638e-01
5.870052041412274213e-02
4.311850885700923078e-03
9.689136907792302369e-03
1.730471580280114885e-01
1.768953544198070826e-01
1.614359130911243445e-01
2.299583570672012467e-01
1.694407570389955542e-01
1.548437376272242261e-01
9.237124235960739171e-02
8.145457513907121416e-02
3.187020715593277820e-02
7.725908229405879790e-02
1.295118935891373668e-01
1.044693818030042604e-01
1.303056101391671939e-01
2.539246210336191800e-01
2.720873756506216878e-01
3.311167846280414079e-02
3.805604189586642150e-03
1.466755654265235014e-02
6.931649109930028418e-02
1.208775548272922849e-02
5.094743959846191605e-02
3.148672465337974402e-01
3.148672465337974402e-01
3.148672465337974402e-01
6.724412806870742453e-04
1.274527659099605531e-03
7.416914877698612286e-04
9.085361619454744575e-03
1.702302949124661624e-01
1.553533340946134933e-01
2.212939908429425451e-01
1.630565716976797308e-01
1.490095384815796620e-01
8.889088059932784280e-02
7.838553134067571815e-02
3.066940214947982621e-02
7.434811618835537872e-02
2.711275704105878953e-02
6.075574020601908019e-04
8.743078781341914740e-02
2.873787883296001211e-01
3.316691034062504984e-01
3.316691034062504984e-01
4.963132380068495386e-02
1.929422186295355959e-02
3.801156412639276894e-02
1.163231328150907129e-02
4.902784302237239017e-02
3.316691034062504984e-01
3.316691034062504984e-01
3.316691034062504984e-01
6.471050520129420546e-04
1.226506032304980993e-03
7.137460512246897662e-04
8.743043552154517242e-03
9.658475152304595024e-02
8.141839672441171516e-02
8.396602873297476233e-02
3.219398275750356975e-01
1.907212020214938408e-01
6.878925441335791147e-02
1.730523353404148697e-03
1.196778822948751063e-02
1.132173923408364424e-01
1.024240512333025530e-02
9.874963804248756624e-03
1.026581685132278189e-02
1.857164462190954296e-02
1.947710934711724684e-01
2.458746288732683860e-01
3.717356130820169413e-02
4.466210123522430103e-03
8.903805919995190152e-03
6.574416235649799267e-02
8.309801547991665926e-02
2.366452727848919191e-01
4.434786500966368950e-01
4.434786500966368950e-01
4.434786500966368950e-01
2.403849190970087923e-01
2.601281928045744499e-02
7.584143437103486873e-02
1.097864552673317867e-01
4.949228236850974211e-02
6.434979648294164578e-02
1.161127912460927780e-01
1.412853652161551177e-01
7.644613398675928484e-02
2.251546027644808073e-02
3.518362773914918834e-02
8.502118222003934855e-02
1.100335856289789693e-01
7.868409161956012310e-02
1.966904806235255931e-01
1.108255990707050914e-01
1.769593605940390224e-01
6.658748960822319374e-02
3.401584807521253889e-02
2.290034674564509279e-02
6.641836461897679400e-02
3.461958456371485443e-02
4.375778275771921577e-02
1.246127525111010992e-01
3.527742066094067819e-01
3.743188325161981855e-01
3.743188325161981855e-01
1.265819768057036832e-01
1.369783969468157774e-02
3.993660967804488204e-02
1.634977950043285666e-02
2.880532541653170811e-02
1.461377800141718530e-01
3.743188325161981855e-01
3.743188325161981855e-01
3.743188325161981855e-01
1.108203384530189323e-01
1.790388420047707083e-02
5.424342865096198202e-02
5.794152493532670617e-02
4.143349715023350588e-02
1.035733437426759329e-01
5.835858365717575685e-02
9.318332348972027668e-02
3.506366413001417437e-02
1.791207746416598884e-02
1.205887279239012226e-02
3.497460623259501800e-02
9.537123171344379091e-02
1.206665665897027895e-01
1.581887835865537495e-01
1.239921052669508000e-01
3.864374074379735291e-02
5.654349334490861578e-02
2.001019385869270625e-02
5.653420420589077601e-03
2.338823699488989938e-02
1.427922120022170373e-02
2.515737985066618734e-02
1.276306929079044916e-01
3.195224245542715447e-01
3.195224245542715447e-01
3.195224245542715447e-01
9.678590015309980477e-02
1.563651196855579684e-02
4.737396711344172423e-02
2.702257166120998477e-03
5.574214152470560735e-02
3.002320224418266736e-01
3.195224245542715447e-01
3.195224245542715447e-01
3.035617626626448962e-01
1.579936614688525198e-01
4.356545265922277116e-02
8.970207530780810803e-03
8.329328929101514900e-02
1.053851885745634293e-01
1.381555410069352785e-01
1.082895765133157634e-01
3.374984488751628375e-02
4.938274848806604306e-02
1.747607570854557701e-02
4.937463573824017390e-03
2.042631887019636869e-02
4.384489123019218171e-03
6.960427035524728058e-03
1.062883991145583684e-01
2.317344854746711813e-01
2.544789329172799652e-01
2.430143486138815201e-01
6.478957146640615394e-02
1.844281552181479406e-02
3.999099693776973774e-02
2.048886247293880015e-03
4.226441087715650247e-02
2.276397929443929602e-01
2.842605604566225130e-01
2.842605604566225130e-01
2.301644449394097125e-01
1.197928325259336874e-01
3.303188827832581609e-02
6.801327081526868830e-03
9.232188396275424480e-02
1.701655837176503649e-01
2.525955977717972423e-01
2.697382086830501513e-01
2.842605604566225130e-01
2.842605604566225130e-01
1.931161276391433479e-01
1.706111341152746069e-02
5.185471579687650490e-02
3.324376220809117065e-03
5.277485580267884252e-03
8.058923551873023450e-02
1.757040766754015271e-01
1.929492101703580709e-01
1.842566144379197135e-01
4.912428898694964907e-02
1.398358067388041220e-02
3.032168983346095886e-02
2.154877376958362067e-01
1.634739618161712704e-01
5.399427522121821171e-02
2.732499316821769275e-01
2.385029337115367742e-01
6.488643412564155943e-02
3.476965122525889351e-02
4.621509908959354346e-02
1.144619473886082650e-01
7.829339349163084993e-02
1.443085911257393217e-01
2.142132036493055725e-01
2.287509613719504176e-01
2.968934046633293078e-01
2.968934046633293078e-01
1.637717551012202177e-01
1.446864392707752217e-02
4.397529051637888431e-02
2.968934046633293078e-01
2.471237645789940152e-01
2.968934046633293078e-01
2.968934046633293078e-01
2.968934046633293078e-01
7.832613242306028789e-02
9.002209236785180604e-03
3.469630744853576670e-02
1.639691164265395795e-01
1.827439553426777608e-01
1.386337742335593259e-01
4.578973970998820309e-02
2.317290712068316716e-01
2.022619474004570539e-01
5.502681380849154535e-02
2.948633485473715551e-02
3.919262457572916802e-02
9.706923106476111895e-02
1.011235810196412510e-01
1.285129848699615440e-01
3.974269286245647737e-02
3.043616711659399843e-02
4.253483144094608037e-02
2.508109000693381149e-02
2.561365986814977472e-02
1.399196713195031971e-01
7.430810434443367585e-02
2.007449066639983570e-01
1.619287288457086638e-01
2.019751763352833906e-01
3.935860478636413196e-01
3.994343723548464675e-01
5.132347785440339455e-02
5.898729735681722264e-03
2.273487930370763493e-02
1.074413488242905723e-01
1.873615834740012878e-02
7.896911027653097381e-02
3.994343723548464675e-01
3.994343723548464675e-01
3.994343723548464675e-01
1.042291625792955310e-03
1.975532353640871257e-03
1.149630233638487256e-03
1.408241374411568075e-02
6.626158742253326905e-02
8.420859206160517807e-02
2.604154135919158064e-02
1.994340714468281761e-02
2.787110012925215694e-02
1.643447375369426824e-02
1.678344205625777880e-02
9.168286407369821700e-02
4.869065061358012619e-02
2.260383969793183095e-02
1.207538277236418905e-02
2.081583342891989239e-03
0.000000000000000000e+00
2.769781516692739615e-03
2.739379676556088702e-02
1.804175664348074970e-01
1.286147771846763432e-01
5.375897604109532851e-02
1.932856364025190010e-02
8.146597852626495662e-02
4.134272542792981064e-01
4.134272542792981064e-01
4.134272542792981064e-01
1.075247104945409446e-03
2.037995309002217387e-03
1.185979576049139795e-03
1.452767558933808906e-02
1.604878128118057690e-01
1.352869910301204015e-01
1.395202046839969789e-01
4.134272542792981064e-01
3.169074629960058065e-01
1.143020695468732195e-01
2.875484003717866058e-03
1.988599780874346704e-02
1.881250547577524024e-01
2.331853446233030785e-02
1.245718572977526535e-02
2.147399449213080718e-03
0.000000000000000000e+00
2.857357272624556216e-03
2.825994178282243557e-02
1.861220614170590870e-01
1.326813565405092210e-01
5.545874294925958597e-02
7.379286972426403468e-02
1.060381227875397125e-01
4.830137086614947478e-02
1.568040661073926562e-02
8.687795423529696970e-02
9.881872062256634448e-02
1.896167768746129939e-02
1.853660626022577557e-02
4.639490054852588030e-02
8.766027721530496308e-02
3.951769079234208892e-02
5.138084643235258514e-02
9.271161405193897864e-02
1.128109496855127653e-01
6.103930836458757586e-02
1.797773217704867754e-02
2.809277841737233342e-02
6.788615575968345861e-02
8.785760133837240693e-02
6.282623176975379864e-02
1.570498110635361599e-01
8.848999371948082504e-02
1.412952678701926978e-01
5.316755863840130769e-02
2.716035110821278867e-02
1.828504927280583808e-02
5.303251881581776822e-02
1.145749225506410666e-02
5.809220844177642035e-02
6.019753694141031369e-02
4.491361216074617468e-01
4.491361216074617468e-01
4.491361216074617468e-01
5.323043757424097272e-02
3.467976248544229687e-03
4.193794736123116276e-03
6.214453305257757604e-02
4.941357415061937985e-02
1.035066966126805543e-01
2.779556835569890749e-01
3.302953136768698172e-01
2.422420375465673403e-01
4.934825366817252590e-02
3.106515199329753021e-02
7.676587729471374966e-02
8.245646227754928337e-02
5.896392265492780144e-02
1.473950076531489739e-01
8.304997766748860311e-02
1.326089916826154180e-01
4.989902668036966249e-02
2.549063976802658921e-02
1.716095650960752436e-02
4.977228857385181116e-02
1.357225992743652521e-01
1.717203371376734566e-01
2.251181252322096427e-01
1.764529042352619981e-01
5.499382618011783991e-02
8.046692646145189864e-02
2.847646479648939521e-02
8.045370710725177968e-03
3.328375087918537811e-02
5.832413208813316124e-02
4.637582236347578823e-02
9.714351285151238968e-02
2.608680636269221642e-01
3.099900595710101125e-01
2.273499518165338351e-01
4.631451752684490053e-02
2.915538888452341715e-02
7.204661371275042359e-02
3.638879795970702546e-01
3.638879795970702546e-01
3.638879795970702546e-01
3.638879795970702546e-01
8.600280240586485880e-02
2.398505905226197554e-02
3.211930192270285624e-03
3.258639221281617836e-03
1.405005429212718426e-01
9.167091779584481126e-02
1.159848175159113870e-01
1.520512078522679722e-01
1.191813284262966677e-01
3.714440001878705627e-02
5.434965908676998164e-02
1.923381719354015987e-02
5.434073035759243858e-03
2.248079543934485697e-02
4.825480484613621848e-03
7.660505906643209906e-03
1.169788728578121245e-01
2.550423107219334518e-01
2.800743918123870246e-01
2.674567010693977287e-01
7.130609837214826885e-02
2.029779157498811520e-02
4.401328635308948689e-02
2.985637398513326657e-01
2.985637398513326657e-01
2.804370319097201358e-01
2.985637398513326657e-01
5.808874772301396427e-02
1.620019354524459762e-02
2.169429337456065757e-03
2.200977948974813456e-03
9.489807732292793174e-02
1.127859267446959107e-01
2.387222303006426016e-01
2.009049656026987152e-01
2.985637398513326657e-01
2.985637398513326657e-01
2.028469384849083401e-01
8.024046995700508111e-02
1.645331685000648095e-02
6.659103659204848591e-02
4.271524227521117031e-03
6.781093961447271813e-03
1.035499140683533853e-01
2.257639239792589292e-01
2.399089355327365669e-01
2.367531652181744384e-01
6.312028983182671471e-02
1.796764254962644053e-02
3.896064227997800972e-02
2.399089355327365669e-01
2.100493271777413018e-01
6.937778381134669659e-02
2.399089355327365669e-01
2.399089355327365669e-01
8.337322763597200537e-02
4.467587232199748959e-02
5.938224266038118204e-02
1.470733000492610021e-01
9.983831043344604250e-02
2.113173586813746618e-01
1.778414462015875663e-01
2.399089355327365669e-01
2.399089355327365669e-01
1.795604841796701878e-01
7.102901204178665995e-02
1.456450643039156403e-02
5.894650844525298194e-02
2.399089355327365669e-01
2.399089355327365669e-01
2.325935265702069044e-01
2.224168437954071043e-01
2.270173114893193622e-01
1.835561044206759640e-01
3.521686804017284955e-02
5.345309850111335664e-02
1.129524787249590462e-01
2.074477617896677839e-01
1.573746508839496405e-01
5.197971663662543512e-02
2.630548138969234229e-01
2.296042471268834040e-01
6.246548260150560500e-02
3.347237481822943478e-02
4.449078620221248725e-02
1.101913039217558565e-01
1.147937315209329456e-01
1.458857067101955451e-01
4.511521416044005778e-02
3.455060789263308951e-02
4.828480134392913042e-02
2.847161743559195601e-02
2.907618148532326030e-02
1.588343789054357524e-01
8.435326848529607624e-02
2.457092647000266028e-01
2.095365281295510640e-01
1.742653762983912002e-01
1.666407296481993150e-01
1.700875247746587993e-01
1.375252100968539504e-01
2.638543235303269716e-02
4.004851064416794365e-02
8.462705948482023011e-02
2.921035146546583916e-01
1.807220116774111429e-01
2.523780063506780857e-01
2.869940580063622959e-01
3.167940221070557616e-01
3.167940221070557616e-01
4.351636739668945236e-02
4.024018272223032350e-02
1.625432698078770610e-01
8.334010592810724150e-02
1.059128411415689169e-01
3.275358921854273214e-02
2.508369824294338218e-02
3.505470556105121788e-02
2.067035875207251516e-02
2.110927149824232130e-02
1.153135610073820483e-01
6.124036772569506348e-02
2.842984099965853093e-02
1.518773875660340243e-02
2.618098706096009913e-03
0.000000000000000000e+00
3.483675746053556052e-03
3.445438017741356274e-02
2.269190896693633330e-01
1.617644486260188252e-01
6.761502300392938092e-02
2.120667873650615987e-01
1.312039551043742702e-01
1.832261178769554466e-01
2.083573282102608448e-01
3.511327626663666157e-01
3.511327626663666157e-01
3.159282846193740141e-02
2.921432247391943932e-02
1.180062111772991196e-01
1.183165627633616102e-01
1.535792782875101681e-01
2.339543054846334458e-01
3.511327626663666157e-01
3.511327626663666157e-01
3.511327626663666157e-01
8.740162417058907479e-03
5.550204470118446504e-02
9.804275168288617559e-02
2.396846544788743330e-02
1.280439069721007843e-02
2.207251471331644205e-03
0.000000000000000000e+00
2.936997141557387558e-03
2.904759899362903408e-02
1.913096299156766267e-01
1.363794330624593654e-01
5.700448140555060966e-02
7.584961444055210444e-02
1.089936027625469234e-01
4.964762003208696151e-02
1.611744874728165619e-02
8.929940462749673402e-02
1.015729824133092679e-01
1.949017496018384116e-02
1.905325600058810007e-02
4.768801283596569435e-02
9.974964146090364858e-02
1.294787271300563425e-01
1.972408388587290340e-01
3.064925863321202870e-01
3.094684387369230905e-01
3.094684387369230905e-01
7.368605434856876496e-03
4.679234191719262165e-02
8.265731440971792188e-02
3.094684387369230905e-01
3.094684387369230905e-01
3.094684387369230905e-01
3.094684387369230905e-01
3.094684387369230905e-01
2.285132571175919614e-01
3.176423678427640201e-02
1.678968030516378093e-02
7.585205421350672828e-02
4.477525388271464887e-03
2.270211773818532966e-02
2.352486861576900956e-02
2.612147221958023291e-01
3.812311842050955524e-01
2.569328945374695361e-01
2.080216423992073058e-02
1.355266174578124462e-03
1.638912074838266624e-03
2.428574406080926881e-02
1.931055486307155580e-02
4.044985164485247198e-02
1.086235628386034296e-01
1.290776043912758297e-01
9.466686505870966495e-02
1.928502797533565918e-02
1.214009170977382694e-02
2.999968552351333501e-02
0.000000000000000000e+00
6.856312065257364440e-03
2.834118739289464336e-03
3.812311842050955524e-01
3.812311842050955524e-01
3.812311842050955524e-01
1.120251176080130744e-02
5.805351335792900691e-04
0.000000000000000000e+00
9.588092183480946898e-03
3.347429321895901977e-02
9.357438385220750998e-02
1.544953788288598584e-01
3.812311842050955524e-01
2.417476091837333640e-01
3.326108554384687999e-02
8.567508285851687527e-03
4.959998248573386365e-02
3.327368972153234294e-02
2.645722565697908660e-02
5.541999493788563047e-02
1.488242121505179982e-01
1.768481191171251687e-01
1.297022601813877796e-01
2.642225148694938089e-02
1.663303556730725066e-02
4.110231193055179089e-02
2.974706673584605054e-01
2.974706673584605054e-01
2.368692192336038782e-01
2.974706673584605054e-01
4.906426311000759710e-02
1.368338257741470720e-02
1.832393638765657858e-03
1.859040957514757975e-03
8.015501137342123661e-02
1.313656289614886091e-02
4.586284214419580896e-02
1.282054610468527645e-01
2.116727939523043445e-01
2.974706673584605054e-01
2.974706673584605054e-01
4.557072813648135184e-02
1.173826964808205413e-02
6.795651075344290304e-02
8.165643348028668591e-02
1.388418852366218870e-01
2.200222609761934844e-01
2.974706673584605054e-01
2.974706673584605054e-01
2.974706673584605054e-01
5.301966451820500775e-02
2.102168169534307171e-02
3.477010876366719988e-02
2.635252708174083414e-01
2.635252708174083414e-01
1.669044065183834247e-01
2.446619549505304470e-01
3.457199606657831992e-02
9.641678457153420034e-03
1.291153716704003616e-03
1.309930132379771807e-03
5.647937138493855369e-02
6.712547212027766830e-02
1.420774991795674680e-01
1.195702429959729640e-01
2.635252708174083414e-01
2.635252708174083414e-01
1.207260241321972821e-01
4.775577578228503567e-02
9.792326874267086312e-03
3.963220322991364147e-02
5.753731368107463384e-02
9.783171714032629085e-02
1.550335877657788575e-01
2.635252708174083414e-01
2.635252708174083414e-01
2.635252708174083414e-01
3.735907801295013791e-02
1.481244088502421674e-02
2.449995143546376819e-02
1.282491733443859860e-01
1.649686537784691154e-01
2.635252708174083414e-01
2.635252708174083414e-01
2.635252708174083414e-01
2.455527470153516245e-01
5.203118185217611713e-02
1.665756423565042249e-02
9.879101937810375045e-02
7.150225211972273398e-02
1.513413737883906041e-01
1.273665777038441582e-01
2.548418974829728123e-01
2.548418974829728123e-01
1.285977192003159297e-01
5.086959409446563385e-02
1.043081564846184799e-02
4.221634050227152102e-02
2.348716212443323070e-01
2.002943769001925278e-01
1.665789505655231872e-01
1.592906087020934669e-01
1.625853740030150374e-01
1.314593045437248697e-01
2.522163452629785224e-02
3.828206736485995770e-02
8.089436385968772070e-02
1.366114000685911267e-01
1.757250996042686308e-01
2.548418974829728123e-01
2.548418974829728123e-01
2.548418974829728123e-01
2.548418974829728123e-01
5.542376932880557078e-02
1.774368686068656872e-02
1.052324870368206849e-01
1.408084724540536736e-01
1.699257334042884038e-01
2.548418974829728123e-01
2.548418974829728123e-01
2.191869864066539331e-01
2.091419090617177567e-01
8.969553771301903844e-02
1.460868311145235680e-02
4.096106988644183239e-02
1.798238546209348365e-01
1.533506122292332408e-01
1.275372002403009630e-01
1.219570551349301868e-01
1.244796136004617804e-01
1.006486809415270134e-01
1.931034288574690755e-02
2.930975176965330484e-02
6.193484018754571996e-02
2.137777751996899067e-01
1.322625290273726772e-01
1.847044147030113825e-01
2.100383875512962795e-01
2.904904881141854855e-01
2.904904881141854855e-01
3.184772431730216458e-02
2.945002817291575772e-02
1.189583036489380852e-01
1.078066483546473581e-01
1.300995846929542676e-01
2.186398479643628934e-01
2.806975015369254089e-01
1.678152880691714255e-01
1.601245141963554275e-01
6.867324902174289092e-02
1.118478977630212902e-02
3.136086615042774778e-02
1.132321920923936992e-01
1.162453081472727412e-01
2.498328646823792520e-01
2.904904881141854855e-01
2.904904881141854855e-01
2.051251660437454771e-01
7.591510250380385794e-02
7.490316505292304861e-02
1.742033674009015598e-01
1.672868106344656269e-01
1.034989564596689587e-01
1.445361306473980367e-01
1.643606400685994895e-01
3.070449875037701282e-01
3.070449875037701282e-01
2.492169367012348272e-02
2.304543248960419510e-02
9.308804527191109901e-02
9.333286308451070601e-02
1.211495112623815901e-01
1.845525651848195503e-01
2.867762748577423748e-01
3.070449875037701282e-01
3.070449875037701282e-01
6.894591620610804328e-03
4.378224500458657853e-02
7.734006554559168245e-02
8.860721026117768240e-02
9.096505393515819105e-02
1.955008797586545166e-01
3.070449875037701282e-01
3.070449875037701282e-01
1.605159132013136425e-01
5.940559239606260644e-02
5.861372435196265246e-02
1.363187810662702393e-01
2.791383066238719082e-02
1.176086863034243868e-02
1.543892636889041339e-02
1.333018746554018655e-02
1.793179729874543049e-01
2.253289713811790218e-01
1.615475071759902431e-02
6.108443875087700946e-03
8.190835055380081206e-03
8.582797590931795506e-02
1.114078898944541318e-01
1.697127099202237199e-01
2.637166202387618008e-01
2.841374913657384593e-01
2.841374913657384593e-01
6.340198124882924328e-03
4.026171859859228874e-02
7.112115779049459074e-02
2.841374913657384593e-01
2.801934890074953555e-01
2.841374913657384593e-01
2.841374913657384593e-01
2.841374913657384593e-01
1.966205596291351887e-01
2.733102705504249566e-02
1.444641059007263466e-02
6.526568102263088922e-02
2.566928203476217391e-02
1.081517823538409757e-02
1.419748368005190574e-02
1.225830828336549501e-02
1.648990308133933547e-01
2.072102889403889536e-01
1.485574865688686630e-02
5.617264449283303554e-03
7.532210740967049123e-03
8.766665850769647661e-02
1.653197021838053934e-02
2.122443353914287706e-02
2.202471689696586243e-02
2.691505230874031707e-01
2.841374913657384593e-01
6.885524571674525585e-02
4.923032744502716523e-02
1.660299764118799426e-01
0.000000000000000000e+00
9.031404195286306044e-03
3.733212786748733511e-03
4.484228408227614593e-01
4.484228408227614593e-01
4.484228408227614593e-01
1.475638955042915881e-02
7.647037344590716179e-04
0.000000000000000000e+00
1.262981252114743318e-02
4.409365695938496921e-02
1.232598625690523586e-01
2.035073957000433920e-01
4.484228408227614593e-01
3.184394687700740079e-01
4.381281141543250796e-02
1.128545922932500806e-02
6.533504975330631237e-02
1.511981961514562156e-02
2.768192919467965182e-02
2.604617289401702993e-02
1.893108788465102874e-02
6.602200430747692805e-02
5.696670345835160021e-02
2.161202603458348484e-02
8.754985972754609352e-03
2.102866441141375969e-02
1.887260330846681627e-03
1.897671872611860280e-02
3.214373078935129496e-02
4.555881413346430514e-02
1.026130488417937303e-01
6.229939283491164881e-02
2.007556258529326690e-02
2.888214400178831971e-03
2.534395168318973827e-03
1.558470100090970922e-02
5.440987018596412511e-02
1.520979112188263205e-01
2.511202686618225766e-01
2.912147028762001599e-01
2.912147028762001599e-01
5.406331762846509209e-02
1.392582094567847151e-02
8.062092874141343901e-02
9.687397766458503978e-02
1.647165460951523774e-01
2.610257475997276311e-01
2.912147028762001599e-01
2.912147028762001599e-01
2.912147028762001599e-01
6.290044246863119026e-02
2.493929548757865475e-02
4.124988805174622380e-02
2.328806379182207873e-03
2.341653819719990981e-02
3.966412269121025180e-02
5.621781756753696513e-02
1.266205402743231512e-01
7.687504531398267615e-02
2.477246909191813465e-02
3.563945052861281979e-03
3.127345782074444393e-03
1.209760064585217731e-01
2.912147028762001599e-01
2.912147028762001599e-01
2.387733621550818530e-01
1.677127288846192721e-01
2.206144469175086720e-01
1.185520637182640724e-01
3.938117614024033708e-02
6.704212321291035115e-02
6.820788065529474753e-02
1.159750718289929566e-01
1.837852999273515142e-01
2.707565432698736396e-01
2.707565432698736396e-01
2.707565432698736396e-01
4.428749573926156480e-02
1.755947811014437268e-02
2.904358331418399955e-02
1.520335891609652657e-01
1.955628709250560593e-01
2.707565432698736396e-01
2.707565432698736396e-01
2.707565432698736396e-01
2.707565432698736396e-01
6.168061063466878657e-02
1.974678831359597334e-02
1.171122812042753314e-01
8.517784868137596999e-02
2.255667835253588605e-01
2.544940715971680811e-01
1.681176450287451829e-01
1.180846505110306893e-01
1.553321565703023044e-01
8.347117779690782502e-02
2.772784422602102630e-02
4.720360667770400614e-02
1.203267228143936884e-01
9.212447999192875658e-02
1.215526168125488360e-01
2.516996992269685540e-01
1.664000140582587439e-01
2.011577180681055343e-02
5.771611692577931219e-02
9.165315729529990851e-02
1.115951078398741414e-01
1.225629109548781043e-01
1.576543372260395259e-01
2.722304301461770382e-01
2.722304301461770382e-01
2.722304301461770382e-01
2.346655240135757658e-01
4.972424337661029980e-02
1.591900757642236014e-02
9.441086125885886360e-02
1.263283756876335540e-01
1.524513512175070806e-01
2.562032794403115710e-01
2.722304301461770382e-01
1.966468031506783398e-01
1.876347154365920200e-01
8.047166046355590241e-02
1.310639321797437383e-02
3.674882153749882419e-02
9.700220520465939467e-02
7.426677552195945498e-02
9.799046798109713186e-02
2.029094228056615712e-01
1.341445020042263403e-01
1.621646612668258339e-02
4.652823983485775139e-02
7.388681552748233017e-02
8.996315446251530734e-02
4.055533015761433879e-02
1.125460234018212380e-01
2.517092822604038438e-01
2.722304301461770382e-01
2.722304301461770382e-01
2.722304301461770382e-01
9.678925042922224831e-02
5.539502374135476907e-03
3.453905082424862244e-02
1.102439560187830347e-01
1.330408941549633128e-01
2.235828879833417493e-01
2.723843089177195309e-01
1.716092793861503374e-01
1.637446314305255890e-01
7.022582336401514413e-02
1.143765705545034088e-02
3.206987696366555424e-02
1.157921612021445973e-01
1.188733982028611219e-01
2.554811207513389415e-01
2.723843089177195309e-01
2.723843089177195309e-01
2.097626642587057388e-01
7.763140167440310546e-02
7.659658620122684891e-02
1.781417813017559526e-01
3.539173214162470021e-02
9.821640456043553846e-02
2.196610768719939322e-01
2.723843089177195309e-01
2.723843089177195309e-01
2.723843089177195309e-01
8.446582020332821239e-02
4.834200176927610018e-03
3.014145934571467803e-02
9.687333395236511283e-03
9.058319680961570558e-03
2.718435696149142447e-02
8.734287136569289511e-02
2.723843089177195309e-01
2.723843089177195309e-01
8.940494201578148836e-02
6.848282887801667058e-03
4.509870256147380241e-03
1.313549571640538760e-01
1.348503211855859307e-01
2.898185103733521006e-01
3.095091696584273411e-01
3.095091696584273411e-01
2.379553632323928858e-01
8.806528296613067019e-02
8.689138534870498309e-02
2.020845436261450023e-01
4.138060571069591964e-02
1.743479329274804160e-02
2.288729670945435085e-02
1.976121580132870342e-02
2.658283066477729051e-01
3.095091696584273411e-01
2.394846403866439377e-02
9.055407355519962120e-03
1.214242931998366429e-02
1.098933856967886785e-02
1.027578362229390405e-02
3.083801189249173527e-02
9.908200181873423606e-02
3.095091696584273411e-01
3.095091696584273411e-01
1.014212206319903553e-01
7.768711595287594585e-03
5.116009651789002466e-03
0.000000000000000000e+00
4.563819315995751584e-04
2.696507272625324123e-03
3.633294858101130537e-02
3.095091696584273411e-01
3.095091696584273411e-01
1.158902983852910448e-02
9.160710074045778917e-04
3.026585958304825290e-04
4.183255999669605041e-02
1.762521412924505926e-02
2.313726917034853933e-02
1.997704556081614236e-02
2.687316532872486285e-01
3.376852080355373653e-01
2.421002644886847965e-02
9.154309488427759406e-03
1.227504755694199846e-02
1.428680687978211572e-01
2.694172104570137852e-02
3.458890623507493434e-02
3.589310716812598584e-02
3.391693681777137592e-01
3.391693681777137592e-01
1.122115995933301025e-01
8.022938170659170420e-02
2.705747258569302094e-01
0.000000000000000000e+00
4.613664833357555882e-04
2.725958219467761352e-03
3.672977292788078690e-02
3.391693681777137592e-01
3.391693681777137592e-01
1.171560390906652323e-02
9.260762311311592030e-04
3.059641987145170498e-04
1.097606004966148472e-03
3.774659276526437252e-03
4.396442325892029913e-03
4.819296312855965436e-02
3.391693681777137592e-01
3.391693681777137592e-01
1.793999550257222280e-03
1.056475581344431874e-03
1.968303969185469966e-03
2.660286211666428383e-02
4.870551132446387932e-02
4.582744793279468210e-02
3.330867255911865860e-02
1.161637057824587288e-01
1.002311797308326757e-01
3.802570158203873174e-02
1.540413117317984693e-02
3.699929457320166870e-02
3.320577072855570439e-03
3.338895863492695459e-02
5.655591533960592499e-02
8.015934590762074929e-02
1.805445342068973391e-01
1.096138842740482788e-01
3.532234093825049881e-02
5.081725272327706870e-03
4.459191109951641911e-03
1.511376132009723504e-02
4.301617344917381403e-02
2.057695773903991249e-02
1.584438195563586949e-01
4.557475510960987131e-01
4.557475510960987131e-01
9.418394433295354529e-02
1.666132329846679340e-03
5.950551081891677571e-03
4.109603802873474168e-03
2.177683423735918972e-02
6.553429792814058352e-02
1.825504241901819980e-01
4.557475510960987131e-01
4.557475510960987131e-01
7.063238230249208049e-02
4.591745663333182161e-03
1.941984692696831650e-03
2.384530680824799905e-03
2.397685538354507942e-02
4.061321642308587249e-02
5.756301253600906720e-02
1.296503504137440643e-01
7.871453195063841946e-02
2.536523135521740954e-02
3.649224082899411251e-03
3.202177748037283653e-03
1.238707526837438677e-01
3.280327889033268218e-01
3.610881104748195347e-01
2.444867950002881929e-01
1.717258038990181479e-01
2.258933683841623241e-01
1.213888091935612645e-01
4.032349945139917374e-02
6.864632506072043672e-02
2.951136546142232170e-03
1.563810392919541895e-02
4.706065862268311167e-02
1.310907946806763036e-01
3.610881104748195347e-01
3.610881104748195347e-01
5.072163029638694642e-02
3.297366142248983785e-03
1.394553410394256971e-03
1.466528334022022297e-02
2.252348267440058491e-02
2.504131409927142990e-02
9.072353816467279564e-02
3.610881104748195347e-01
3.610881104748195347e-01
5.089040821280808868e-02
7.055362688822535387e-03
9.421158282814248372e-03
1.139678658111118459e-01
3.018081028604693850e-01
3.047421551742932055e-01
2.249412201144905532e-01
1.579971296778680812e-01
2.078342509256815296e-01
1.116843420856843128e-01
3.709982441331045877e-02
6.315837268641108504e-02
1.609970199000820834e-01
1.232624506978683282e-01
1.626372646919295173e-01
3.047421551742932055e-01
2.226430318062877500e-01
2.691488007100601224e-02
7.722409958416666387e-02
1.226318214594607769e-01
1.493141288769384289e-01
1.349286258126930656e-02
2.072283566072059130e-02
2.303937824843943494e-02
8.347061593997742723e-02
3.047421551742932055e-01
3.047421551742932055e-01
4.682195827999646731e-02
6.491319466035469499e-03
8.667980775916661260e-03
7.051949494701116594e-02
5.452596204667173319e-02
8.096207627708773558e-02
1.202622331464259092e-01
3.047421551742932055e-01
3.047421551742932055e-01
1.263357477802286993e-02
5.143218259236905995e-03
3.736417390862320498e-02
1.070075832943636895e-01
8.192708764612864625e-02
1.080977813073187715e-01
2.238386943500655368e-01
1.479809550866652279e-01
1.788912784126954134e-02
5.132743620790918698e-02
8.150793634259123621e-02
9.924248344932373733e-02
4.473844548910195507e-02
1.241546823416062595e-01
2.776720583889455973e-01
3.159293891131713106e-01
3.159293891131713106e-01
3.159293891131713106e-01
1.067726631106169083e-01
6.110879236806818562e-03
3.810161171270480540e-02
4.687118267221360157e-02
3.624099023097236694e-02
5.381190363822799250e-02
7.993297601762500149e-02
3.159293891131713106e-01
2.674629958611924319e-01
8.396977199974649600e-03
3.418469215255982244e-03
2.483431031352928420e-02
8.917493850265181821e-02
1.095831500467772668e-01
1.447311422094341160e-01
1.526797899222597232e-01
3.159293891131713106e-01
3.159293891131713106e-01
1.442023513581173200e-01
2.444911723454003954e-02
4.225933113789991785e-02
3.933826508381869230e-02
1.091685183058301312e-01
2.441554890845445414e-01
2.982085837180463161e-01
2.982085837180463161e-01
2.982085837180463161e-01
9.388460594085407118e-02
5.373261960370714213e-03
3.350253423624709875e-02
1.076756818604383825e-02
1.006841313665299623e-02
3.021568529070614920e-02
9.708247715077146511e-02
2.982085837180463161e-01
2.982085837180463161e-01
9.937448935096958313e-02
7.611935085044251384e-03
5.012766001958409226e-03
7.841102504343996915e-02
9.635585139653753128e-02
1.272612844696510426e-01
1.342504859800430772e-01
2.982085837180463161e-01
2.982085837180463161e-01
1.267963216294006878e-01
2.149797214281801844e-02
3.715839369011008503e-02
3.501268866284548698e-02
3.270144978493368798e-02
9.933355243025071557e-02
1.487694944140031672e-01
2.982085837180463161e-01
2.817839548795412763e-01
4.474799702197149870e-02
3.843158779962353028e-02
1.639326414959771730e-02
1.468717740896538330e-02
1.373351600006093680e-02
4.121479638951972696e-02
1.324224319343821343e-01
3.382716704436433686e-01
3.382716704436433686e-01
1.355487822138681797e-01
1.038283102441620726e-02
6.837512640581064338e-03
0.000000000000000000e+00
6.099513954501029631e-04
3.603863912873405458e-03
4.855874247723026421e-02
3.382716704436433686e-01
3.382716704436433686e-01
1.548866077398908768e-02
1.224322766984678153e-03
4.045011865933025312e-04
4.775800450677442771e-02
4.460542865604645579e-02
1.354929434388739973e-01
2.029245526703603308e-01
3.382716704436433686e-01
3.382716704436433686e-01
6.103715895752528930e-02
5.242145100626367099e-02
2.236073872178899469e-02
4.578083053115225044e-03
8.361140116013281859e-03
3.229004651945146381e-02
1.679017532474812446e-01
3.296039355749586508e-01
2.483316780445640193e-01
4.717204351795796502e-02
2.723559048916756459e-03
2.973405912748268171e-03
0.000000000000000000e+00
6.478921324529063460e-04
3.828034648332292057e-03
5.157923639077548195e-02
4.144874003761510051e-01
4.144874003761510051e-01
1.645210017151339452e-02
1.300479176257964605e-03
4.296623277142820152e-04
1.541356645608593732e-03
5.300714586525596093e-03
6.173878026712851380e-03
6.767687462867544301e-02
4.144874003761510051e-01
4.144874003761510051e-01
2.519294825735833056e-03
1.483597621423968184e-03
2.764068700203005987e-03
4.862853030511636934e-03
8.881227159918078998e-03
3.429858059600480319e-02
1.783457268325755185e-01
3.501062515431191957e-01
2.637786250577780489e-01
5.010628075448225055e-02
2.892972281442116305e-03
3.158360341215333145e-03
2.607807917048764884e-02
2.090562709546936460e-02
6.063213064376764966e-02
1.315758335545724467e-01
2.016767152220435289e-01
1.132180896489519417e-01
3.367352199948835806e-02
8.713937588082502558e-03
2.473693639438849859e-02
1.335592882984042856e-02
3.801310203008688438e-02
1.818371861753624585e-02
1.400157335228575384e-01
4.120133957286568616e-01
4.120133957286568616e-01
8.322971567321851838e-02
1.472349890092435488e-03
5.258461812705396768e-03
3.631629132387712705e-03
1.924404137748620888e-02
5.791221658885994245e-02
1.613185772689948727e-01
4.120133957286568616e-01
4.120133957286568616e-01
6.241735932800186737e-02
4.057694639034558487e-03
1.716118760576771686e-03
4.457842061205032763e-02
3.186173642097629884e-03
1.513706931741320635e-02
6.365924061900041231e-02
3.149927666775935164e-01
1.608663653842198060e-01
7.291803096199284129e-02
1.294831422057658721e-02
1.462566970049342281e-02
7.797921281742614674e-02
2.592872888316592045e-02
2.933303850477478672e-02
1.000592041475502625e-01
2.574828547250218036e-01
1.891687065452016259e-01
4.463016839544441117e-02
3.140295348687551901e-03
1.651650699969493775e-03
3.643892350285447054e-03
1.930902429948682525e-02
5.810777348772837303e-02
1.618633148487106377e-01
4.246729812475616428e-01
4.246729812475616428e-01
6.262812910931409016e-02
4.071396587032819619e-03
1.721913718578308014e-03
1.810784182387389918e-02
2.781069087647682764e-02
3.091956317870509299e-02
1.120201663122734198e-01
4.246729812475616428e-01
4.246729812475616428e-01
6.283652629762720432e-02
8.711552897779991853e-03
1.163270016849999103e-02
7.824253157697282079e-02
2.601628453395355561e-02
2.943208976515229724e-02
1.003970822122987328e-01
2.583523180532740771e-01
1.898074879249156965e-01
4.478087472031797717e-02
3.150899439777348193e-03
1.657227963419672647e-03
2.837479158872899948e-02
2.775140098898280436e-02
7.609027009370664812e-03
4.791202534728068035e-02
2.075777055771612090e-01
2.206971809772136917e-01
8.694057329552101754e-02
8.800589303061056440e-03
6.766519005350964816e-03
2.017287662297970532e-02
3.098224743223277483e-02
3.444565836764112987e-02
1.247950482604621991e-01
4.020265917152991419e-01
4.020265917152991419e-01
7.000246107448440669e-02
9.705026336699069944e-03
1.295930390676797335e-02
1.054321173518593113e-01
8.152054454654560078e-02
1.210445867984464435e-01
1.798013710622588524e-01
4.020265917152991419e-01
4.020265917152991419e-01
1.888817467525624738e-02
7.689510418098558474e-03
5.586233950270520776e-02
3.161067870426845922e-02
3.091619607188620875e-02
8.476767390279561776e-03
5.337595642201144186e-02
2.312500564682666016e-01
2.458656888101917182e-01
9.685535557911460758e-02
9.804216534855121276e-03
7.538179004967153311e-03
6.832614581634471884e-02
1.065852552463123805e-02
1.397368405173940280e-02
2.318021328176089052e-02
2.349764450593781195e-01
2.538170050093278562e-01
9.129426426081552193e-02
5.407766175386969319e-03
8.867614786821981926e-03
7.589381978192667744e-02
5.868141199984115708e-02
8.713223528842534149e-02
1.294274761304673171e-01
3.886702692631279210e-01
3.886702692631279210e-01
1.359638562535393433e-02
5.535185411621898650e-03
4.021171568305174221e-02
1.443920619437833730e-01
1.774370384239585541e-01
2.343486679329493672e-01
2.472191184450682755e-01
3.886702692631279210e-01
3.886702692631279210e-01
2.334924497774821806e-01
3.958801104298542706e-02
6.842630969894129833e-02
4.918361052802912303e-02
7.672388979990102560e-03
1.005875899820000106e-02
1.668594896412331149e-02
1.691444734512841108e-01
1.827065842894845804e-01
6.571688602070681340e-02
3.892704062538489447e-03
6.383227193290804367e-03
5.513948321535215580e-02
1.805563553871219681e-02
2.690462088840859384e-02
3.404508302079004012e-02
1.088800084385806027e-01
2.092707934747260190e-01
1.820484376426296375e-02
9.036134347900494357e-03
2.625905917670567219e-02
1.371041288900846644e-01
1.684812188319934068e-01
2.225203348505964684e-01
2.347411722161160119e-01
3.758731311292165533e-01
3.758731311292165533e-01
2.217073327868756272e-01
3.758987644800546729e-02
6.497261316268922171e-02
6.122078083483471073e-02
5.717950739353686723e-02
1.736878221903371822e-01
2.601281124146797574e-01
3.758731311292165533e-01
3.758731311292165533e-01
7.824327188523068355e-02
6.719883287090144819e-02
2.866413491789554513e-02
5.235641566385833279e-02
1.714430938077319763e-02
2.554665790048336188e-02
3.232671787991592965e-02
1.033844832573177636e-01
1.987082215964187382e-01
1.728598658596012735e-02
8.580051504389571773e-03
2.493367977040942055e-02
3.345967478063884698e-02
1.443615443103087211e-02
4.802600460496476986e-02
9.512561536839880816e-02
1.667416654850738256e-01
1.225019907660470919e-01
2.296535914692373476e-02
3.386574528359137960e-03
6.631492918778434525e-03
9.494748021982710173e-02
8.867985793703177244e-02
2.693729292073707149e-01
3.247774516270676703e-01
3.247774516270676703e-01
3.247774516270676703e-01
1.213477091986122219e-01
1.042188578420572831e-01
4.445528701239229857e-02
9.101666927242004976e-03
1.662274615489356053e-02
6.419570048761197301e-02
3.247774516270676703e-01
3.247774516270676703e-01
3.247774516270676703e-01
9.378253373661821213e-02
5.414695852459106527e-03
5.911415311461278368e-03
5.189270319774960671e-02
2.238907228231163532e-02
7.448366486159878341e-02
1.475305829234171140e-01
2.586001153460756874e-01
1.899886800942352516e-01
3.561703973078137603e-02
5.252247907648199474e-03
1.028480091477975561e-02
2.002843415151274453e-02
5.185242060479925384e-03
5.642545608657649481e-02
1.062354337971328638e-01
2.001245850066007137e-01
2.151841924921429061e-01
2.404017974766113272e-02
4.709776814594529570e-03
6.561572562453414463e-03
1.270519772417277350e-02
2.320402167041856270e-02
8.961205395197145707e-02
3.122301363725075718e-01
3.122301363725075718e-01
3.122301363725075718e-01
1.309129024081630843e-01
7.558481536590072429e-03
8.251862099789728996e-03
6.813431334420096130e-02
5.462022482053428135e-02
1.584138371925858102e-01
3.122301363725075718e-01
3.122301363725075718e-01
2.958054059864746455e-01
8.797896057898506317e-02
2.276694346262013099e-02
6.463030365281760559e-02
2.795808921977902331e-02
7.238182428859475832e-03
7.876541538900470873e-02
1.482961530558710439e-01
2.793578849129949027e-01
3.003798902535292359e-01
3.355816461537357992e-02
6.574471044094827750e-03
9.159429525810971334e-03
9.746701558264793397e-02
3.667531289700087099e-02
3.595151102028532053e-02
1.730988146356948199e-01
2.682346659585240212e-01
1.949923204244052855e-01
4.845933535314253526e-02
1.340632446431556674e-03
3.060180794375539498e-02
