1.762141883173236612e-01
1.273049321072590445e-01
1.597606172753600617e-01
1.979161198274822231e-01
2.489863024804381542e-01
2.489863024804381542e-01
4.471115737202331630e-02
2.289252041226588416e-02
3.939260288231494905e-02
2.489863024804381542e-01
2.161532737730916254e-01
2.466204723508161611e-01
2.489863024804381542e-01
2.489863024804381542e-01
2.353215840186255736e-01
5.747442248722138547e-02
2.477008432438712257e-02
6.587431289969107595e-02
5.550135273634054095e-02
1.209155410074820025e-01
2.489863024804381542e-01
1.016904029702216800e-01
2.489863024804381542e-01
2.386339250553041191e-01
4.412799111859389695e-02
1.844571096632115562e-02
1.997680984211203103e-02
1.026980057996432216e-01
4.692891292921616553e-02
1.789253080272981411e-01
1.914749504856513851e-01
1.355727772394959840e-01
1.914932947497440807e-01
1.224379356148245085e-01
4.692881560241805167e-02
1.936319953096091451e-01
2.701626826782343449e-01
1.577087384073009857e-01
1.799380730207645329e-01
2.701626826782343449e-01
2.701626826782343449e-01
1.716942310785631587e-01
4.193421872787881505e-02
1.807263281675940483e-02
4.806290739673897694e-02
2.701626826782343449e-01
1.498544120008067082e-01
2.701626826782343449e-01
2.701626826782343449e-01
2.701626826782343449e-01
1.588898033876056382e-01
3.339515117507906722e-02
1.462830334460721738e-03
3.858612936494934531e-02
7.493003760197343432e-02
3.424005347548939732e-02
1.305466445432838796e-01
1.397030558481954510e-01
9.891597424177726861e-02
1.397164401041753601e-01
8.933259266421582356e-02
3.423998246436717185e-02
1.412768687816580715e-01
9.905591629087369399e-02
1.610740225497288569e-01
1.895917829121654963e-01
2.701626826782343449e-01
2.701626826782343449e-01
1.587929010939913566e-01
3.848055772721531431e-02
1.391315540117322655e-02
3.636076503000130328e-02
2.252690702216888219e-01
1.037053805816648827e-01
2.730500714585223920e-01
2.730500714585223920e-01
2.730500714585223920e-01
1.099582408742750123e-01
2.311081012533127560e-02
1.012338405897829884e-03
2.670317928940180857e-02
2.197602854906383629e-01
2.110190964665505445e-02
1.516222308078891134e-01
2.730500714585223920e-01
2.730500714585223920e-01
2.730500714585223920e-01
1.087006861786236622e-01
2.519741989413966377e-02
7.108700463664741065e-02
6.855074442356288988e-02
1.114698098461684439e-01
1.312052660949126481e-01
2.346491853514877934e-01
2.216763812926427213e-01
1.098911805248042745e-01
2.663011939931476252e-02
9.628472440055678427e-03
2.516313617550665002e-02
6.297188332849615322e-02
1.123056515309556053e-01
1.115741596899950810e-01
2.730500714585223920e-01
2.730500714585223920e-01
2.007447879870800089e-01
1.071051449554366181e-01
5.222615255681942875e-02
6.245254706021172858e-02
1.861089892628791653e-01
1.787063147960312598e-02
1.284047300104244893e-01
2.717386362222084517e-01
2.717386362222084517e-01
2.717386362222084517e-01
9.205564504850839713e-02
2.133900735549629571e-02
6.020164450148406121e-02
2.220544883338491371e-01
1.389636593968950340e-01
2.717386362222084517e-01
2.717386362222084517e-01
2.717386362222084517e-01
1.825867561386091964e-01
2.442476982217966705e-02
1.431296974405226081e-03
2.543362659939101683e-02
5.332916969998031248e-02
9.510859183801727290e-02
9.448911135786015880e-02
2.717386362222084517e-01
2.412115321461906770e-01
1.700052832960938232e-01
9.070442472354547925e-02
4.422890352430241395e-02
5.288935798531047700e-02
1.992056121488482712e-01
9.582019659677995516e-02
5.428906392226175853e-02
1.504875502249697627e-01
2.415953192705145858e-01
1.241729276908009327e-01
9.052442488829154366e-02
4.867169125712753064e-02
1.903006755583821208e-01
2.438147606171485182e-01
1.525814299209199143e-01
2.813991637865440598e-01
2.813991637865440598e-01
2.813991637865440598e-01
2.004793804161562609e-01
2.681827983756143730e-02
1.571557196637233091e-03
2.792599972864944283e-02
8.004276073772426114e-02
1.814605923188848322e-02
2.809233222279588008e-02
2.813991637865440598e-01
2.813991637865440598e-01
2.521278436773203291e-01
2.192663991862066689e-02
2.272976066847337030e-04
8.769391700818734287e-03
2.187268044167709480e-01
1.052101151876187746e-01
5.960913118060855165e-02
1.652346066466293673e-01
2.652704990389735396e-01
1.363412776171662177e-01
9.939538331222912138e-02
5.344128300098570372e-02
2.089492268527851637e-01
6.650441226141144864e-03
1.679562034200257278e-02
4.844309569476253768e-02
9.533353797950593067e-02
2.813991637865440598e-01
2.813991637865440598e-01
5.219624114835535317e-02
2.972756273099111043e-03
4.015402171160955581e-03
9.957116491119813451e-02
2.257323759967687360e-02
3.494614901729465456e-02
2.906282702193805356e-01
2.906282702193805356e-01
2.906282702193805356e-01
2.727618411912751881e-02
2.827524596919560968e-04
1.090890093201875473e-02
2.906282702193805356e-01
1.380694933920586509e-01
1.796694974338421402e-01
2.906282702193805356e-01
1.376930588323508620e-01
2.493074059139644971e-01
8.872326577568341588e-02
5.583232921176678812e-03
1.936005488336058067e-02
8.272980266511952355e-03
2.089332586040134818e-02
6.026198279239028399e-02
1.185925041095133026e-01
2.906282702193805356e-01
2.906282702193805356e-01
6.493080057742298128e-02
3.698033430898950945e-03
4.995058492291803813e-03
1.143303528647449802e-01
1.039638647820779610e-01
9.775703473417066136e-02
2.906282702193805356e-01
2.512272225288491589e-01
1.933752608439861520e-01
7.553947138985819820e-02
1.827549422428116632e-02
9.271867477210332664e-02
2.547498065595890093e-01
1.536809633673876796e-01
1.999846655116024052e-01
2.547498065595890093e-01
1.532619654819069310e-01
2.547498065595890093e-01
9.875517482192813778e-02
6.214527141013598439e-03
2.154908960860633590e-02
2.194378649723398578e-01
1.197709298406604735e-02
2.226902309747711695e-01
2.155805086148212535e-01
4.765694736944686011e-02
1.245442101217045655e-01
2.218631408203263281e-02
1.574217585693428153e-03
1.025060356172603944e-02
1.272576464121217554e-01
1.157190230990268465e-01
1.088103889193427626e-01
2.547498065595890093e-01
2.547498065595890093e-01
2.152401348611957255e-01
8.408069335412178547e-02
2.034189805004528798e-02
1.032023433349101293e-01
1.614673418042267550e-01
2.345725352382799500e-01
1.695144639837909695e-01
2.547498065595890093e-01
2.547498065595890093e-01
2.547498065595890093e-01
5.563613453912082119e-02
3.805279225506361801e-02
2.138250080612804846e-02
6.501973431561167138e-02
1.416523375255897832e-01
2.596934663304107382e-01
1.191301230977393349e-01
2.596934663304107382e-01
2.596934663304107382e-01
5.169586175750975898e-02
2.160911702441225407e-02
2.340279658728300349e-02
1.203105279894159940e-01
5.497713659112688639e-02
2.096106746359812645e-01
2.243125580706848698e-01
1.588232632530037491e-01
2.243340483428803434e-01
1.434358200537213524e-01
5.497702257295900008e-02
2.268395321793495734e-01
1.406684236741358451e-01
1.587054684574005781e-01
2.596934663304107382e-01
1.822388481383355741e-01
1.507493091493766757e-01
1.202399709601605360e-01
3.163994396106036694e-02
2.531689255456694501e-02
8.233858491342657682e-02
3.278763076965134776e-02
2.596934663304107382e-01
2.596934663304107382e-01
2.596934663304107382e-01
2.596934663304107382e-01
1.739548786237339606e-01
2.275237830112130516e-02
4.983553700840759500e-03
1.676006525154107377e-02
9.837572411903658387e-02
4.495380173727674122e-02
1.713948250830424069e-01
1.834162869864418288e-01
1.298668852225229042e-01
1.834338591900060433e-01
1.172848536051143420e-01
4.495370850670068336e-02
1.854825476198571910e-01
1.300506152839929486e-01
2.114742513445405647e-01
2.489152485159336070e-01
2.581442986926941741e-01
2.581442986926941741e-01
2.084793646182894200e-01
5.052116416954120087e-02
1.826659616323285384e-02
4.773808613775890053e-02
2.680984759202296661e-02
2.581442986926941741e-01
2.581442986926941741e-01
2.581442986926941741e-01
2.581442986926941741e-01
1.422397310911511781e-01
1.860420470434616391e-02
4.074960954783971370e-03
1.370439963115865911e-02
3.840295148164286215e-02
8.706856686303694748e-02
2.414563186838776521e-01
2.581442986926941741e-01
2.581442986926941741e-01
1.557924362084667225e-01
6.147963570968413560e-02
1.418319607308847485e-02
4.636405293963853647e-02
9.443362957901847710e-02
1.535577595950720631e-01
1.807447840488317359e-01
2.482233062804214685e-01
2.482233062804214685e-01
1.513830830422520091e-01
3.668492373272494445e-02
1.326392014356403935e-02
3.466404778862487712e-02
8.674834320387531106e-02
1.547091922266448094e-01
1.537015090843214526e-01
2.482233062804214685e-01
2.482233062804214685e-01
2.482233062804214685e-01
1.475451166836955486e-01
7.194531855722276215e-02
8.603291977268548441e-02
2.788552816177906901e-02
6.322308259107520256e-02
1.753286326890083902e-01
2.482233062804214685e-01
2.353406694573340618e-01
1.131255333163657673e-01
4.464219667537319691e-02
1.029884158016344808e-02
3.366632131284292423e-02
1.855493106393510394e-01
2.147289387566812535e-01
2.482233062804214685e-01
2.482233062804214685e-01
2.094951622288391546e-01
2.482233062804214685e-01
1.560482304138577359e-01
2.822508676869343869e-02
9.341070731635504887e-02
6.265705294187001728e-02
1.117441750461671546e-01
1.110163403271939575e-01
2.534764230854276157e-01
2.534764230854276157e-01
1.997411565904221031e-01
1.065696686060940285e-01
5.196504587027350741e-02
6.214031311551316411e-02
2.340489577645274433e-01
1.125802476363522153e-01
6.378484366957951068e-02
1.768095482188190293e-01
2.534764230854276157e-01
1.458921964853389375e-01
1.063581847358128496e-01
5.718492811766610895e-02
2.235864456622053409e-01
1.340195391713018269e-01
1.550955555682347331e-01
2.426726001110465769e-01
2.534764230854276157e-01
1.513152757279591365e-01
2.379795465052013392e-01
1.127113426425580822e-01
2.038656521426100363e-02
6.746918059176164328e-02
1.740405064971261781e-02
6.819714355269629324e-02
1.575152038762417106e-01
2.534764230854276157e-01
2.534764230854276157e-01
2.534764230854276157e-01
2.151233903904290201e-01
1.647440533439730251e-02
2.513963950367466976e-02
2.600309355391769994e-01
1.250778785589179709e-01
7.086565448117837507e-02
1.964373295003276343e-01
2.709484243672955484e-01
1.620878157386000940e-01
1.181650990598585443e-01
6.353307658023242543e-02
2.484069708950195354e-01
7.906303291875811656e-03
1.996728696392407326e-02
5.759103703595792184e-02
1.133362192858418382e-01
2.709484243672955484e-01
2.709484243672955484e-01
6.205292238245055381e-02
3.534128324533086698e-03
4.773666336492990783e-03
1.933608940557262831e-02
7.576776760077863493e-02
1.750011032597346139e-01
2.709484243672955484e-01
2.709484243672955484e-01
2.709484243672955484e-01
2.390044245181465188e-01
1.830324335759208818e-02
2.793041268671242125e-02
1.247235088035023171e-01
6.686656023887684042e-02
2.709484243672955484e-01
2.709484243672955484e-01
1.561206507416084688e-01
6.376842410661560934e-02
6.986216326082049510e-02
5.374167183109314350e-02
9.013533776244507523e-02
1.080212963745252712e-02
2.728066636580422921e-02
7.868479427762369027e-02
1.548476561229850945e-01
2.763563897875643272e-01
2.763563897875643272e-01
8.478092570098931524e-02
4.828566639509957424e-03
6.522107830814837144e-03
1.492825140826029851e-01
1.357468661604922244e-01
1.276425336641935637e-01
2.763563897875643272e-01
2.763563897875643272e-01
2.524923992347006818e-01
9.863279452036217976e-02
2.386253217577584060e-02
1.210638865845301698e-01
1.704057460479402597e-01
9.135764534268282777e-02
2.763563897875643272e-01
2.763563897875643272e-01
2.133026581622810836e-01
8.712476090861992484e-02
9.545044206332350956e-02
7.342552955809596160e-02
1.231490328009536284e-01
1.239834982921761281e-01
2.763563897875643272e-01
2.326724354276974160e-01
2.496347268287544274e-01
8.805855043023584627e-02
1.446301040192063316e-03
1.609681423759505570e-02
9.614748841764715614e-02
1.103084183305470950e-01
1.455942790768443018e-01
1.323930484225478432e-01
1.244889448880592414e-01
2.659446076156734562e-01
2.659446076156734562e-01
2.462542184854795702e-01
9.619593225486930410e-02
2.327297467108349616e-02
1.180728325606999196e-01
1.847332705518393292e-01
2.659446076156734562e-01
1.939399075234417291e-01
2.659446076156734562e-01
2.659446076156734562e-01
2.659446076156734562e-01
6.365277943781011416e-02
4.353584253236023743e-02
2.446351851932187377e-02
1.209203111443190176e-01
2.659446076156734562e-01
2.269239348314071036e-01
2.434671489057743665e-01
8.588293977516976707e-02
1.410568133641802767e-03
1.569911974459206258e-02
9.377202914382004595e-02
1.075830933156463054e-01
9.102461642457472524e-02
2.659446076156734562e-01
1.230460358609032773e-01
1.105580331171646530e-01
1.352670298128389181e-01
7.625434079690421307e-02
2.384267321940748696e-02
4.800310664417729162e-02
3.584366814883833269e-02
1.765966828871048944e-01
1.992405868608178865e-01
2.867968902075923032e-01
2.287846499861946881e-01
1.892523371483365857e-01
1.509505791519747953e-01
3.972113289049744589e-02
3.178310476061593087e-02
1.033687631491024966e-01
4.116195150562578647e-02
2.867968902075923032e-01
2.867968902075923032e-01
2.867968902075923032e-01
2.867968902075923032e-01
2.183848637427271422e-01
2.856358542183151314e-02
6.256408009497373135e-03
2.104076985500326347e-02
1.397378095222664117e-02
2.376182904128254503e-02
8.193342808204917560e-02
2.153425475984324100e-01
2.239500874377529094e-01
1.967114131166063651e-01
9.230643789110176689e-02
1.580994395348679291e-02
1.236471422962235993e-02
5.555112867487935896e-02
5.078967899380851247e-02
1.744087551331469366e-01
2.867968902075923032e-01
2.231820665167475459e-01
1.049262724042453881e-01
6.221268251532247745e-02
4.173430818437706691e-02
8.103397193933573051e-02
2.744076011007471130e-02
2.773664436449527204e-01
2.773664436449527204e-01
2.773664436449527204e-01
2.773664436449527204e-01
1.455870394487123742e-01
1.904201493792099381e-02
4.170856459900913922e-03
1.402690341451676842e-02
3.930668294586466688e-02
8.911753967327624981e-02
2.471384775808075918e-01
2.773664436449527204e-01
2.773664436449527204e-01
1.594586785429044917e-01
6.292642766332588733e-02
1.451696730836981100e-02
4.745513192794039575e-02
3.703335580682842049e-02
3.385911858786180145e-02
1.162702115824448962e-01
2.125082296944292570e-01
1.487851115931608237e-01
6.994946947293616268e-02
4.147430416349132121e-02
2.782232370811904554e-02
5.402158312270309570e-02
1.572806070217740160e-01
2.066170726175256822e-01
1.782750844949621549e-01
2.773664436449527204e-01
2.773664436449527204e-01
2.324725414142910229e-01
1.079182520576923709e-01
2.179285916565091089e-02
2.429288081314088382e-02
2.890291204765013666e-02
6.552973230092067058e-02
1.817253745615217964e-01
2.532265615972280060e-01
2.439269082908582797e-01
1.172528388495057139e-01
4.627093582866861204e-02
1.067458757306734285e-02
3.489461337177514333e-02
1.923189467596989888e-01
2.225631730897671134e-01
2.532265615972280060e-01
2.532265615972280060e-01
2.171384459056998895e-01
2.532265615972280060e-01
1.617415403673466978e-01
2.925485921156006225e-02
9.681873128635591630e-02
1.156512636238519187e-01
1.519292555322469263e-01
1.310888811081267757e-01
2.532265615972280060e-01
2.532265615972280060e-01
1.709412475035076706e-01
7.935423479654818424e-02
1.602468192493209861e-02
1.786299287816470183e-02
2.532265615972280060e-01
1.490486215517791146e-01
1.525180053737288377e-01
1.414206890718240628e-01
1.397863400912656706e-01
1.398089469738498791e-01
8.289093403325452358e-02
5.336671147480081395e-02
2.493605441962301605e-01
1.371421548890416620e-01
1.587092362491534514e-01
2.483268000885809901e-01
2.734884694551477646e-01
1.548408770040411164e-01
2.435243997184921017e-01
1.153374836685568949e-01
2.086156616831898875e-02
6.904119259151621224e-02
1.780955989446288482e-02
6.978611687464164604e-02
1.611852616487748635e-01
2.734884694551477646e-01
2.734884694551477646e-01
2.734884694551477646e-01
2.201357019103784840e-01
1.685825411760981385e-02
2.572538568619324104e-02
2.734884694551477646e-01
1.062861953398326620e-01
1.087602041751341148e-01
1.008467359663562934e-01
9.968128583879010129e-02
9.969740674962682125e-02
5.910931556987963215e-02
3.805566707964944118e-02
1.778183738605071396e-01
1.978147302508609651e-01
2.734884694551477646e-01
2.734884694551477646e-01
1.776476084043377701e-01
1.043274290352124711e-01
3.872933936830075252e-02
1.333848421876555543e-02
2.913860043811379585e-02
1.207224765131952454e-01
1.841107414303145076e-02
7.214312872115107023e-02
1.666292609455309048e-01
3.005570636421403541e-01
3.005570636421403541e-01
3.005570636421403541e-01
2.275707402887779673e-01
1.742763820783007830e-02
2.659425533439707667e-02
1.187568861415446986e-01
6.366774441437179910e-02
2.678896507119102877e-01
2.909536034905448321e-01
1.486520265692239384e-01
6.071781938869275780e-02
6.652004139041903241e-02
5.117073488331954495e-02
8.582337160549627364e-02
2.044958823695966210e-01
3.005570636421403541e-01
3.005570636421403541e-01
1.836476201010086851e-01
1.078510666463090434e-01
4.003741489659740777e-02
1.378898879941995587e-02
3.012275071755563319e-02
1.247998535048494700e-01
2.151317124348133547e-01
3.005570636421403541e-01
7.232443561146653654e-02
4.677746808532557733e-03
7.644362488436386854e-03
5.510286153038557178e-03
1.183783076665227436e-03
3.446276304451024140e-03
5.179693453072968003e-03
2.007038157409857249e-01
1.076009961086037553e-01
3.384713558077356299e-01
3.384713558077356299e-01
2.512277807159213894e-01
1.026155066095111312e-01
1.124214903579800889e-01
8.648055770940078768e-02
1.450448788329573857e-01
1.460277119361639842e-01
3.384713558077356299e-01
2.740414962001889720e-01
2.940196758499813434e-01
1.037153235137752566e-01
1.703452754433760954e-03
1.895882101211694357e-02
1.132424712597727839e-01
1.299212085316961141e-01
3.384713558077356299e-01
3.384713558077356299e-01
1.222311452426716322e-01
7.905576375787674512e-03
1.291927373801115934e-02
9.312600664027233244e-03
2.000640032049467824e-03
5.824342712865161580e-03
8.753885978125772530e-03
1.057219419548870443e-01
6.544954187981268101e-02
5.719375381055320784e-02
1.626263664310776888e-02
1.252040199586819565e-03
4.974195262493655116e-04
2.833315821230325375e-03
4.938746346226720839e-03
4.929648007503089485e-02
2.425074909864329276e-01
3.519126705124148158e-01
3.519126705124148158e-01
3.519126705124148158e-01
1.722395191206372578e-01
2.828915471004889159e-03
3.148481924937103493e-02
1.880612057409747906e-01
2.157595013247896043e-01
1.825512284762520476e-01
3.519126705124148158e-01
2.467706636715530921e-01
2.217257875530878608e-01
2.712800496679810269e-01
1.529292199836554955e-01
4.781683743723622732e-02
9.627094771481256585e-02
7.188501210645026340e-02
1.755719003314984705e-01
1.086917269129251684e-01
9.498138095018723859e-02
2.700727935029296339e-02
2.079256898503509688e-03
8.260621198469934607e-04
4.705273416042406523e-03
8.201751360491234266e-03
8.186641794870037903e-02
1.008097744099286652e-01
6.092130569036305343e-02
3.068921256568382661e-02
2.734025710020987487e-02
1.640093167905121510e-02
1.748080022758962196e-02
4.271365634651022765e-03
4.606914426499190279e-03
2.803025417092476837e-02
2.060839610522323048e-02
3.504371413445676181e-02
1.208346220644481023e-01
2.542418124279786085e-01
2.542418124279786085e-01
2.542418124279786085e-01
1.361326359433803201e-01
2.331635142333597296e-02
1.823536016795397965e-02
8.192626374622809238e-02
7.490412411214711352e-02
2.542418124279786085e-01
2.542418124279786085e-01
2.542418124279786085e-01
1.547442450217227927e-01
9.175065849590016698e-02
6.154935140185191500e-02
1.195081129019181787e-01
1.105085030361676185e-01
1.578041241839098774e-01
1.262919002057278639e-01
1.645887440505971466e-01
2.542418124279786085e-01
2.542418124279786085e-01
1.249072043138981930e-01
2.151981707865300436e-02
5.000556738704672183e-02
2.476240209644156864e-01
2.542418124279786085e-01
2.428059439176313283e-01
6.608086245405073167e-02
1.423890639887244736e-01
1.850272451403304763e-01
1.811506391108475278e-01
5.674392847583531463e-02
7.699211578386774835e-02
4.138916488206210303e-02
3.784157853002096533e-02
1.299457435928810245e-01
2.375031364561373537e-01
1.662849985252991547e-01
7.817682363244811417e-02
4.635245108073686449e-02
3.109474467731375077e-02
6.037552261583898489e-02
1.757797216847067356e-01
2.309190701113549848e-01
1.992435388522101336e-01
3.268878866316601850e-01
3.268878866316601850e-01
2.598156212830695644e-01
1.206114388201400961e-01
2.435610334541623775e-02
2.715017387784171218e-02
1.250997050738477945e-01
1.741128664249471936e-01
1.226656115831261662e-01
3.338406497007492119e-02
7.193498369566669881e-02
9.347580136826931507e-02
9.151733922438259894e-02
2.866704405094289143e-02
3.889643234150332723e-02
3.509346140960652866e-02
1.156857397004455584e-01
3.268878866316601850e-01
3.268878866316601850e-01
3.268878866316601850e-01
1.463282516599644645e-01
1.121980388389719474e-01
6.000190582206980927e-02
4.993739156070630542e-02
1.199813397401526122e-01
1.576176087774582846e-01
1.359969540112040964e-01
2.819953364171550736e-01
2.819953364171550736e-01
1.773414249846029522e-01
8.232532102641783311e-02
1.662465887546628676e-02
1.853179766597022257e-02
2.819953364171550736e-01
1.546291215491504834e-01
1.582284018854570595e-01
1.467155931559883386e-01
1.450200528380881093e-01
1.450435061404975468e-01
8.599443712062786183e-02
5.536480397739658443e-02
2.586968030743316826e-01
2.395361919844401360e-02
7.896320408895962650e-02
2.819953364171550736e-01
2.819953364171550736e-01
2.726363566222118062e-01
9.987875454421216159e-02
7.658261651058655139e-02
4.095528755249325942e-02
3.408558783207706749e-02
5.106190549380130311e-02
5.860538019181894820e-02
1.659101815512400990e-01
2.819953364171550736e-01
2.819953364171550736e-01
1.419043628749793451e-01
4.814295013398236373e-02
1.964555221633014145e-02
2.482981883915802088e-02
2.886653148342400721e-01
1.490946244744244809e-01
1.525650790999409923e-01
1.414643376809295305e-01
1.398294842688041495e-01
1.398520981288609577e-01
8.291651780039462072e-02
5.338318277573772530e-02
2.494375077649370331e-01
2.774877097440763274e-01
2.886653148342400721e-01
2.886653148342400721e-01
2.491979638478801495e-01
1.463469343751905294e-01
5.432818712530683436e-02
1.871076755825492807e-02
4.087462794335936650e-02
1.693453438972793434e-01
4.923429395624527583e-02
5.650777204410836058e-02
1.599719119338269546e-01
2.886653148342400721e-01
2.886653148342400721e-01
1.368253113137066768e-01
4.641981406481369976e-02
1.894239714318891529e-02
2.394110810760531963e-02
6.069695263380148892e-02
3.235081772763909180e-02
1.248404661944982515e-02
2.448599820732029128e-02
1.944580510407618312e-01
2.886653148342400721e-01
1.587340884972967825e-01
2.313989488967611516e-02
8.512838349006027205e-02
2.844967252206888064e-01
3.253014175376926498e-01
3.253014175376926498e-01
2.554924133820992149e-01
1.500434870222844552e-01
5.570045368345014764e-02
1.918337969490076581e-02
4.190707330866945413e-02
1.736228095095870005e-01
2.992933988186887162e-01
3.253014175376926498e-01
1.006184811472563001e-01
6.507728336719302564e-03
1.063491386310360873e-02
7.665965433646541698e-03
1.646890904503609844e-03
4.794494204288891198e-03
7.206041549447790052e-03
6.223008677075441558e-02
3.316796160166226443e-02
1.279937905722581398e-02
2.510448592540229229e-02
1.993698343069599255e-01
3.253014175376926498e-01
1.627435261908423414e-01
2.372438161003756832e-02
8.727862703753533347e-02
2.669015726644034716e-03
7.707395622083186744e-03
1.295549127495703237e-02
2.706094411791627741e-02
6.241652040098161214e-02
2.398125424742742762e-01
2.775965965549991310e-01
1.410843537908451628e-01
1.819502601733436198e-01
4.204191244433549413e-01
4.204191244433549413e-01
1.860468477054196823e-01
1.203300158146817025e-02
1.966430199789441502e-02
1.417461968503924870e-02
3.045154903990309261e-03
8.865175888954234321e-03
1.332420544837052689e-02
1.609183485514413814e-01
9.962011667589321107e-02
8.705406125229137038e-02
2.475320244134135428e-02
1.905718316482501269e-03
7.571174651279490367e-04
4.312562694616481340e-03
7.517218197603606211e-03
7.503369703952278424e-02
4.935096979764470003e-03
1.425122545239523517e-02
2.395512518871439900e-02
5.003656675857234143e-02
1.154101784576609807e-01
4.204191244433549413e-01
4.204191244433549413e-01
2.608695637626275987e-01
3.364319552278853265e-01
2.962144496128620366e-02
3.901005869423627981e-02
3.648058183497289442e-02
5.004065328138585650e-02
4.100807323262637555e-02
1.411776774119819812e-02
9.721411803395396331e-03
1.360850548334155939e-02
3.744048084104815988e-02
2.880829345553222454e-01
2.880829345553222454e-01
2.880829345553222454e-01
1.259249237998239235e-01
9.694803504947358333e-03
3.851621192436966486e-03
2.193894426341207529e-02
3.824172371082455030e-02
2.880829345553222454e-01
2.880829345553222454e-01
2.840534463817263044e-01
1.430924123709785556e-01
1.274774755115856140e-01
7.647145960699068545e-02
8.150648601319736286e-02
1.991579326033749223e-02
2.148033278675761867e-02
1.306946758606067627e-01
1.506907321761682128e-01
1.984526519402620703e-01
1.855846530818929807e-01
2.545676853847302912e-01
2.086169863973465766e-01
7.182015463441016045e-02
4.945493592072515432e-02
6.922942678145085904e-02
1.904678680712260652e-01
5.630137710792799954e-02
6.042009961629005860e-02
2.395035771626490007e-01
2.095728771581782390e-01
2.019073481182650787e-01
8.922802268748418475e-02
2.598991071285077642e-02
2.062482772120605504e-02
8.844963257311352911e-02
6.388106889726057058e-02
9.122099976293192303e-02
7.300489425295757229e-02
9.514294927123108370e-02
2.573819238465833714e-01
2.526905793172208869e-01
7.220445038450000463e-02
1.243984742973088323e-02
2.890645522954065835e-02
1.431427148973993813e-01
1.992249972445807593e-01
1.403575544498163463e-01
3.819901646695952890e-02
8.231009702396557826e-02
1.069577260567122629e-01
1.047167968064455362e-01
3.280166416949566177e-02
4.450642726854626974e-02
1.659502771317021563e-01
2.818593531130022534e-01
2.818593531130022534e-01
2.605286331644531828e-01
2.818593531130022534e-01
2.818593531130022534e-01
9.657178370816671409e-02
3.229333747555394873e-02
4.521617216918853016e-02
5.811778424135827237e-02
1.321048096091348434e-01
1.334989437846511584e-01
2.818593531130022534e-01
2.818593531130022534e-01
2.818593531130022534e-01
1.396193379708680349e-01
2.079459563600085867e-02
2.861492635669304896e-02
9.966160334140075627e-02
1.387083000718033476e-01
9.772246479726923174e-02
2.659566174842001307e-02
5.730753567496926770e-02
7.446818705515502457e-02
7.290796373386126961e-02
2.283781221937342815e-02
3.098712989871723125e-02
2.795746503811790892e-02
9.216189834721344454e-02
3.089143481335375752e-01
3.089143481335375752e-01
3.089143481335375752e-01
1.165734816558308684e-01
8.938339571505730941e-02
4.780096111527370323e-02
3.978299154813706023e-02
4.046389342478924622e-02
9.197657836931288911e-02
9.294722956385385870e-02
3.089143481335375752e-01
3.089143481335375752e-01
3.089143481335375752e-01
9.720848937101182752e-02
1.447801757431661784e-02
1.992284023848669289e-02
3.089143481335375752e-01
3.089143481335375752e-01
3.089143481335375752e-01
9.799872895900843539e-02
2.778969263549687513e-02
4.014542502108657540e-02
3.542592918050945644e-02
4.932146947230205830e-02
8.307564247835795557e-02
2.905177056601750130e-02
9.576928101533339899e-02
3.220998590123484440e-01
3.220998590123484440e-01
3.220998590123484440e-01
1.211363776554699317e-01
9.288202278657696487e-02
4.967197681415906618e-02
4.134016947926038438e-02
6.192962953865216447e-02
7.107861426541957350e-02
2.012215560856054075e-01
3.220998590123484440e-01
3.220998590123484440e-01
1.721064762033366058e-01
5.838942040769063563e-02
2.382679923661031388e-02
3.011445552903569897e-02
3.220998590123484440e-01
3.220998590123484440e-01
3.220998590123484440e-01
1.018345756883439618e-01
2.887743124943031175e-02
4.171678925101788421e-02
3.681256384428727851e-02
5.125200060644041072e-02
8.632737272907733961e-02
8.748679250717195099e-02
7.970295816461145377e-02
6.960391164488147209e-02
3.651047186446166465e-02
3.992610750231270073e-02
2.153170790613615632e-02
1.464083582194133579e-02
9.191393132220193954e-03
4.145559991399190569e-02
1.031499834206391353e-01
1.183885312678006757e-01
3.333987712467118003e-01
3.333987712467118003e-01
3.333987712467118003e-01
2.866605258130722200e-01
9.725341152307334647e-02
3.968591390796718382e-02
5.015863346320951349e-02
1.271652166561791641e-01
6.777768185760285613e-02
2.615512680984408839e-02
5.130022401392645565e-02
3.333987712467118003e-01
3.333987712467118003e-01
3.325612551961759644e-01
4.848002443879166623e-02
1.783511174838666724e-01
1.457179909498306780e-01
1.327532374164190065e-01
1.159322667625538317e-01
6.081183749288253393e-02
6.650091979548830579e-02
3.586321006732001715e-02
2.438577436273836607e-02
1.530918328212114467e-02
6.904844217019001640e-02
1.293218819629818606e-01
1.860603677026468894e-01
1.309071886353116443e-01
6.112435521106968084e-02
5.204385166033168031e-02
7.803329232338772348e-02
1.905327082166407074e-02
1.061438852283578226e-02
7.886968863458927725e-02
1.113411375199468839e-01
5.934361922957392954e-02
2.290045696112132795e-02
4.491656953789430889e-02
3.115099179015073383e-01
3.115099179015073383e-01
2.911782751781624157e-01
4.244730760459566182e-02
1.561576099248715155e-01
4.775362890910071420e-03
1.378995660154367676e-02
2.317977059870288820e-02
4.841703518029639303e-02
1.116747017738091013e-01
3.115099179015073383e-01
3.115099179015073383e-01
2.524260089047742905e-01
3.115099179015073383e-01
1.132294335086090481e-01
1.629075428967600159e-01
1.146174691118699018e-01
5.351821369340695883e-02
4.556766226764522032e-02
6.832305059648044465e-02
1.668233580331502861e-02
9.293564099422921970e-03
6.905536812131472801e-02
3.115099179015073383e-01
8.370919308104017575e-02
8.498347285358694159e-02
4.675717990131666307e-02
3.862001647299211082e-02
2.572386616254470140e-02
2.694466232257906879e-02
1.596257923977700000e-01
3.115099179015073383e-01
4.512208528031429536e-03
1.303003796781827817e-02
2.190241055237303683e-02
4.574893343883575103e-02
1.055206804635357848e-01
3.090708727829230562e-01
3.090708727829230562e-01
2.385156512911616455e-01
3.076031015613399644e-01
2.708318339335008193e-02
3.566728683162377622e-02
3.335456084009298661e-02
4.575266978751638819e-02
3.749409150764553694e-02
1.290801624766485349e-02
8.888384042633260679e-03
1.244239267181064014e-02
3.423220610198374897e-02
3.090708727829230562e-01
7.909625792290640722e-02
8.030031637629186925e-02
4.418054726249576181e-02
3.649179584107778429e-02
2.430630947304882744e-02
2.545983161788530069e-02
1.508293460004935527e-01
3.090708727829230562e-01
2.396674033283368588e-01
4.610087867853345303e-03
4.245470966331041374e-02
1.202593989800511826e-01
2.993562791053699379e-01
3.090708727829230562e-01
1.846959928150389008e-01
1.257979532094836983e-01
3.090708727829230562e-01
4.324515796553369401e-02
5.695185203428838189e-02
5.325899955892901549e-02
7.305571887800538233e-02
5.986880812616841852e-02
2.061091539885237522e-02
1.419255507742061412e-02
1.986742949478260967e-02
5.466038238150692369e-02
1.615734366372988812e-02
1.733933278089793903e-02
6.873262793361864520e-02
6.014312922311305931e-02
5.794327917637703135e-02
2.560661747639135510e-02
7.458572787166399889e-03
5.918903703863827998e-03
2.538323543445253350e-02
3.468886822784232882e-01
7.361172251606860374e-03
6.778969071344562169e-02
1.920245722299175339e-01
3.468886822784232882e-01
3.468886822784232882e-01
2.949139053885588835e-01
2.008682760543096524e-01
3.468886822784232882e-01
1.871465545772599617e-02
1.415112995844095521e-02
4.520105179972734588e-02
1.071562798341694073e-01
3.468886822784232882e-01
3.468886822784232882e-01
2.450966571660299909e-01
7.794953470752418248e-03
2.057679029006086527e-02
8.670583175956127209e-02
2.078164588548965519e-01
1.652513966249213317e-01
1.361212058584155282e-01
1.727726533713077051e-01
1.473193657456793315e-01
5.045690176386846693e-02
1.687264844931805202e-02
2.362458131842473316e-02
3.036542577552009056e-02
6.902222517837763860e-02
6.975063350261706541e-02
2.890287970875325962e-01
2.890287970875325962e-01
2.599116191266683806e-01
7.294842188709296793e-02
1.086477673847018044e-02
1.495074930502596905e-02
6.516230299555965388e-02
1.496590229246209380e-01
2.015680126961142682e-01
2.643501498706339881e-01
1.379011757695379203e-01
1.341550016157200820e-01
3.134910312670233928e-02
5.312842369014214930e-03
1.442377513609695121e-02
2.890287970875325962e-01
2.890287970875325962e-01
2.890287970875325962e-01
2.890287970875325962e-01
2.481505882702697008e-01
1.200540243774426141e-01
7.512222394233812606e-02
3.589666427581945929e-02
7.217704469065640283e-02
2.757834858524443530e-02
6.268705073232026803e-02
6.334860242030825039e-02
2.695927793412522533e-01
2.853407581254773229e-01
2.360557459862514806e-01
6.625288321060161800e-02
9.867558005260793769e-03
1.357850138485486302e-02
2.593569861046225444e-01
2.853407581254773229e-01
2.796002803924887425e-01
6.679147455659105448e-02
1.894019002405289767e-02
2.736129501211204476e-02
2.414470139192645068e-02
3.361526938508445361e-02
5.662057783613363982e-02
2.853407581254773229e-01
2.853407581254773229e-01
2.853407581254773229e-01
2.853407581254773229e-01
2.253741961513382186e-01
1.090349187862107994e-01
6.822716380452635565e-02
3.260190480332838397e-02
6.555230652936876179e-02
2.145244127266420775e-01
2.853407581254773229e-01
7.351851559809068071e-02
1.415375169723659572e-02
2.007864461320158292e-02
4.739939972119253803e-02
1.240289465308531437e-02
4.452145067032496975e-03
7.218882545396117234e-02
3.840507190242499758e-01
3.840507190242499758e-01
3.840507190242499758e-01
1.654250208082502227e-01
4.690989904986275771e-02
6.776677452875087826e-02
5.980011306359569317e-02
8.325623403913583187e-02
1.402343686660420252e-01
1.421177863522292695e-01
1.294733485531583683e-01
1.130679678720166864e-01
5.930938020875867883e-02
6.485790429937930701e-02
3.497714999383489537e-02
2.378328337034588819e-02
1.493094452327913164e-02
6.734248590948421764e-02
3.840507190242499758e-01
3.840507190242499758e-01
1.820861427801143961e-01
3.505514265965729848e-02
4.972955343463909134e-02
1.173959212194557039e-01
3.071872749763546878e-02
1.102679938187591663e-02
1.787928479214303257e-01
7.183173306388923596e-02
1.323504212072357245e-01
1.212467971411168299e-01
5.689623830380279718e-02
4.348241999865815055e-02
5.041236420186012007e-02
1.235920551359750291e-02
2.167185410161082126e-02
6.954960596083148427e-02
2.380644875632747515e-01
2.380644875632747515e-01
2.380644875632747515e-01
1.345776722713379614e-01
1.471677120597978394e-01
7.936591838065780447e-02
5.396615010450064864e-02
3.387949345757364228e-02
1.528054241464723018e-01
2.380644875632747515e-01
2.380644875632747515e-01
2.380644875632747515e-01
1.352692795108347001e-01
1.151739644983099248e-01
1.726890564979144671e-01
4.216522542399845502e-02
2.348982959368779364e-02
1.745400163323548304e-01
1.629918808277602549e-01
2.380644875632747515e-01
2.380644875632747515e-01
1.291020625231614760e-01
9.866504838774074748e-02
1.143896396168941759e-01
2.804401434121561731e-02
4.917515017916378184e-02
1.578135540221888011e-01
1.298460807135778106e-01
2.380644875632747515e-01
2.380644875632747515e-01
2.380644875632747515e-01
2.380644875632747515e-01
1.142649544169742626e-01
5.494967467666721228e-02
3.668833981468926780e-02
1.542790688824662859e-01
1.933586026472787767e-01
2.781924617932859944e-01
1.957289105818388053e-01
9.139149331828845535e-02
7.781456842937486962e-02
1.166732816951728396e-01
2.848793851447123035e-02
1.587034847914083752e-02
1.179238389832237971e-01
3.925655949794466526e-01
1.429477486668741804e-01
1.451237990856250604e-01
7.984587301462231501e-02
6.595027624919516662e-02
4.392789632297403740e-02
4.601261433583472144e-02
2.725883121383866903e-01
3.925655949794466526e-01
8.772743715982009305e-02
1.676219829204718403e-01
2.251214745728331856e-01
2.180519206056496795e-01
1.693767548203887752e-01
7.720041724090793978e-02
3.712544965283497839e-02
2.478761012965035107e-02
1.042350084506388358e-01
2.754188379538338172e-01
1.334136337449847998e-01
9.566922750396424091e-02
1.600338532560457161e-01
1.333741866792102215e-01
4.978321223755523273e-02
7.237625059837982100e-02
5.431496274482307957e-02
1.635122008701843932e-01
2.554534211007592481e-01
5.230576039348878298e-02
5.310199519164976456e-02
2.921626357365346774e-02
2.413175009432087098e-02
1.607357961973938584e-02
1.683639513719671285e-02
9.974231195485787349e-02
3.135926153872651834e-01
1.584902510159229561e-01
3.048616429413075930e-03
2.807498015125631588e-02
7.952663594081176013e-02
1.979620555808523363e-01
3.135926153872651834e-01
1.221380707445984676e-01
8.318924019110897350e-02
3.135926153872651834e-01
1.007780246993473794e-01
4.881714909796933816e-02
3.500615950597429221e-02
5.855770700358882419e-02
4.880271509120902296e-02
1.821608801257872112e-02
2.648306711566439028e-02
1.987429290497345208e-02
5.983046308801229923e-02
3.135926153872651834e-01
3.135926153872651834e-01
3.135926153872651834e-01
2.862702104526367863e-01
1.230550145787068922e-01
8.834881097432763231e-02
4.097573484470966310e-02
6.670805764772985702e-02
3.135926153872651834e-01
1.324152380845135535e-01
2.547054268268749214e-03
2.345604954952786037e-02
6.644281502907743719e-02
1.653930923410848741e-01
2.753892479693713091e-01
1.020437636583989421e-01
6.950284307940673978e-02
2.753892479693713091e-01
6.475496216295551638e-03
4.896461423464838238e-03
1.564010839327946087e-02
3.707736357668352245e-02
2.693767678193416115e-01
1.535044406365630443e-01
8.480639569830292213e-02
2.697147795217304765e-03
7.119817298682273865e-03
2.753892479693713091e-01
2.753892479693713091e-01
2.753892479693713091e-01
2.391726799005533532e-01
1.028098507541370665e-01
7.381355486952914657e-02
3.423435605894153966e-02
5.573316515658850723e-02
2.753892479693713091e-01
7.973197295220091352e-02
1.429883051918707237e-01
2.245481180154591250e-01
2.753892479693713091e-01
2.753892479693713091e-01
2.186051936830071263e-01
1.319594035176383240e-01
5.080948775224481545e-02
2.473577123096507707e-02
4.009758950190677601e-02
9.209260248056040654e-02
1.240347725333568879e-01
1.626677282262801172e-01
8.485741730481841105e-02
8.255221097359533022e-02
1.929065442197630542e-02
3.269254808498504340e-03
8.875662582312905668e-03
2.064040815781638671e-01
3.479369419993407209e-01
2.769277451581258487e-01
3.479369419993407209e-01
1.526993363601037157e-01
7.387518191102966647e-02
4.622642171372377817e-02
2.208899382696239561e-02
4.441410718193822271e-02
8.449885362332361372e-02
5.485255206833115210e-02
1.145188036615713417e-01
1.176129732181382392e-01
3.479369419993407209e-01
3.479369419993407209e-01
3.963828316592216822e-02
9.566103810641282679e-03
3.094862908335372503e-02
3.479369419993407209e-01
3.479369419993407209e-01
9.696564470249480205e-02
3.284089202628031473e-02
3.762994323064107471e-02
4.222168433757180622e-02
1.595727914982955631e-02
5.098447171324190820e-03
2.978580178583660129e-02
2.222038438784138814e-01
3.587320135898571793e-01
2.981259332675293972e-01
3.587320135898571793e-01
1.643881227418881041e-01
7.953015881438116330e-02
4.976494900196136439e-02
2.377985599039074069e-02
4.781390592083432228e-02
1.564742818506079658e-01
2.503209008571020688e-01
5.362446532177497088e-02
1.032375804770993902e-02
1.464537977963247493e-02
3.457316086898863661e-02
9.046681489734467382e-03
3.247398248078827744e-03
5.265458824465358428e-02
3.587320135898571793e-01
3.587320135898571793e-01
1.043881439373742226e-01
3.535478750633121864e-02
4.051042967194664474e-02
4.545365810160417047e-02
1.717877252146409253e-02
5.488721689111760067e-03
3.206583706682674534e-02
1.933532449237825024e-01
3.013517432090191961e-01
1.967173826834842376e-01
1.352318838375503873e-01
7.920131305851844938e-02
5.195848262509236010e-02
2.072734810689632473e-02
1.454694511831075739e-02
4.368644455014844552e-02
3.065501853264306353e-01
3.258378036915674514e-01
1.050561765678236087e-01
2.022536806279910324e-02
2.869189640958784426e-02
6.773259315436688799e-02
1.772343579064980176e-02
6.362007372736970881e-03
1.031560815859576680e-01
4.144394030602123469e-02
7.636072139747507315e-02
6.995438935802064662e-02
3.282677729357698360e-02
2.508755868639431924e-02
2.908584999347043482e-02
7.130750626325626715e-03
1.250376385752943395e-02
4.012724731539332040e-02
3.258378036915674514e-01
3.258378036915674514e-01
3.258378036915674514e-01
2.649340106383900606e-01
1.551640110377100201e-01
1.017923347506342890e-01
4.060713574362904976e-02
2.849905217145594014e-02
8.558650990254604296e-02
3.289014240010965356e-03
2.403138227704082995e-03
5.374918501687525607e-02
3.258378036915674514e-01
3.258378036915674514e-01
3.258378036915674514e-01
2.783146680892022162e-02
3.503431614046555783e-03
7.985268838387604359e-03
5.016810860602729377e-02
9.243505651287090008e-02
8.468015774725019817e-02
3.973698727219657917e-02
3.036862227736239137e-02
3.520857501956790869e-02
8.631811290685287991e-03
1.513587218195850022e-02
4.857424478741207557e-02
3.996599245449219961e-02
7.636355422536927895e-02
1.025586001986024537e-01
9.933792318287756884e-02
7.716297573797624432e-02
3.517019752113437203e-02
1.691324275199966240e-02
1.129249265086512341e-02
4.748634744273778213e-02
3.981369106828571390e-03
2.909011515616880764e-03
6.506367231255492933e-02
4.025513918718463535e-01
4.069871015598604536e-01
4.069871015598604536e-01
3.369013755026805529e-02
4.240922470437530345e-03
9.666210099099872138e-03
4.123936271894158845e-02
2.725126528728785691e-02
2.860735425794823719e-02
1.520432196598988928e-01
4.069871015598604536e-01
4.069871015598604536e-01
2.839916145725197572e-01
7.504373898417186946e-03
2.230665627433602374e-02
5.111506263183112492e-02
9.766623114548096674e-02
1.311687499954791170e-01
1.270496202738006786e-01
9.868866242208861050e-02
4.498141391368325887e-02
2.163142735815269321e-02
1.444269073952607688e-02
6.073332537547455195e-02
1.604748936908900192e-01
7.773447470477845567e-02
5.574240755369699180e-02
9.324494932518812007e-02
7.771149057001985883e-02
2.900656959692718070e-02
4.217057630047466033e-02
3.164702871109040944e-02
9.527163518206632764e-02
5.274365726500471196e-02
3.485338525103474916e-02
3.658777412549017033e-02
1.944577931978127838e-01
3.777144494913940997e-01
3.777144494913940997e-01
3.632150304366471016e-01
9.597823506248446060e-03
2.852940869334660845e-02
1.658015184521296481e-01
1.457386980373945040e-01
2.969495085008497792e-01
3.539846248249458038e-01
1.649938027402182428e-01
1.436127277009834335e-01
3.016376111389073578e-01
3.938437742858524188e-02
1.101155054215007534e-01
8.416543844330405533e-02
4.076996715941131472e-02
2.923562722951090001e-02
4.890485896002589455e-02
4.075791250254439529e-02
1.521328721092141123e-02
2.211750986153011508e-02
1.659814806936348031e-02
4.996780967965414738e-02
2.874423634486521495e-01
2.874423634486521495e-01
2.874423634486521495e-01
2.390804726316403950e-01
1.027702148912143648e-01
7.378509783043041281e-02
3.422115782711798032e-02
5.571167857647784522e-02
2.874423634486521495e-01
8.695913219901547919e-02
7.643663838220657314e-02
1.557432754972841171e-01
1.856568991282116499e-01
8.653550364586923282e-02
7.532161520714120151e-02
1.582020788958978241e-01
2.065621180892312364e-02
5.775308261651626585e-02
1.241852423303984460e-01
2.874423634486521495e-01
2.874423634486521495e-01
1.697873276939255716e-01
2.874423634486521495e-01
2.874423634486521495e-01
1.140127439337466769e-01
5.908495548323487723e-02
2.638332280929001072e-01
2.520077023836487795e-01
2.520077023836487795e-01
2.520077023836487795e-01
1.832477035162308476e-01
7.877015492478268988e-02
5.655396939079587043e-02
2.622944699104609242e-02
4.270125889329062785e-02
2.520077023836487795e-01
6.108850286071174779e-02
1.095538109410448269e-01
1.720427557709916511e-01
2.520077023836487795e-01
2.520077023836487795e-01
1.674894462686464247e-01
1.011037617759406454e-01
3.892886909703174858e-02
1.895188561946916858e-02
9.518410356630888081e-02
2.436412402216351081e-01
2.520077023836487795e-01
1.301366755034263911e-01
2.520077023836487795e-01
2.520077023836487795e-01
8.738720175458694617e-02
4.528677012172106775e-02
2.022199162780956572e-01
5.526335640785315362e-02
5.859704258175343905e-02
5.168062981616550894e-02
1.265013606805351076e-01
2.520077023836487795e-01
2.520077023836487795e-01
9.126987168435853059e-02
1.341202461571685926e-02
2.879411804430776628e-02
9.288499894280385916e-02
6.029643033489277132e-02
1.258842990279354646e-01
1.292855515144099299e-01
3.672733269716103588e-01
3.672733269716103588e-01
4.357221112577294719e-02
1.051549819005956343e-02
3.402014650403572399e-02
3.672733269716103588e-01
3.672733269716103588e-01
1.065890650520432831e-01
3.610020835004316975e-02
4.136455214856422924e-02
4.641200367689082840e-02
1.754097000616379118e-02
5.604445975438332971e-03
3.274191363259322529e-02
1.960377399455451915e-03
6.059517817451394277e-03
2.186817541698216072e-02
2.831191692404260232e-02
5.940870897574199172e-02
5.243806747546869707e-02
8.316409405245328915e-03
2.562191364056013755e-03
5.127639071658320578e-03
3.672733269716103588e-01
3.672733269716103588e-01
1.926527351652504993e-01
9.064028376887907357e-02
1.076884324026962797e-01
1.501353526368499336e-01
5.251383755058514069e-02
3.650131775152897634e-02
1.829481972353323160e-01
3.470547986451654743e-01
3.470547986451654743e-01
8.853778132377866650e-02
2.998649393423589299e-02
3.435930009234482163e-02
3.855194555216899521e-02
1.457033670249759799e-02
4.655310673491815446e-03
2.719693983533083906e-02
1.639943644134064515e-01
2.555943015692130338e-01
1.668476893416686868e-01
1.146981880087334371e-01
6.717533497231401030e-02
4.406907335507028595e-02
1.758009429893869768e-02
1.233812765735821729e-02
3.705306683788632538e-02
3.469760186694159643e-01
3.301903322381076755e-01
1.600262252901880899e-01
7.528998982715461030e-02
8.945096642432431855e-02
1.247093312455600789e-01
4.362040949750328050e-02
3.031967385713250918e-02
1.519651896045116080e-01
3.470547986451654743e-01
3.470547986451654743e-01
1.197477002714465166e-01
5.018945525471269625e-02
6.925956280618349170e-02
1.143491749878124547e-01
4.417010342945365542e-02
2.351026836204604675e-02
1.301109709100025935e-01
2.499654811626211004e-01
3.570380903824827978e-01
2.543146107266616163e-01
1.748266646639720368e-01
1.023908046393942201e-01
6.717149802673622050e-02
2.679614477019932883e-02
1.880617073366495917e-02
5.647747539259864030e-02
2.170379666347393554e-03
1.585801083309893453e-03
3.546841993696601969e-02
2.194444504228469373e-01
3.570380903824827978e-01
2.411631022589773021e-01
1.836563944049736385e-02
2.311871029643193347e-03
5.269379775350607753e-03
3.570380903824827978e-01
3.570380903824827978e-01
1.825232935505829990e-01
7.650038083265076061e-02
1.055676516927013947e-01
1.742946877998975408e-01
6.732549131330715919e-02
3.583510667821928480e-02
1.983193237425410482e-01
7.558161603844830434e-02
1.011255928706845664e-01
1.768433236144894005e-01
1.475596897282940023e-01
5.837939350509461361e-02
6.706078299428971934e-02
3.798683207183815164e-02
1.429254281966417864e-02
2.805543151188520309e-02
2.955374786743087973e-03
2.159362535077208843e-03
4.829683747624423373e-02
2.988143530490343092e-01
3.328125713011979570e-01
3.283883289914892312e-01
2.500822717170289242e-02
3.148041541832094677e-03
7.175238678886752819e-03
3.061202554464906300e-02
2.022864501529509501e-02
2.123527139052773863e-02
1.128618537546345335e-01
3.328125713011979570e-01
3.328125713011979570e-01
2.108072963932364763e-01
5.570505224355233077e-03
1.655825615782469118e-02
1.029183998748235268e-01
1.377012658653572197e-01
2.408050111774574231e-01
2.009299079439640090e-01
7.949438077839693362e-02
9.131570402800254227e-02
5.172612307149437177e-02
1.946195006460244015e-02
3.820267771903816667e-02
3.200549810924149807e-02
6.882364386137840295e-02
1.800434381873081691e-01
3.328125713011979570e-01
2.457483501526713243e-01
1.623037175020167477e-01
1.553375337858068916e-01
3.560747558057079237e-02
1.034445538440188252e-02
2.499673433109808607e-02
1.651802049452457538e-02
1.733999720546342688e-02
9.215913433447993353e-02
3.261194797335876250e-01
3.261194797335876250e-01
1.721380369068678806e-01
4.548684273770359568e-03
1.352090633661980242e-02
7.857810253121004507e-02
6.906975559728566194e-02
1.407329024692203501e-01
1.677634825280409636e-01
7.819530285229775446e-02
6.806219718266805219e-02
1.429547289832910906e-01
1.866538784808996834e-02
5.218690127850008492e-02
2.613459642532594412e-02
5.619903651235855918e-02
1.470173212112813876e-01
3.261194797335876250e-01
2.006697077954635589e-01
1.325316713012045511e-01
1.268433236483600957e-01
2.907584818228971593e-02
8.446928892916398188e-03
3.261194797335876250e-01
3.261194797335876250e-01
3.261194797335876250e-01
1.789302733944278800e-01
1.433412760045020273e-01
1.606129456624007801e-01
9.350797176815109357e-02
8.216876539746749419e-02
1.872173317081840815e-01
5.777890209043805986e-02
5.078736336857941902e-02
1.034816613119740880e-01
1.233573924426159818e-01
5.749742742439686166e-02
5.004650023860672536e-02
1.051153823167214757e-01
1.372476023490758722e-02
3.837330964025481572e-02
8.251332293960786379e-02
2.112080440176587193e-01
2.875709044116036561e-01
1.128130552242966739e-01
2.376112456141510620e-01
3.166862746519195637e-01
7.575433427433304889e-02
3.925825582149002069e-02
1.753006713463554356e-01
3.166862746519195637e-01
3.166862746519195637e-01
3.166862746519195637e-01
1.315683939220307075e-01
1.053996124237417814e-01
1.180995641654595946e-01
6.875691536737658927e-02
6.041913583885237526e-02
1.376619125424134449e-01
3.166862746519195637e-01
3.166862746519195637e-01
1.612383864717470694e-01
6.377966932387862942e-02
7.360384762910929246e-02
1.813505421174876550e-02
8.900643320968905717e-03
1.788097860753783781e-03
3.153208614054953118e-02
1.028111236145768242e-01
2.631640024700681590e-01
3.289346723677257778e-01
1.405644149671712029e-01
2.960622390996165976e-01
3.289346723677257778e-01
9.438946279158832997e-02
4.891555991642713985e-02
2.184236235971192541e-01
5.969156144908299710e-02
6.329237301819444494e-02
5.582175406849840954e-02
1.366378055058149743e-01
3.258020705070004963e-01
3.263060819754215469e-01
9.858324771100254735e-02
1.448671856984622835e-02
3.110136586582176385e-02
3.289346723677257778e-01
3.289346723677257778e-01
2.009020978962949566e-01
7.946909945383519303e-02
9.170996885731280690e-02
2.259617276213424925e-02
1.109015014934193813e-02
2.227959602735534936e-03
3.928879713636374699e-02
5.528062484220841628e-03
1.653889271449838355e-02
2.382329384372786768e-02
4.075021649796289197e-02
7.344755271400492391e-02
5.245311355406473419e-02
1.121867362203011684e-02
1.609919094288686688e-03
3.237617248948379631e-03
2.599726517405116701e-03
8.035743095739124667e-03
2.900016881167228819e-02
3.754544467124012325e-02
7.878401175811428070e-02
6.953999499041492449e-02
1.102868767331190852e-02
3.397813519811583496e-03
6.799945393155210592e-03
3.924188072857925369e-01
3.924188072857925369e-01
2.554836759487484898e-01
1.202013190544509169e-01
1.428094781203071428e-01
1.990998557514519485e-01
6.964047639443474158e-02
4.840570173132950627e-02
2.426141414384138661e-01
6.320923446758530684e-02
1.890203596555881105e-02
5.582292780758533329e-03
4.950544365677133837e-03
1.323799196036802399e-02
1.468178243975044005e-02
1.382001801129932031e-03
3.127911068365227688e-03
1.989681697270650682e-02
3.924188072857925369e-01
3.924188072857925369e-01
1.123481753649328008e-01
8.563551939418479614e-03
1.451095202609585045e-03
1.825461653909291309e-03
1.589686877219177383e-03
2.260580487606855815e-02
3.824323460079117054e-01
2.735821146328230036e-01
2.603470109301198043e-01
1.261767694478915236e-01
5.936431776059310911e-02
7.052990187668375932e-02
9.833026123085447656e-02
3.439362730957672143e-02
2.390632217356463210e-02
1.198208397283820476e-01
3.310556759287996420e-01
3.310556759287996420e-01
9.441813641274426905e-02
3.957315941749855320e-02
5.460947336857167878e-02
9.016153110423004435e-02
3.482704754674617598e-02
1.853727228394375093e-02
1.025893221525566862e-01
3.310556759287996420e-01
3.310556759287996420e-01
5.548585352183575681e-02
4.229316470817527651e-03
7.166583310917322728e-04
9.015482237208967973e-04
7.851051690733486634e-04
1.116442144273796164e-02
1.888734290849040376e-01
3.310556759287996420e-01
3.261271935168418290e-01
1.045474674878985911e-02
0.000000000000000000e+00
1.652918023158350257e-04
5.165980084771694576e-03
1.612011701257803561e-02
3.448968194439995527e-03
2.825724727600797404e-01
4.068439144661524232e-01
4.068439144661524232e-01
1.412705833574734171e-01
5.921026964321361025e-02
8.170794778132499381e-02
1.349017527714976017e-01
5.210902810069871494e-02
2.773589237094477994e-02
1.534964990559086473e-01
5.849915800414316053e-02
7.826985377761025431e-02
1.368743627397335516e-01
1.142092225186963628e-01
4.518486827674202122e-02
5.190414740892659862e-02
2.940129899203111630e-02
1.106223661932807106e-02
2.171452804149229948e-02
4.068439144661524232e-01
4.068439144661524232e-01
1.564263210618545979e-02
0.000000000000000000e+00
2.473133894031650766e-04
7.729458003687955138e-03
2.411928916074484314e-02
5.160425394121040225e-03
4.068439144661524232e-01
8.723800114215565782e-02
1.415206640719791908e-01
1.255116274251206754e-01
3.733291900748463704e-02
2.645651833449529436e-02
2.931720279308892493e-03
5.988682214324433581e-03
1.180827942579708995e-02
5.388451025614780787e-02
1.226899875996713407e-01
1.641549676445423211e-01
2.870659072744511375e-01
2.395304235591655395e-01
9.476599523319002849e-02
1.088583053028164827e-01
6.166319536583836358e-02
2.320077279665917064e-02
4.554176960896973853e-02
3.815405380301416238e-02
8.204530989781082251e-02
2.146314675069748434e-01
2.906557346711625134e-01
2.906557346711625134e-01
1.934837804699899022e-01
1.851793276724499060e-01
4.244800485383878885e-02
1.233172206700902489e-02
1.829638176603010646e-01
2.906557346711625134e-01
2.632349000871430644e-01
7.829814182562118419e-02
5.548712181737406463e-02
6.148682083400892028e-03
1.256003285657203254e-02
2.476544459361093228e-02
1.130117102655205791e-01
2.906557346711625134e-01
2.906557346711625134e-01
2.439341165540506173e-01
2.068036706064901031e-01
1.171593026436806503e-02
3.915744357411951246e-03
6.390884304731499037e-03
1.782586531362786520e-03
1.122845697477428267e-01
2.129788980704483067e-02
4.579833058919614841e-02
1.198089557583721099e-01
2.798104485549871567e-01
1.635319426665440001e-01
1.080041522501274942e-01
1.033685420603698973e-01
2.369480670582224321e-02
6.883663242449818837e-03
2.798104485549871567e-01
2.798104485549871567e-01
2.798104485549871567e-01
1.458158061398647787e-01
1.168132329828777821e-01
1.308884500312320898e-01
7.620253423421684269e-02
6.696186474570194058e-02
1.525691859096743874e-01
2.798104485549871567e-01
2.798104485549871567e-01
1.361659225352503111e-01
1.154394186004284728e-01
6.539923465165849853e-03
2.185798978721599072e-03
3.567441362704974316e-03
9.950536766682347659e-04
6.267812080639106886e-02
2.007446278617653623e-01
2.540637960164893738e-01
2.717408862485977128e-01
7.599093083182892339e-02
2.459987151681525264e-01
2.798104485549871567e-01
8.934934463044036379e-02
2.466745392857265171e-02
1.014872576010250604e-01
3.229086911811111515e-01
3.229086911811111515e-01
3.229086911811111515e-01
1.357372631051499412e-01
1.087392989779946140e-01
1.218416607200543400e-01
7.093554335740326344e-02
6.233357338696558780e-02
1.420238606348057375e-01
3.229086911811111515e-01
3.229086911811111515e-01
1.663473774722473708e-01
6.580058855856520117e-02
7.593605525886751306e-02
1.870968058198749576e-02
9.182668635291071219e-03
1.844755435159650507e-03
3.253121015713286712e-02
1.868694971440983399e-01
2.365033341605290440e-01
2.529586136757528969e-01
7.073856562594715847e-02
2.289956981226022037e-01
2.645165536535023509e-01
8.317366835212454401e-02
2.296248104149414479e-02
9.447262921275539904e-02
2.720030902530711989e-02
2.794883105483966096e-02
9.066109261094477956e-02
2.036241283787099121e-01
1.110726543703615121e-01
3.009801059144567512e-02
3.918872824160539448e-02
1.277106168230121054e-02
2.084850429577124811e-02
4.938553682228630226e-01
4.938553682228630226e-01
3.500961463716462108e-01
1.384844945162013174e-01
1.598156864314209114e-01
3.937655748550075024e-02
1.932592476944539062e-02
3.882488432709389498e-03
6.846546958468563426e-02
9.633315893129245841e-03
2.882101613288709507e-02
4.151496403424218690e-02
7.101216915669744667e-02
1.279912227640091771e-01
9.140587934503142942e-02
1.954989242820851306e-02
2.805478274156910420e-03
5.641938706226433224e-03
5.724600841072267909e-02
5.882135442456256497e-02
1.908061289047376929e-01
4.285491225466723231e-01
2.337644804098034657e-01
6.334453648526018610e-02
8.247694040671424420e-02
2.687808817902274591e-02
4.387794459086050147e-02
1.703414100465341224e-02
1.244737535488409791e-02
2.437062953878455646e-02
3.213338061406373347e-02
6.679497352210014838e-02
6.181502911535959738e-02
1.320483335535463897e-02
2.195109643398637962e-03
3.483802913663713516e-03
6.167482589860546344e-02
1.844318772604102569e-02
5.446782234720474666e-03
4.830369556414013978e-03
1.291663878355504662e-02
1.432538114849602091e-02
1.348453611156411828e-03
3.051980809333729085e-03
1.941382035495755123e-02
3.858790536578939334e-01
3.858790536578939334e-01
1.096209155833322846e-01
8.355671119670756222e-03
1.415869765503057365e-03
1.781148445124285063e-03
1.551097117559126909e-03
2.205704738829493763e-02
3.731487741736329022e-01
4.264090274557685162e-02
1.881499482121801181e-02
3.927220829757366999e-02
4.609334528143373827e-02
2.209617745690494184e-01
2.373563561541195133e-01
1.926822934550345354e-02
2.396484989451081772e-03
6.705891454995994289e-03
3.858790536578939334e-01
3.858790536578939334e-01
9.175878834892792213e-02
3.367813009546370001e-02
7.424308835578180554e-02
1.661720565342836853e-01
4.187965073854870574e-02
4.871267892970481544e-02
2.989691461557226204e-01
3.283210931416784550e-01
3.283210931416784550e-01
5.402761860576733854e-02
4.118164950972522630e-03
6.978236888368732601e-04
8.778544528783539195e-04
7.644716616536959908e-04
1.087100702929478385e-02
1.839096083715615060e-01
3.283210931416784550e-01
3.175561789161831516e-01
1.017998343922414152e-02
0.000000000000000000e+00
1.609477350954943654e-04
5.030211919425485109e-03
1.569646096357089557e-02
3.358325165157538799e-03
2.751461285670255275e-01
3.063650196543801774e-01
2.142236264758581032e-01
4.522411434225411669e-02
1.659855839071086928e-02
3.659134974795229256e-02
8.189933869458905502e-02
2.064074894288773707e-02
2.400846612596124752e-02
1.473495356012997359e-01
3.283210931416784550e-01
3.283210931416784550e-01
2.190407994724477836e-01
5.710540542589404717e-02
2.569610759683811987e-02
2.972192143700508327e-02
6.050993904731580622e-03
1.139977533161145272e-02
1.463923559062985380e-01
3.692748664983019347e-01
3.692748664983019347e-01
1.354692000657123536e-02
0.000000000000000000e+00
2.141797288369314781e-04
6.693908580046935113e-03
2.088792210019243742e-02
4.469060548089817848e-03
3.661481981840373212e-01
7.555034312535158225e-02
1.225605193835536399e-01
1.086962836612609118e-01
3.233126394414233273e-02
2.291202242032347111e-02
2.538944842264474755e-03
5.186352165768126632e-03
1.022627238885583101e-02
4.666536584624111222e-02
3.692748664983019347e-01
3.692748664983019347e-01
2.914865437988190533e-01
7.599249683124877086e-02
3.419486054892283133e-02
3.955217555632777049e-02
8.052304886057485775e-03
1.517014692923648704e-02
1.948102908885750717e-01
1.782903110512712164e-01
2.177457320052834655e-01
1.534335958793867083e-01
1.458466379689392078e-01
1.036552914686310750e-01
1.230064252137008651e-01
3.266975817555774209e-02
7.509877040721113853e-03
2.518056387919321779e-02
1.592167631602423861e-01
2.582872344485694915e-01
2.290693825622908131e-01
6.813574870897499969e-02
4.828539350464833291e-02
5.350638566353440283e-03
1.092985379394821946e-02
2.155111309351856116e-02
9.834380883485176195e-02
2.797118954056028728e-01
2.797118954056028728e-01
2.122736667760090623e-01
1.799624180599213030e-01
1.019530811041088544e-02
3.407516031982037435e-03
5.561405122296632191e-03
1.551222865843210385e-03
9.771104460264611047e-02
2.797118954056028728e-01
2.797118954056028728e-01
2.797118954056028728e-01
2.797118954056028728e-01
2.184458641661546074e-01
2.592269480225042333e-01
6.884910027886737005e-02
1.582651070387803768e-02
5.306617692977159267e-02
1.558466457123051929e-01
2.797118954056028728e-01
2.118494715064137279e-01
5.036897577383919744e-02
8.169686109628188087e-02
3.483288802458924666e-02
1.633701136040970059e-02
7.292592620759660339e-03
2.749015574170583093e-02
2.611733695281078793e-01
2.611733695281078793e-01
1.717387238405066741e-01
1.455975038556014400e-01
8.248452248626352012e-03
2.756830197954639270e-03
4.499421115060447257e-03
1.255007460031472809e-03
7.905252855922219324e-02
2.531883570053442556e-01
2.611733695281078793e-01
2.611733695281078793e-01
9.584325682611234687e-02
2.611733695281078793e-01
2.611733695281078793e-01
1.126915026690693822e-01
3.111172736328990038e-02
1.280003967362740858e-01
1.260867843664149057e-01
2.611733695281078793e-01
1.713955312280364962e-01
4.075071464083357409e-02
6.609635043076526884e-02
2.818133698766596071e-02
1.321736004760868874e-02
5.900027870623787002e-03
2.224074392722042923e-02
2.020955770617038905e-01
2.293033769937246336e-01
2.399416634674831628e-01
1.109736534619263360e-01
2.507127465872004413e-01
2.611733695281078793e-01
1.107377862370595850e-01
1.763559012047260025e-02
4.882549206513074613e-02
2.517550066531241137e-01
2.517550066531241137e-01
2.517550066531241137e-01
1.048021288224032233e-01
2.517550066531241137e-01
2.517550066531241137e-01
1.232252510089610065e-01
3.401987126679795193e-02
1.399651317401695572e-01
4.029838978575196740e-02
4.140735632290636070e-02
1.343181816441424703e-01
2.517550066531241137e-01
1.645587598357954873e-01
4.459145524638294389e-02
5.805973176329708163e-02
1.892085936128236334e-02
3.088792674300977828e-02
2.209862999552008045e-01
2.507373272874955927e-01
2.517550066531241137e-01
1.213468272171745466e-01
2.517550066531241137e-01
2.517550066531241137e-01
1.210889124915687926e-01
1.928406284250264863e-02
5.338941599731757831e-02
9.741200290626626790e-02
2.789634109803789883e-02
7.840206754122912292e-02
2.182997120201625174e-01
2.517550066531241137e-01
2.255286366385754193e-01
6.627974007367755382e-02
1.379926566841005453e-02
1.783730584182061790e-02
7.779369361652321846e-02
7.993448890588902844e-02
2.592934240178338956e-01
3.404080086016231244e-01
3.176710983401894173e-01
8.608120636568236672e-02
1.120809294928301753e-01
3.652561662980745999e-02
5.962734298492711887e-02
2.314831694166558443e-02
1.691519341820763717e-02
3.311813941645721376e-02
4.366722564162867776e-02
9.077013139537500053e-02
8.400270288532488139e-02
1.794453078603278767e-02
2.983014742757911144e-03
4.734267139490929560e-03
1.880481961922275957e-01
5.385226119307808673e-02
1.513506235269178601e-01
3.404080086016231244e-01
3.404080086016231244e-01
3.404080086016231244e-01
1.279491766218781024e-01
2.663867840002004037e-02
3.443387969048401082e-02
0.000000000000000000e+00
4.760271724322796133e-03
1.344731296963963367e-02
1.279519528927652340e-02
3.404080086016231244e-01
3.404080086016231244e-01
2.439103265164604874e-03
1.814185840828842484e-04
0.000000000000000000e+00
4.585171014582960919e-02
2.023174073225411304e-02
4.222935715951228047e-02
4.956411734775414274e-02
2.375999237469037240e-01
2.552289971107120636e-01
2.071910325737735814e-02
2.576937354276363085e-03
7.210836813152755181e-03
3.213116308267584542e-01
3.213116308267584542e-01
9.866811197246508347e-02
3.621405176631545264e-02
7.983350136679834286e-02
1.786846075001715384e-01
4.503313680130054120e-02
5.238068359008591496e-02
3.213116308267584542e-01
4.457508422888114934e-03
1.339565664755613256e-02
1.848772421690231954e-02
1.542190818841540981e-02
1.026168101364469294e-02
1.226783189471511958e-02
3.143698360128331995e-03
1.702420161659167668e-03
2.376729009679340830e-03
3.213116308267584542e-01
3.213116308267584542e-01
2.314613052079562139e-01
2.682724108345202474e-01
3.213116308267584542e-01
2.287202568126137370e-01
7.655593369821568628e-02
2.348270142976856267e-02
1.107924058378159937e-01
2.982273545671217940e-01
2.381308708811276653e-01
5.027110179353774799e-02
1.845094880511076105e-02
4.067492519634747367e-02
9.103926195614464589e-02
2.294424570374122702e-02
2.668779835887756177e-02
1.637936665245535994e-01
2.982273545671217940e-01
2.982273545671217940e-01
2.434856378586731096e-01
6.347833873319529141e-02
2.856377973313697916e-02
3.303887228728293046e-02
6.726281652189805386e-03
1.267198428214339444e-02
1.627296660774037729e-01
2.857046997832684010e-01
2.982273545671217940e-01
1.179288282988675829e-01
1.366839742228322940e-01
2.086206672199125145e-01
1.165322725104916135e-01
3.900501447637233499e-02
1.196436468038009765e-02
5.644839249967705669e-02
2.982273545671217940e-01
2.982273545671217940e-01
2.506739241692934050e-01
1.626406600301084360e-01
2.556246353473115226e-02
5.634869435411909468e-03
3.713732928737046874e-03
4.827956505009924938e-03
1.033838611922348744e-01
3.368969354440881636e-01
3.368969354440881636e-01
3.121101724537748145e-01
8.136921513455497301e-02
3.661425904560169919e-02
4.235062165451992933e-02
8.622031857403214886e-03
1.624348456202143881e-02
2.085937576829217099e-01
1.909049351089628643e-01
2.331519564558293955e-01
1.642895258422978899e-01
1.561657657847370928e-01
1.109892431890429076e-01
1.317095330920935448e-01
3.498125067905025198e-02
8.041225463580412708e-03
2.696217133180104503e-02
3.368969354440881636e-01
3.368969354440881636e-01
3.213244213917637038e-01
2.084796659729749313e-01
3.276704520370575524e-02
7.223013590073522512e-03
4.760419690578042776e-03
6.188678521780404014e-03
1.325217989423032872e-01
1.264588183221668494e-01
8.846109664733552147e-02
1.008696205566597948e-01
4.121927359052318662e-02
1.046686462326906764e-01
5.863124662689812860e-02
9.764200357687692188e-04
1.349418898408827339e-02
7.342100339819566945e-02
2.632347056763946758e-01
2.632347056763946758e-01
2.632347056763946758e-01
2.632347056763946758e-01
2.623774925662010760e-01
2.632347056763946758e-01
8.269533673966904253e-02
1.900937887016787564e-02
6.373831107334421153e-02
1.871889508319801720e-01
2.632347056763946758e-01
2.544544999627409432e-01
6.049867603176740938e-02
9.812690959746175889e-02
4.183812705091721068e-02
1.962254626853206230e-02
8.759205276994022280e-03
3.301869852878937250e-02
2.632347056763946758e-01
2.091211730172030658e-01
2.384548029819640869e-01
9.744196229594062619e-02
2.474356627700953770e-01
1.386036973852864118e-01
2.308247478001559157e-03
3.190013165356068991e-02
1.735665387005259630e-01
1.643579474027291321e-01
2.324383630679582036e-01
8.922194552147673374e-02
4.995778296415594177e-02
1.776188559149540630e-02
2.241700510012127959e-02
1.364420291327932307e-02
1.686932000778523094e-02
6.334540668281996023e-02
2.321935587328078920e-01
2.961913352045632553e-01
2.961913352045632553e-01
7.504397467908337227e-02
1.217189168784772874e-01
5.189699267766903490e-02
2.434026596783101654e-02
1.086512337345161248e-02
4.095716698047497523e-02
2.961913352045632553e-01
2.961913352045632553e-01
2.961913352045632553e-01
2.043621593840058981e-01
2.961913352045632553e-01
2.961913352045632553e-01
2.039278010124648544e-01
3.247660292870797882e-02
8.991398120311609732e-02
2.038734473580875173e-01
2.883219894491608759e-01
1.106729908769649995e-01
6.196880404154089805e-02
2.203225888581510777e-02
2.780657815108286343e-02
1.692458885220494633e-02
2.092509963115313926e-02
7.857512605144700846e-02
6.712080446559601232e-02
1.059519997659480878e-01
5.107584086284280150e-02
5.887739951757881701e-02
1.563655374285687905e-01
1.328498779982761058e-01
3.145737568812202734e-02
4.594420340048276097e-03
1.034840525609447177e-02
2.996325492150114234e-01
2.996325492150114234e-01
2.996325492150114234e-01
1.991137225728689120e-01
2.996325492150114234e-01
2.996325492150114234e-01
1.986905194096761085e-01
3.164253756736373768e-02
8.760480689117522424e-02
1.598399147860095626e-01
4.577412075432236299e-02
1.286471833136991205e-01
2.996325492150114234e-01
2.996325492150114234e-01
2.996325492150114234e-01
1.087560843565612417e-01
2.264272761818230534e-02
2.926860510723769751e-02
6.539700539236145693e-02
1.032309364464894658e-01
4.976410915990749778e-02
5.736530788621459209e-02
1.523497517023510994e-01
1.294380223389755280e-01
3.064948615984066510e-02
4.476426260756741216e-03
1.008263711562090541e-02
1.383299729990375817e-03
1.526590650964666264e-03
6.632634594442674870e-03
8.516623232028482093e-02
1.698266464666848830e-01
1.958520955427670296e-01
1.844938573227351830e-02
8.442775476198493634e-04
1.764035898462266343e-03
2.092371672907222813e-01
5.992024817255586083e-02
1.684045706138272702e-01
3.554056717058227122e-01
3.554056717058227122e-01
3.554056717058227122e-01
1.423662859609424736e-01
2.964028223430053080e-02
3.831383438478416087e-02
0.000000000000000000e+00
5.296651556887369862e-03
1.496253476721986359e-02
1.423693750576092605e-02
3.554056717058227122e-01
3.554056717058227122e-01
2.713937534454729638e-03
2.018605410529609740e-04
0.000000000000000000e+00
1.810797493258805820e-03
1.998371332016655143e-03
8.682397485469034448e-03
1.114861780511891137e-01
2.223102188508068455e-01
2.563786256654544404e-01
2.415102143943749849e-02
1.105194798856320168e-03
2.309197141950025331e-03
8.569257213109271812e-03
1.297542190981605843e-02
8.098400024016498555e-02
1.972726354913262314e-01
2.265800644466688385e-01
1.977781019104490889e-01
7.201734758088593202e-02
3.091907338199724378e-03
2.385649343341757472e-03
4.944514635406779823e-03
1.485920250977570273e-02
2.050760521201876879e-02
1.710683267629433887e-02
1.138282357366072160e-02
1.360815697771067083e-02
3.487163921248969626e-03
1.888418507907464565e-03
2.636399140024762392e-03
3.271795002382216211e-01
3.271795002382216211e-01
2.567496687733844540e-01
2.975825810751229206e-01
3.271795002382216211e-01
2.537091464408775532e-01
8.492007163786793877e-02
2.604830992627666861e-02
1.228970582184717164e-01
5.134151676856492505e-04
3.686030339454212865e-03
7.593879683930410129e-03
9.082273033056973907e-03
3.271795002382216211e-01
3.271795002382216211e-01
2.425998083943562561e-03
7.570844506647060644e-04
5.700076375236257748e-04
2.856912276414026730e-03
7.121834872798754774e-03
2.708291734084728244e-02
6.058572974394315497e-02
3.271795002382216211e-01
3.271795002382216211e-01
5.378962483691519803e-02
4.894969189565394514e-03
5.817563505920140838e-04
2.991007864789901882e-01
2.991007864789901882e-01
1.430846262758287135e-01
1.658404959303471926e-01
2.531222486746427802e-01
1.413901664398783120e-01
4.732530628635624875e-02
1.451652385268674579e-02
6.848959038428045765e-02
2.991007864789901882e-01
2.991007864789901882e-01
2.991007864789901882e-01
1.973340903437573179e-01
3.101527925205060585e-02
6.836862528945732674e-03
4.505921884086774680e-03
5.857824267062057555e-03
1.254370229487400401e-01
1.592135356304317812e-03
3.968944092667937851e-03
1.509310265009387517e-02
3.376396370626637278e-02
2.414208929480333721e-01
2.589131309996727248e-01
2.997654643169256339e-02
2.727928882895080519e-03
3.242083637565233668e-04
1.057653088684044340e-01
1.609188434471272577e-01
1.037991486717774053e-01
3.270149309788241559e-02
2.991007864789901882e-01
2.991007864789901882e-01
1.576197657577431410e-02
1.366396150652577496e-02
4.336712923998101155e-02
3.538914666726786784e-01
3.538914666726786784e-01
3.538914666726786784e-01
2.789663579846582420e-01
4.384553869911412410e-02
9.665104678159366219e-03
6.369911124719269437e-03
8.281062327597715073e-03
1.773272392392539754e-01
1.692143731031854614e-01
1.183696733197711487e-01
1.349735023157292713e-01
5.515545402788606111e-02
1.400569734148719714e-01
7.845439150754532354e-02
1.306546324172319206e-03
1.805655595848748574e-02
9.824454496309931173e-02
1.495178200823963910e-01
2.274870176224906837e-01
1.467383076914458295e-01
4.622929780802212396e-02
3.538914666726786784e-01
3.538914666726786784e-01
2.228231925017895229e-02
1.931640686349684471e-02
6.130704572764260341e-02
1.357843545830254850e-01
1.638807146552351823e-01
7.098811747404434880e-02
4.420161320803873972e-02
3.698944790096749674e-02
5.247486566402639885e-02
1.273706951925777930e-02
1.531511809313255111e-02
5.955638881338514573e-02
2.467357102895697263e-01
2.467357102895697263e-01
2.467357102895697263e-01
1.242465959732211855e-01
2.467357102895697263e-01
1.767312273240387310e-01
2.943207269722790311e-03
4.067531765231739704e-02
2.213117541998956272e-01
2.095700353807996852e-01
2.467357102895697263e-01
1.137653917876147447e-01
6.370032303756201220e-02
2.264787952552392916e-02
2.858354357792360079e-02
1.739749207424865982e-02
2.150978426506486990e-02
8.077065532584820629e-02
2.467357102895697263e-01
2.467357102895697263e-01
1.599122354470661755e-01
9.957129488676016993e-02
8.332472408441102263e-02
1.182081363995478168e-01
2.869231263406763627e-02
3.449978471825373288e-02
1.341604145762181621e-01
2.467357102895697263e-01
2.363611397987485652e-01
2.195727063118719513e-01
2.467357102895697263e-01
1.957455588683509329e-01
2.329215848533009586e-02
2.235680194177231198e-02
6.715767509084316633e-02
2.467357102895697263e-01
2.172518935516370431e-01
3.072420610536190644e-01
1.179354994219157238e-01
6.603527920685370312e-02
2.347804495479991968e-02
2.963128271384815604e-02
1.803520283475792962e-02
2.229823244044116387e-02
8.373133010672195731e-02
7.152536073639628733e-02
1.129047106085622754e-01
5.442750532738512004e-02
6.274101261516153161e-02
1.666264515207274144e-01
1.415676633089734127e-01
3.352165043055389121e-02
4.895912300410945779e-03
1.102748134325424838e-02
3.628491876401690464e-01
2.450250346620205522e-01
2.276212156563011124e-01
2.740206218364042989e-01
2.029206763323800067e-01
2.414594017054025321e-02
2.317629782704107994e-02
6.961936163011211987e-02
3.415279618257586747e-01
0.000000000000000000e+00
0.000000000000000000e+00
1.129977484838310536e-02
1.031212256737841088e-01
3.628491876401690464e-01
3.628491876401690464e-01
2.394203085566838640e-02
0.000000000000000000e+00
0.000000000000000000e+00
7.348605474558594919e-02
1.159997189723139394e-01
5.591950316607954830e-02
6.446090506028194500e-02
1.711941109062322941e-01
1.454483968905607716e-01
3.444056504350587883e-02
5.030121842566376289e-03
1.132977295539801081e-02
1.554402056756873591e-03
1.715416837175123268e-03
7.453034676288282194e-03
9.570056569432389137e-02
1.908327478396703580e-01
2.200773220232891403e-01
2.073141670341134557e-02
9.487074478812151023e-04
1.982232027748450243e-03
0.000000000000000000e+00
0.000000000000000000e+00
1.160953072549177935e-02
1.059480435649100827e-01
4.299349275884652988e-01
4.299349275884652988e-01
2.459834346958934131e-02
0.000000000000000000e+00
0.000000000000000000e+00
3.496944871518404413e-03
1.065346440299403275e-03
1.568365309771210456e-02
2.688397297667647901e-01
4.299349275884652988e-01
4.299349275884652988e-01
6.042299709510567940e-02
2.037905519336968407e-03
4.862985203328758568e-03
1.707236658078952439e-03
1.884083011586810876e-03
8.185844812789735969e-03
1.051102018567373758e-01
2.095961345763842631e-01
2.417161442477254174e-01
2.276980683094276953e-02
1.041987898674449605e-03
2.177132465747661817e-03
8.079175115489676054e-03
1.223334802535687264e-02
7.635246593978130270e-02
1.859904689510765152e-01
2.136217845746476163e-01
1.864670273753989693e-01
6.789862271480924527e-02
2.915078892481903251e-03
2.249212309735022786e-03
3.840777519552141406e-03
1.170095271379033297e-03
1.722572830151346615e-02
2.952730535904384834e-01
4.039911556131090542e-01
4.039911556131090542e-01
6.636401128224786450e-02
2.238279982447091265e-03
5.341132026124790870e-03
6.626697150495516192e-03
4.690267480046594190e-02
2.658481626858290661e-02
1.009990727558890133e-01
4.039911556131090542e-01
4.039911556131090542e-01
4.896980858755913685e-02
3.047286796006264120e-03
9.717464115552924527e-04
1.461000436189711579e-03
1.048915628657155416e-02
2.160953206857241238e-02
2.584498023832183453e-02
4.688107632358414212e-01
4.688107632358414212e-01
6.903544113848783872e-03
2.154398199101941174e-03
1.622042860181674125e-03
8.129775559245332878e-03
2.026625723297835122e-02
7.706853349625684968e-02
1.724058484321383533e-01
4.688107632358414212e-01
4.688107632358414212e-01
1.530665050342467359e-01
1.392937445406550526e-02
1.655475598437067264e-03
4.225858026709159929e-03
1.068136394151276460e-02
1.400596047993093833e-02
9.252076506139916834e-02
1.168746076630998720e-01
8.179861310542090036e-02
1.837983438560939972e-02
3.101988847751948903e-03
2.419215259711082668e-03
9.257857582314772335e-03
4.670165468247468310e-02
3.819521197553165520e-02
4.617098621268931474e-02
1.054313872501863453e-01
1.113435423755081838e-01
2.530187925906121280e-02
5.990384777526107374e-03
1.260040194822761341e-02
3.536540255618366227e-03
8.816040985736387295e-03
3.352564522412049969e-02
7.499840787005622456e-02
3.400636342667269774e-01
3.400636342667269774e-01
6.658558442303108560e-02
6.059428471720026271e-03
7.201497819221552854e-04
2.349318297467219152e-01
3.400636342667269774e-01
2.305644845603765369e-01
7.263838862792151851e-02
3.400636342667269774e-01
3.400636342667269774e-01
3.501138546268487556e-02
3.035115684587044727e-02
9.632949718785240034e-02
4.027268130840891587e-03
2.031572465745798417e-02
1.661533012061201797e-02
2.008487813628322821e-02
4.586379322513362000e-02
4.843564461829828055e-02
1.100659100492703928e-02
2.605882137579099492e-03
5.481311064756577700e-03
3.400636342667269774e-01
3.400636342667269774e-01
1.906587796786548827e-01
1.445091220180669093e-02
3.104476519899783751e-02
1.788318390120134313e-02
5.526530299517444685e-03
4.178116425845199329e-03
1.025890400862953106e-01
1.814980260993382666e-01
2.761439715945174234e-01
1.781240067871373844e-01
5.611723268497777889e-02
2.846256704771828461e-01
2.846256704771828461e-01
2.704826059257744650e-02
2.344797238967474828e-02
7.441994391984223245e-02
1.648271244083855669e-01
1.989329847725356260e-01
8.617168970860299149e-02
5.365584880280104690e-02
4.490108120109177064e-02
6.369865834453841691e-02
1.546138764437156483e-02
1.859085225995135704e-02
7.229484087767787392e-02
2.846256704771828461e-01
2.846256704771828461e-01
1.472946097065305493e-01
1.116414086073559513e-02
2.398382377734900942e-02
1.381576341502442282e-02
4.269554881609638648e-03
3.227829472582171514e-03
7.925579218091580169e-02
2.846256704771828461e-01
2.846256704771828461e-01
2.846256704771828461e-01
1.874938095794822790e-01
2.232370937211384243e-01
1.735213670463313373e-01
1.214112838674030054e-01
3.728481808823011501e-02
1.815655008997682507e-01
1.744853954271609331e-01
2.105897353735265987e-01
9.122103784434684726e-02
5.679988672337961397e-02
4.753212152793569872e-02
6.743116843977993435e-02
1.636736882150898603e-02
1.968020870077443960e-02
7.653105605744307816e-02
2.484537693529580427e-01
1.348308865687248281e-01
1.252540188439245361e-01
1.507864020151180595e-01
1.116619562191247111e-01
1.328688117408093408e-02
1.275331227974772774e-02
3.830971910231367739e-02
1.879339306879170834e-01
2.484537693529580427e-01
2.484537693529580427e-01
2.484537693529580427e-01
1.984802660487135773e-01
2.363179768606177289e-01
1.836890891157251793e-01
1.285255442692497529e-01
3.946957305058475252e-02
1.922045800054913156e-01
2.484537693529580427e-01
2.484537693529580427e-01
2.484537693529580427e-01
2.484537693529580427e-01
2.058759599705570487e-01
2.484537693529580427e-01
5.732462922006650863e-02
3.956723341813170314e-02
8.567593613344000325e-02
3.005112155905395599e-01
1.626077770411687717e-01
1.510579518388155129e-01
1.818503331372572918e-01
1.346657501328918372e-01
1.602414896549833601e-02
1.538065804132041775e-02
4.620201217117712866e-02
2.266507287571290497e-01
0.000000000000000000e+00
0.000000000000000000e+00
7.498953205723564962e-03
6.843510213437738188e-02
3.005112155905395599e-01
3.005112155905395599e-01
1.588882711785514004e-02
0.000000000000000000e+00
0.000000000000000000e+00
3.005112155905395599e-01
3.005112155905395599e-01
3.005112155905395599e-01
3.005112155905395599e-01
2.482890459966330121e-01
3.005112155905395599e-01
6.913423744664769222e-02
4.771859055092683710e-02
1.033262769022789546e-01
4.201970220962367511e-03
1.564489483759281402e-02
2.757742601379749650e-02
5.470451686365555150e-02
1.400828599523401274e-01
1.208118682762728130e-01
2.161119725616164264e-02
1.342427607510918944e-03
2.418245171062525112e-03
0.000000000000000000e+00
0.000000000000000000e+00
1.202386316889491637e-02
1.097292223913412246e-01
4.424568259981955798e-01
4.424568259981955798e-01
2.547623354063635950e-02
0.000000000000000000e+00
0.000000000000000000e+00
3.621747307320642272e-03
1.103367580353829510e-03
1.624338685983511832e-02
2.784343485977842647e-01
4.424568259981955798e-01
4.424568259981955798e-01
6.257943292495229959e-02
2.110636312098262968e-03
5.036540240924229292e-03
6.737462361821425737e-03
2.508511116930163196e-02
4.421779785039074706e-02
8.771352580078309313e-02
2.246096347272629190e-01
1.937104197721552512e-01
3.465151356402047106e-02
2.152455872712812773e-03
3.877427721979112042e-03
5.818592973426344774e-03
2.696070032304884179e-02
3.762005205305554711e-02
3.385641083763493014e-02
9.228338929802508417e-02
9.594752141624664221e-02
4.083822204777109305e-02
6.540361455536869255e-03
8.470484753809870773e-03
4.388540548658840384e-03
1.336971620485747801e-03
1.968242282885132241e-02
3.373842306697978910e-01
4.500492977744626200e-01
4.500492977744626200e-01
7.582869692430352360e-02
2.557498426351405632e-03
6.102872231745987489e-03
7.571781755279243312e-03
5.359182851768137801e-02
3.037628281758053550e-02
1.154033327652490004e-01
4.500492977744626200e-01
4.500492977744626200e-01
5.595377226422231648e-02
3.481883967396674773e-03
1.110334693539186081e-03
7.050500499692162124e-03
3.266879672935292522e-02
4.558493728808179352e-02
4.102446117449666529e-02
1.118215495276125016e-01
1.162614485630740907e-01
4.948445548078932860e-02
7.925081187329723401e-03
1.026384853900578695e-02
2.224619938786491155e-02
5.056963171152408648e-02
6.547643131093219826e-02
6.015727391008967445e-02
6.459018180835135459e-02
2.809179369253170244e-02
3.101923429583374001e-03
2.849916129358577750e-03
5.030479611051313742e-03
1.265319722345971572e-02
3.198247639018796801e-02
4.193708807452693060e-02
2.770285892682772255e-01
2.962168168974718130e-01
2.449239841203025014e-01
5.503347910548443689e-02
9.288072724521584736e-03
7.243690538975695349e-03
2.772016880722170951e-02
1.398355656116160306e-01
1.143653068947539375e-01
1.382466213626548923e-01
2.962168168974718130e-01
2.962168168974718130e-01
7.575968391876602981e-02
1.793659880558626935e-02
3.772852044202453653e-02
4.034600695714748303e-02
1.004085794552397465e-01
7.605682115346557026e-02
2.367784439644110561e-01
2.962168168974718130e-01
2.962168168974718130e-01
1.682762973442235854e-01
2.255306690146541976e-02
2.696260016123349160e-02
8.476566731748401071e-03
5.326126052513244918e-02
7.330110621730677456e-02
2.545365744001160668e-01
2.962168168974718130e-01
2.962168168974718130e-01
8.080643060546199852e-02
1.291587688713341509e-02
8.420194442110498154e-03
8.891268434050303426e-03
4.485238019749076405e-02
3.668277239635312631e-02
4.434272493736213239e-02
1.012565549945876053e-01
1.069346028340143473e-01
2.429998499955257976e-02
5.753179783406867781e-03
1.210145599049170136e-02
3.872500649157805674e-01
3.872500649157805674e-01
3.872500649157805674e-01
3.190424261031961362e-02
6.853959852897069382e-02
3.948189774189882206e-02
1.220128951077863177e-02
9.224306275119520740e-03
2.264926655400873734e-01
2.718866206596861051e-03
1.708359598234001145e-02
2.351139404753970624e-02
8.164282927041367766e-02
2.150253889019671794e-01
2.394551744786008740e-01
2.591873342140121189e-02
4.142778828775794259e-03
2.700784745300634920e-03
2.352215307928952892e-01
4.887995923750746569e-02
1.371038435804734779e-01
1.140302023965793082e-01
2.822536452834592535e-01
3.426076774717929374e-01
1.174785226006192923e-01
4.285669105750985336e-02
2.223779348910958631e-01
2.705772889901998934e-01
2.705772889901998934e-01
1.545071780734062483e-01
1.171081483187356304e-02
2.515823857119572904e-02
1.449227926560429404e-02
4.478621978776955656e-03
3.385886449643315046e-03
8.313670690491470339e-02
2.705772889901998934e-01
2.705772889901998934e-01
2.705772889901998934e-01
1.966748103143518833e-01
2.341683342036946780e-01
1.820181798314627897e-01
1.273564246104927355e-01
3.911054205765219366e-02
1.904562104166661329e-01
8.634073609678602490e-02
1.794194454360196686e-02
5.032552392858690576e-02
4.185608170731081046e-02
1.036044082258437971e-01
1.257580416453030203e-01
4.312182682728613742e-02
1.573103550557163749e-02
8.162634825757329737e-02
2.702914738168301842e-02
2.705772889901998934e-01
2.705772889901998934e-01
2.503762528661687692e-01
2.705772889901998934e-01
2.705772889901998934e-01
1.170825609603455553e-01
4.014339640913061613e-02
5.007628818895843575e-02
2.367572751103722839e-01
2.380963690988410764e-01
2.380963690988410764e-01
1.454444229461886451e-01
1.731715321656587536e-01
1.346055912752079087e-01
9.418227812883876726e-02
2.892292211491593809e-02
1.408456607955781981e-01
2.380963690988410764e-01
2.380963690988410764e-01
2.380963690988410764e-01
1.867622357403339595e-01
1.508639160583409300e-01
1.853132594591283544e-01
4.200693491347139152e-02
2.899448668949733757e-02
6.278249893238420365e-02
1.998852185174574900e-02
2.023008704140826786e-01
2.380963690988410764e-01
1.851575682688814950e-01
2.380963690988410764e-01
2.380963690988410764e-01
8.658457831341689892e-02
2.968673576699539310e-02
3.703228098854619704e-02
5.503821143373004154e-02
9.807146187936857662e-02
1.465697011976087871e-01
2.380963690988410764e-01
2.380963690988410764e-01
2.380963690988410764e-01
4.453323538340778903e-02
2.148389096485592287e-02
3.303221189555515663e-02
3.011521418295687313e-01
3.011521418295687313e-01
3.011521418295687313e-01
3.011521418295687313e-01
2.715140020099744422e-01
3.011521418295687313e-01
7.560105364173697051e-02
5.218218725176138051e-02
1.129914162822510670e-01
4.595022492598003008e-03
1.710831821568808975e-02
3.015701829327449568e-02
5.982157707382175504e-02
1.531862099110825048e-01
1.321126097783529574e-01
2.363270853006941424e-02
1.467998278622841685e-03
2.644447811223154914e-03
9.905380584224186824e-02
1.765019482030329989e-01
2.637855836261031595e-01
3.011521418295687313e-01
3.011521418295687313e-01
3.011521418295687313e-01
8.014770713445722172e-02
3.866515842236390582e-02
5.944899404265334419e-02
1.020450541409740827e-02
4.223542931200254327e-03
2.380594117635502840e-02
3.379359083104209460e-02
7.728148285056653244e-02
5.017225613561057673e-02
2.482248594515661794e-02
8.447119859919218626e-03
1.537036493405422206e-02
2.574446760679712301e-02
9.585253278304065039e-02
1.689603003727266350e-01
3.028381734651081070e-01
3.028381734651081070e-01
3.028381734651081070e-01
1.324066422293522227e-01
8.224733217676114677e-03
1.481601039463204678e-02
2.223338258189771002e-02
1.030193326283241340e-01
1.437497026972750225e-01
1.293684810813952313e-01
3.028381734651081070e-01
3.028381734651081070e-01
1.560466282655126602e-01
2.499132679136682397e-02
3.236650665301437496e-02
5.717263832762696507e-02
2.366318431593245758e-02
1.333772103294918743e-01
1.893348739573256778e-01
3.028381734651081070e-01
2.810993906828206934e-01
1.390725913452385554e-01
4.732655910928271203e-02
8.611532648356666486e-02
9.730310183793206003e-02
1.592255947959829721e-01
1.922860023505097160e-01
1.741684527743108668e-01
1.672617059631233138e-01
1.398358982793434513e-01
5.080394441368007302e-02
1.036544148974819814e-02
3.405119784712011544e-02
2.977245826564020939e-02
1.379519634465397326e-01
1.924935177311877799e-01
1.732357948547635362e-01
2.492213198057886825e-01
2.492213198057886825e-01
2.089601845520125956e-01
3.346558856522122843e-02
4.334160422876989771e-02
9.394000367395721751e-02
2.135426059051953873e-01
2.492213198057886825e-01
2.492213198057886825e-01
2.492213198057886825e-01
1.186244516051579712e-01
1.309862836752012302e-02
1.203446606742426470e-02
2.124242729756823170e-02
1.302974267597883928e-01
2.132171008357882647e-01
2.492213198057886825e-01
2.332269042874402232e-01
2.239781617522018653e-01
1.872525887693653746e-01
6.803095791720469021e-02
1.388023945621876670e-02
4.559755417620805357e-02
7.015552013063112990e-02
3.723553928692724391e-02
1.298473866325818016e-01
2.492213198057886825e-01
2.492213198057886825e-01
2.492213198057886825e-01
5.937898621033180224e-02
2.971367516582064730e-02
3.935482867491344600e-02
4.785673308010922333e-02
1.191004252551212811e-01
9.021539585637219916e-02
2.808566112617744692e-01
3.256107943293078955e-01
3.256107943293078955e-01
1.996022519468917955e-01
2.675149746510591814e-02
3.198189997915694416e-02
1.005454621439686932e-02
6.317626255229379095e-02
8.694668293802330916e-02
3.019205571726037429e-01
3.256107943293078955e-01
3.256107943293078955e-01
9.584918241721769594e-02
1.532026882708883292e-02
9.987679780224559614e-03
2.339419764446472594e-01
5.968795797100385353e-02
3.175653367870717725e-02
1.089279783693347659e-01
1.941074555033250326e-01
2.395951919964030841e-01
3.148656870416575299e-02
2.644031547261718046e-02
1.542974329189041593e-01
1.583018410699302825e-01
3.076148838410598316e-02
2.136827522821780484e-02
1.234600188864052039e-01
1.623904568955144290e-01
2.000225849297507241e-01
1.172077722007883738e-01
2.458621412327809119e-02
6.582749454756180174e-02
6.058166126951671643e-03
3.806559596629892350e-02
5.238798829843922811e-02
1.819162052161458487e-01
3.117467649978697408e-01
3.117467649978697408e-01
5.775201166061097457e-02
9.230922180373172040e-03
6.017877091733681884e-03
3.117467649978697408e-01
1.089141174438649773e-01
3.054942016046255371e-01
2.540816123766072021e-01
3.117467649978697408e-01
3.117467649978697408e-01
2.617651448006415027e-01
9.549309688276831631e-02
3.117467649978697408e-01
9.538161454076782286e-02
1.853472080881842302e-02
1.287502771568243241e-02
7.438837004692205879e-02
9.784512839534688367e-02
1.205196159834269198e-01
7.062120360494832105e-02
1.481393256498735392e-02
3.966304288493010394e-02
2.105883443272920375e-01
2.557500036577852170e-03
4.430659435037292287e-02
9.909694544178766773e-02
8.373318409026703213e-02
7.404563622798877864e-02
6.572368159661705345e-02
4.167820584032912862e-02
8.949740647187559572e-02
1.849002224929061911e-01
3.842299345639790809e-02
1.077730048657087047e-01
8.963554366374130999e-02
2.218706835059920668e-01
2.693130836228098679e-01
9.234615935782571061e-02
3.368829241580065942e-02
1.748042770586312467e-01
5.788340001021577419e-02
3.697321233599474288e-01
3.697321233599474288e-01
3.697321233599474288e-01
3.697321233599474288e-01
3.697321233599474288e-01
2.507343873851105576e-01
8.596779762624100207e-02
1.072392620949865760e-01
7.429188029964607642e-02
9.022412289280640294e-04
1.563059064108084095e-02
3.495966708100343295e-02
2.953960110856976642e-02
2.612200385986869489e-02
2.318616399034544376e-02
1.470334120003078185e-02
3.157311782841942804e-02
2.975966112866241728e-02
9.908852322379641323e-03
1.031993754317958416e-02
1.005582022689710357e-02
4.253083977124903076e-03
3.573375812042828975e-02
3.171481048034036077e-02
1.059857501795484838e-02
1.398951067171975635e-02
3.734069749709512803e-02
3.214952455919056207e-01
3.214952455919056207e-01
3.214952455919056207e-01
3.214952455919056207e-01
3.214952455919056207e-01
1.617492564330098581e-01
5.545799875415768909e-02
6.918026316688141719e-02
1.028172677885425129e-01
1.832079839768424034e-01
2.738078841073249281e-01
3.214952455919056207e-01
3.214952455919056207e-01
3.214952455919056207e-01
8.319284854340192048e-02
4.013420699786243717e-02
6.170770611255312066e-02
1.919801711069704306e-02
6.392220516556823898e-03
6.657412417390362429e-03
6.487029806671086758e-03
2.743673008004618094e-03
2.305191906788105205e-02
2.045928788072372967e-02
6.837162011489901839e-03
9.024661406083220663e-03
2.969898313129195472e-02
3.950396961589897060e-02
2.455030715268211039e-02
1.947884927428042423e-02
1.556753880272763145e-02
2.407427314344058253e-02
1.595526991171978756e-02
5.719021484755922383e-03
1.205806100342595930e-02
1.928864043491108626e-01
3.437003339752293107e-01
4.237257227329067621e-01
4.237257227329067621e-01
4.237257227329067621e-01
4.237257227329067621e-01
1.560707629004428887e-01
7.529224463678335644e-02
1.157643828579579121e-01
1.987112297957652207e-02
8.224459450965435070e-03
4.635705167115704989e-02
6.580589377682473373e-02
1.504893953651228466e-01
9.769989150637474473e-02
4.833655830037551782e-02
1.644898510493119498e-02
2.993054532791162431e-02
5.571564185892678017e-02
7.410991189143806279e-02
4.605666513222405473e-02
3.654255047023263064e-02
2.920488599637744570e-02
4.516361972880669762e-02
2.993227411975767083e-02
1.072895160819290102e-02
2.262106434452682002e-02
4.115999721844141451e-02
2.952529183014935416e-02
3.216253852348037456e-02
5.798688302601113370e-02
1.059844821474644205e-01
7.063138916510341980e-02
2.488345180462360126e-02
4.709777458157129483e-03
1.145942304492899959e-02
7.330054544859572474e-02
3.033836408718517189e-02
1.710017685652188979e-01
2.398779824737684307e-01
2.398779824737684307e-01
2.398779824737684307e-01
1.783037673395185263e-01
6.067697238382138009e-02
1.104077157775506524e-01
1.247514658618469330e-01
2.041417588784392168e-01
2.398779824737684307e-01
2.232998679392039221e-01
2.144447875485766264e-01
1.792823965623639160e-01
6.513529802705284033e-02
1.328944294401926407e-02
4.365674645044059776e-02
1.518308879611561524e-01
1.089128177558607580e-01
1.186410863243938241e-01
2.139018594489678626e-01
2.398779824737684307e-01
2.398779824737684307e-01
9.179001064999821324e-02
1.737341452615656298e-02
4.227148916459497890e-02
2.103175124244627825e-01
2.317920055920797417e-01
2.178995008551998513e-01
2.346784627207539886e-01
2.398779824737684307e-01
6.667193341033728071e-02
2.514574826796913895e-02
4.579909258747621309e-02
9.751396226080744079e-02
1.142054760638033656e-01
1.868844313463455531e-01
2.256877121494267890e-01
2.044229905179861251e-01
1.963164831947392663e-01
1.641265800590988033e-01
5.962902053572030625e-02
1.216600660809263358e-02
3.996617977451884934e-02
6.149119575318528347e-02
3.263688774603153847e-02
1.138110166469631784e-01
2.186033850439655091e-01
2.528958481991845919e-01
2.528958481991845919e-01
5.204558184283188116e-02
2.604398645702978021e-02
3.449444134083994029e-02
1.925381113965456414e-01
2.121972368304107515e-01
1.994791488605983931e-01
2.148396844220331892e-01
2.295009237008166780e-01
6.103575491172218842e-02
2.302002731658689752e-02
4.192742054057569528e-02
8.927052204096956600e-02
2.506730150652823341e-01
1.076388592024854762e-01
2.528958481991845919e-01
2.528958481991845919e-01
2.528958481991845919e-01
2.528958481991845919e-01
3.514766688559575747e-02
7.900322082745699082e-02
1.342678488476619636e-01
