1.848159714992138325e-02
2.747988493069771290e-02
1.831637451468036762e-02
8.664525168700401916e-03
2.022715425298821090e-02
1.413310928997991989e-02
2.430001272999264463e-03
5.573999699156174416e-03
2.450383519803620708e-02
4.644596844650710210e-01
4.644596844650710210e-01
1.911607431571762765e-03
3.980974355922563962e-03
5.857885326709642154e-02
2.708181324645624055e-02
4.370310822721165146e-03
2.010423026526588289e-02
2.851963436934195628e-01
9.286527435688871415e-03
1.741832868778096094e-02
1.823825228064990603e-02
1.595217155274353607e-02
2.034947554381776741e-02
2.058843183962380530e-02
5.356328339655437067e-03
2.881947590496973521e-03
9.608316923994658990e-03
4.644596844650710210e-01
3.760617788993287913e-01
1.338698748327949717e-01
4.643894895957133978e-02
1.061932878970267974e-01
3.894599357834913761e-02
2.027857344027372659e-03
1.599819069306945537e-03
2.964602643091738821e-01
3.249020427277680145e-01
3.249020427277680145e-01
1.149560596490647232e-03
2.393991140453731806e-03
3.522686739509753306e-02
1.628586752461358422e-02
2.628121775026837168e-03
1.208984154069855932e-02
1.715051289079754515e-01
1.887711064227561020e-01
1.431552511507720171e-01
1.057144360908079395e-01
1.081876212666229575e-01
1.504612342638134703e-01
1.014093975206453169e-01
3.098117500254201490e-02
7.947040033409950854e-03
1.231558065889749691e-02
3.249020427277680145e-01
2.261477935945225004e-01
8.050373242082622949e-02
2.792643771136096506e-02
6.386019292561344318e-02
2.342048836462018793e-02
1.219468421966392628e-03
9.620641420490125230e-04
1.782787787107611988e-01
1.387299456045387458e-01
1.880725480293279073e-01
2.544775841875838718e-01
2.487841954913169729e-01
3.249020427277680145e-01
2.919277167545831775e-01
1.364381045527923442e-01
1.042577993039129902e-01
2.068253109698235948e-01
2.234111382548810143e-01
1.694246445487904151e-01
1.251133340508575886e-01
1.280403557000633352e-01
1.780712962228029606e-01
1.200183087293592854e-01
3.666630822351950314e-02
9.405344352037953853e-03
1.457552453558329762e-02
1.132377186131068719e-01
9.830552737096706628e-02
7.354074960574535913e-02
5.923845093677183871e-02
4.572647637683514843e-02
3.775452656650717109e-02
1.154930829991442955e-02
2.588929237721159394e-03
2.678288659693183957e-02
1.641872829210236640e-01
2.225843924208877889e-01
2.487367658343007937e-01
2.487367658343007937e-01
2.487367658343007937e-01
2.487367658343007937e-01
1.614748825554547795e-01
1.233894002945160467e-01
2.447783403896912069e-01
2.487367658343007937e-01
2.487367658343007937e-01
2.487367658343007937e-01
2.487367658343007937e-01
1.725817989481299719e-01
2.487367658343007937e-01
1.050580933494878466e-01
3.427592118292982493e-02
1.710407186802461732e-01
1.661575588606430676e-01
1.442470463951698589e-01
1.079088450467784177e-01
8.692259539394056600e-02
6.709601520702458688e-02
5.539850190432947519e-02
1.694669317914558604e-02
3.798823991433740010e-03
3.929944112873126616e-02
2.048276815299118481e-01
1.301460800802484163e-01
1.460852124226499626e-01
1.822155907012618925e-01
2.469239443819775670e-01
1.271513519743358300e-01
9.293390839614967813e-02
1.050725914241955328e-02
3.999775572178754929e-02
2.597889001972997769e-01
2.597889001972997769e-01
2.597889001972997769e-01
2.597889001972997769e-01
2.532351478660083699e-01
2.597889001972997769e-01
1.541553162965609569e-01
5.029422582164441713e-02
2.509738683342760956e-01
2.597889001972997769e-01
2.537953899081767939e-01
1.943729717437845950e-01
1.757901539730875873e-01
1.130901021267291112e-01
3.094989576597176675e-02
2.223134440062665695e-02
2.192925838980942788e-02
1.260062816837942690e-01
2.438101949220017328e-01
1.704700783779294349e-01
1.913477347622782876e-01
2.386726208685787942e-01
2.438101949220017328e-01
1.665474743731009677e-01
1.217282198471936472e-01
1.376279092263888934e-02
5.239051801352866827e-02
2.438101949220017328e-01
2.438101949220017328e-01
8.689393161190851755e-02
7.038625892563891984e-02
7.495356477442857712e-02
1.178241767702992333e-02
3.936959443460800318e-02
8.666500926035937413e-02
2.356572155627185416e-01
2.438101949220017328e-01
2.438101949220017328e-01
2.438101949220017328e-01
2.302563496909228180e-01
1.481295369128627915e-01
4.053930132786741358e-02
2.911942503442885646e-02
2.872374176906169335e-02
1.650476195787307088e-01
2.438101949220017328e-01
2.438101949220017328e-01
1.655066183609557040e-01
1.765216037266689464e-01
9.088953404718731754e-02
1.425768778512007395e-01
3.669345539903861447e-02
3.720890542012629532e-02
1.365068663882613997e-01
2.548561657570507788e-01
2.548561657570507788e-01
1.037323962684360001e-01
8.402583664112275863e-02
8.947820335301021055e-02
1.406563607839321842e-02
4.699870629698479213e-02
1.034591129258010250e-01
2.548561657570507788e-01
2.548561657570507788e-01
2.112977607633980404e-01
2.415452911276418924e-01
6.488643076130135023e-02
5.504918483125687684e-02
6.252305894645961148e-02
7.043706691118163665e-02
6.711472083446366754e-02
1.236768955985935448e-01
2.548561657570507788e-01
2.548561657570507788e-01
1.975787929305133916e-01
2.107282822636740716e-01
1.085022738359353867e-01
1.702056854560630439e-01
4.380398015492276836e-02
4.441931502183667918e-02
1.629594160935511626e-01
2.291654051016790705e-01
2.252794913403954047e-01
2.548561657570507788e-01
1.719702512912860970e-01
1.550631876085270533e-01
2.061499170609861764e-01
3.234092792027969121e-02
3.672758424833152263e-02
1.052879600673612970e-01
2.371020424338894927e-01
2.371020424338894927e-01
2.371020424338894927e-01
7.849251819605931879e-02
6.659249231848182737e-02
7.563356905979157219e-02
8.520707166867884375e-02
8.118806019246244121e-02
1.496108025099520400e-01
1.080100562303798889e-01
1.135625599707380806e-01
1.436058917288835224e-01
8.242568615721365677e-02
2.371020424338894927e-01
2.371020424338894927e-01
4.986993303375113901e-02
1.992855656480709003e-02
1.045594071794069269e-01
2.371020424338894927e-01
2.371020424338894927e-01
2.371020424338894927e-01
2.080308304877924730e-01
1.875785111324123622e-01
2.371020424338894927e-01
3.912252289848534847e-02
4.442902069177776664e-02
1.273658764159086854e-01
2.371020424338894927e-01
2.371020424338894927e-01
1.136120934823030282e-01
1.392651987157901838e-01
2.037564569072995435e-01
2.371020424338894927e-01
3.200752159232769095e-02
2.650003916418045002e-02
1.825078509637325375e-01
1.041202465973084523e-02
1.952937404045039169e-02
2.044866973274953731e-02
1.788552338144271808e-02
2.281576645760517719e-02
2.308368348706106576e-02
6.005498087883543064e-03
3.231230359045450789e-03
1.077281399790755434e-02
4.989265193010445354e-01
4.216392556419131243e-01
1.500944726225048043e-01
5.206720004733084856e-02
1.190635724643956395e-01
4.366612260004699986e-02
2.273627124740526355e-03
1.793711989340171335e-03
3.323902937878380759e-01
1.058313948337122855e-02
7.287105744952877481e-04
2.384776111040532527e-04
1.187380476292559245e-03
1.314285139238648321e-02
2.097378230028865490e-02
8.576182276661917236e-03
3.509859029957949038e-03
3.142501241715163311e-03
4.989265193010445354e-01
2.678149758961581028e-01
8.958240069954284679e-02
4.565497264502457742e-02
2.952709774187209542e-03
9.432783323090199049e-04
6.724071761510757098e-03
1.177321005560868702e-02
2.953933225013131714e-01
3.407462423378913030e-01
2.471717894099900725e-01
8.798782106322794450e-02
3.052263951484736337e-02
6.979700268839314492e-02
2.559779127590496375e-02
1.332837199936805954e-03
1.051503141984229135e-03
1.948525963811737760e-01
1.516270769429030885e-01
2.055568506613597857e-01
2.781352798035876539e-01
2.719126010434045893e-01
3.407462423378913030e-01
3.190669914647832339e-01
1.491221732036293046e-01
1.139502022296977751e-01
2.260529779890240731e-01
3.407462423378913030e-01
1.569974947476558413e-01
5.251466030324644652e-02
2.676368751992721715e-02
1.730926493983857978e-03
5.529651003522813779e-04
3.941760230279152399e-03
6.901647220001445350e-03
1.731643700756832494e-01
8.411363010342824686e-02
1.457997276208212456e-01
1.371277197336564224e-01
6.826493206504803679e-02
8.881742790808365429e-02
1.026677241687741909e-01
6.568512779835117277e-02
1.189147650589408856e-02
2.981429917142762454e-02
1.466630072715431887e-01
1.988271916276203588e-01
2.363939446515047615e-01
2.363939446515047615e-01
2.363939446515047615e-01
2.363939446515047615e-01
1.442401107629864565e-01
1.102196235340023311e-01
2.186523028933849422e-01
2.363939446515047615e-01
2.363939446515047615e-01
2.363939446515047615e-01
2.354410297521156714e-01
1.541615476165757725e-01
2.325760184916922657e-01
9.384488027773700558e-02
3.061753375935296825e-02
1.527849521670768540e-01
8.135986126106216354e-02
1.410264376480310222e-01
1.326383398131497915e-01
6.603002860509969707e-02
8.590966295570158506e-02
9.930651886132327300e-02
6.353468371318307661e-02
1.150216531517037760e-02
2.883821850513960255e-02
1.417052664946986396e-01
1.562455795154615024e-01
1.965156019381003039e-01
2.363939446515047615e-01
1.960713452835333437e-01
2.094843894933115236e-01
3.005731052876882067e-02
2.647432769352492041e-02
8.374984810554191028e-02
2.371253751925288533e-01
2.371253751925288533e-01
2.371253751925288533e-01
2.371253751925288533e-01
1.772019171547097593e-01
2.371253751925288533e-01
1.078705614822276920e-01
3.519350813862116151e-02
1.756195812443025472e-01
1.910537036403741062e-01
1.775939479007554722e-01
1.360129647337953995e-01
1.230095923233965743e-01
7.913507693127083686e-02
2.165726563506312208e-02
1.555643788753249303e-02
1.534505245895543060e-02
8.817320532345378215e-02
1.628839699782549943e-01
1.795974201423458927e-01
2.258860393699040348e-01
2.371253751925288533e-01
2.253753858890904793e-01
2.371253751925288533e-01
3.454955618024421055e-02
3.043107503268359035e-02
9.626676609804653284e-02
2.906461670180710347e-02
1.375998039555928198e-01
1.960067763257249962e-01
2.371253751925288533e-01
2.371253751925288533e-01
2.371253751925288533e-01
1.229813701331726045e-01
1.023724904154179292e-02
2.290050940291271653e-02
2.568067090067312486e-01
2.568067090067312486e-01
2.032903000579116826e-01
1.838549507568467134e-01
1.182783829905496575e-01
3.236979679108437091e-02
2.325126087927234866e-02
2.293531594499783471e-02
1.317871233992664870e-01
2.568067090067312486e-01
2.568067090067312486e-01
1.321536244691249862e-01
1.409488633179949435e-01
7.257342014232899541e-02
1.138446991432994632e-01
2.929896806122584199e-02
2.971054428212875631e-02
1.089979200637638118e-01
4.344111358753764696e-02
2.056620520609228064e-01
2.568067090067312486e-01
2.568067090067312486e-01
2.568067090067312486e-01
2.568067090067312486e-01
1.838127687668419663e-01
1.530099305971158348e-02
3.422799758176586771e-02
3.657599795891708361e-02
1.560766035843305088e-01
2.507379366773686558e-01
2.568067090067312486e-01
1.899705317464287779e-01
1.311036047134831739e-01
5.077071495995617162e-02
3.928265051286866649e-02
5.769747371314940670e-02
2.492284809235512932e-01
2.492284809235512932e-01
1.844483379202590534e-01
1.967239542251661144e-01
1.012915595483240838e-01
1.588943596694117888e-01
4.089290765486670864e-02
4.146734933346614416e-02
1.521296542057648804e-01
2.139358048143012447e-01
2.103081364601256664e-01
2.492284809235512932e-01
1.605416580997257869e-01
1.447581838252695319e-01
1.924498525389353731e-01
3.019165322966824508e-02
3.428678640026668750e-02
9.829085879813677373e-02
5.104954221572029910e-02
2.178379157969644042e-01
2.492284809235512932e-01
2.492284809235512932e-01
2.492284809235512932e-01
1.829828132364709203e-01
7.086127245473310132e-02
5.482724840357162260e-02
8.052902953921313445e-02
1.860204629562615120e-01
1.814111252088886073e-01
2.492284809235512932e-01
2.045892858668287295e-01
7.868275617876165084e-02
1.081361685546090579e-01
9.192898728459523994e-02
3.053128757934511078e-02
1.011336060595362518e-01
2.409487643565192683e-01
2.409487643565192683e-01
2.409487643565192683e-01
1.887741003128902140e-01
1.702149849328727649e-01
2.262935875859623247e-01
3.550107955063611098e-02
4.031637228581507609e-02
1.155760358914051378e-01
2.409487643565192683e-01
2.208699754482777444e-01
1.030953954348813179e-01
1.263738770394029487e-01
1.848953914447539759e-01
2.409487643565192683e-01
2.904469052817452296e-02
2.404701764514695014e-02
1.656136991086010757e-01
2.187335421223955134e-01
2.133136181188819980e-01
2.409487643565192683e-01
2.405678303707096677e-01
9.251970288333284664e-02
1.271527164463379933e-01
1.080953820505870938e-01
3.590044112167318363e-02
1.189187013592942904e-01
3.054493190877636405e-02
2.873046235669893603e-02
9.111461541325902025e-02
2.124439188926611488e-01
2.409487643565192683e-01
2.409487643565192683e-01
7.634586255346556549e-02
9.123873122221301882e-03
3.003922385157998740e-02
1.029002089958318614e-02
7.085276588375053050e-04
2.318725559838963649e-04
1.154493894368990034e-03
1.277883710408138015e-02
2.039287666503750152e-02
8.338649887790625798e-03
3.412647336795116091e-03
3.055464165904999731e-03
5.165083669005401390e-01
2.603973710752771065e-01
8.710125921344211153e-02
4.439047821540674510e-02
2.870929305479716972e-03
9.171525867947699640e-04
6.537836817227913808e-03
1.144713038297832421e-02
2.872118870692207393e-01
9.995304691408853776e-03
3.332574920493404369e-02
3.032125277328125493e-02
8.057798376124690118e-03
1.352956930679590462e-02
1.013843702333574841e-02
7.700845734250540576e-04
5.493365471371199939e-03
1.319971054131968691e-02
5.165083669005401390e-01
2.610946420334491758e-01
7.416644986186270161e-02
4.557060122662215385e-02
4.265058695447166565e-02
1.856113882373654905e-02
5.760929879274667535e-03
2.890016878360173597e-02
4.734531473830898562e-01
4.137723416229880935e-01
1.989954670030207040e-01
6.656271406334368645e-02
3.392316868056491352e-02
2.193961926410689829e-03
7.008872884108070366e-04
4.996209774551489506e-03
8.747888071983348640e-03
2.194870991214272482e-01
1.066146382186201336e-01
1.848022156879146338e-01
1.738103825880682185e-01
8.652629813009514448e-02
1.125767361637477759e-01
1.301320874574502240e-01
8.325637744981374821e-02
1.507253300092022998e-02
3.778984114696899710e-02
4.137723416229880935e-01
1.995283209230742094e-01
5.667794288887399723e-02
3.482501776132976290e-02
3.259354514183817469e-02
1.418440774991384760e-02
4.402498101129103704e-03
2.208548634654386097e-02
3.618125243680426206e-01
3.583790471616354889e-02
5.727851513904869130e-02
7.152152013115309348e-02
1.658749027304196877e-01
4.066981728401453666e-01
2.020106492156127642e-01
1.327948119099921220e-01
4.519400896175591181e-02
5.209054577529394908e-02
1.181977705058867983e-01
2.048800262687064111e-01
1.926939870166616553e-01
9.592693555019496388e-02
1.248076197388483105e-01
1.442702696904275550e-01
9.230175480017624445e-02
1.671008621660388660e-02
4.189551309252820960e-02
2.058662134989641124e-01
2.269900521446231445e-01
2.477248037145959036e-01
2.477248037145959036e-01
2.477248037145959036e-01
2.477248037145959036e-01
4.366658247491228551e-02
3.846130586403177787e-02
1.216698894620569238e-01
3.973150880432411297e-02
6.350153131355681935e-02
7.929196556817436070e-02
1.838963580724533309e-01
2.477248037145959036e-01
2.239580676226697320e-01
1.472222854644396339e-01
5.010410567213902794e-02
5.774991575218114265e-02
2.406930394717676502e-01
2.101668938797762176e-01
2.477248037145959036e-01
2.477248037145959036e-01
2.457457747459690367e-01
9.952554691457746183e-02
4.027815293730276081e-02
3.902967424039761185e-02
1.008419897478955857e-01
1.698089632857320563e-01
1.872329838671981384e-01
2.354895584337990677e-01
2.373140278013143034e-01
2.349571945787998772e-01
2.373140278013143034e-01
3.601842659982223277e-02
3.172484869849489381e-02
1.003595366208329537e-01
3.030029554835823521e-02
1.434498438436790646e-01
2.043399819472296597e-01
2.373140278013143034e-01
2.373140278013143034e-01
2.373140278013143034e-01
1.282099089834368155e-01
1.067248451074797981e-02
2.387412193442306832e-02
1.985359074134732116e-01
1.733563840328119221e-01
2.373140278013143034e-01
2.373140278013143034e-01
2.027036614323895480e-01
8.209375231985274746e-02
3.322347692270524733e-02
3.219366795307141565e-02
8.317962157907340948e-02
6.310365605645636145e-02
9.897453704897607452e-02
1.344510036850244117e-01
1.883230075246050961e-01
2.373140278013143034e-01
2.373140278013143034e-01
1.777721617902328355e-01
1.842608090939741594e-02
1.481210103653704362e-02
4.086996132351918692e-02
1.934895176319062216e-01
2.558708545815316926e-01
2.558708545815316926e-01
2.558708545815316926e-01
2.558708545815316926e-01
1.729334294143178574e-01
1.439537210071079390e-02
3.220214266674769482e-02
3.441117177942008831e-02
1.468388866032150353e-01
2.358974926757609059e-01
2.558708545815316926e-01
1.787267324406774383e-01
1.233439663837522238e-01
4.776574506082872928e-02
3.695762549712451606e-02
5.428252925352423930e-02
8.511613288668960775e-02
1.334998694896903093e-01
1.813516079981939422e-01
2.540158072575783299e-01
2.558708545815316926e-01
2.558708545815316926e-01
2.397845052425200407e-01
2.485365903145164007e-02
1.997901292801509618e-02
2.558708545815316926e-01
6.964523151628526643e-02
5.856028433372865993e-02
7.170776856565591606e-02
4.305532261339705541e-02
7.801208593252410839e-02
8.827765338614379509e-02
1.110728655489660044e-01
2.266126248921109532e-01
5.021890703376035575e-02
2.142934405877417181e-01
2.610736372703834629e-01
2.610736372703834629e-01
2.608298612561050778e-01
1.800054709181804768e-01
6.970827747408024633e-02
5.393514556626077816e-02
7.921872895274158222e-02
1.829936945585545760e-01
1.784593560752754660e-01
2.610736372703834629e-01
2.012603812123082703e-01
7.740249659838230323e-02
1.063766678393186088e-01
9.043319618116357761e-02
3.003450816638239540e-02
9.948804514702996871e-02
2.610736372703834629e-01
1.016387186487140437e-01
8.546159060427244158e-02
1.046487398418306375e-01
6.283399058569301421e-02
1.138491219092445245e-01
1.288304652039949927e-01
1.620972963295842784e-01
2.610736372703834629e-01
2.610736372703834629e-01
2.610736372703834629e-01
1.749696081863640340e-01
1.180570611008190246e-01
1.592861426197822450e-01
1.932505105102104437e-01
4.870680570297385159e-02
1.137596727282052904e-02
1.403472615009115354e-01
2.156514686650059520e-01
2.103079143108393667e-01
2.709063673670933925e-01
2.371781000280607232e-01
9.121605042209884884e-02
1.253610661644852520e-01
1.065722598780486224e-01
3.539458456389033003e-02
1.172430727863265909e-01
3.011453736123535091e-02
2.832563466274351169e-02
8.983076139150901473e-02
2.094504696152910406e-01
2.709063673670933925e-01
2.709063673670933925e-01
7.527010821659353701e-02
8.995312834184393536e-03
2.961595500302939901e-02
2.709063673670933925e-01
2.709063673670933925e-01
2.061953722949528278e-01
1.391259883248026352e-01
1.877129738093143985e-01
2.277387563124690095e-01
5.739921372245102710e-02
1.340616711295370203e-02
1.653941855144010487e-01
6.777607168879352939e-02
4.342994330329117553e-02
1.233413011529330278e-01
1.815738852357911270e-01
2.045220756896154735e-01
2.696039538975049110e-01
1.289329659866710331e-01
5.474910678797469121e-02
8.242746868139465277e-02
9.195475833813113870e-03
3.065900749589791502e-02
2.789493224426626422e-02
7.413009660934039187e-03
1.244692697657078830e-02
9.327154651008388517e-03
7.084620532887674765e-04
5.053783851303207675e-03
1.214346366052849492e-02
4.734476922550492906e-01
2.402017292399576398e-01
6.823161658800239171e-02
4.192402085270233864e-02
3.923766745949081730e-02
1.707586799714280734e-02
5.299937632786187389e-03
2.658756404606130511e-02
4.355672097666000164e-01
3.109631993311565232e-03
6.563686689904429591e-03
1.683417684398063122e-02
1.040454089717609588e-02
1.096918667011261700e-02
8.006701657331980262e-03
2.788478034521700219e-03
1.729837492130370004e-03
4.340401688171436310e-03
4.734476922550492906e-01
4.734476922550492906e-01
1.766480397090517407e-01
3.887642838384691019e-02
1.528190588388408412e-02
1.450864398500506004e-02
1.218660058759874279e-02
2.138574549485824233e-02
1.856059219532520121e-01
3.544395883967113026e-01
1.601345814416391955e-01
4.548777145767768371e-02
2.794936386528416514e-02
2.615846053753787329e-02
1.138391877164001212e-02
3.533293857535752328e-03
1.772505324395704310e-02
2.903783126223818956e-01
2.876227216727171923e-02
4.596977013065937923e-02
5.740071703749548282e-02
1.331255031743045214e-01
3.264019933588517830e-01
1.621268129217990905e-01
1.065765577761077637e-01
3.627116028080375199e-02
4.180608399952009946e-02
3.544395883967113026e-01
3.544395883967113026e-01
1.177654298776356356e-01
2.591763434381462103e-02
1.018794331785024751e-02
9.672435078531707239e-03
8.124405225834347224e-03
1.425717214639794783e-02
1.237373549271239409e-01
1.066873841408407797e-01
2.421233105902361737e-01
1.401284927942198777e-01
2.730279420720402306e-01
3.544395883967113026e-01
1.226856170969621573e-01
2.994517788490077062e-02
1.154618186650250081e-02
4.180818395646445501e-02
3.549350777956753605e-02
5.672807712368783256e-02
7.083420895520843585e-02
1.642808695744368552e-01
2.695688196049971230e-01
2.000693569079112222e-01
1.315186735090487780e-01
4.475970125425476204e-02
5.158996337426607903e-02
2.150192762890789644e-01
1.877492324710692273e-01
2.695688196049971230e-01
2.695688196049971230e-01
2.195330565143958912e-01
8.890955516126317071e-02
3.598184357074243889e-02
3.486653509958755753e-02
9.008557830641610031e-02
1.316554365719930231e-01
2.695688196049971230e-01
1.729227691124549382e-01
2.695688196049971230e-01
2.695688196049971230e-01
1.513977365747570525e-01
3.695324896576410861e-02
1.424833523303251429e-02
5.159255478421128499e-02
1.165918096695347378e-01
1.178995270742173307e-01
1.567155116496576628e-01
2.695688196049971230e-01
2.695688196049971230e-01
1.869718149458383660e-01
3.893010857371721062e-02
3.799602908545631624e-02
8.729722863159820878e-02
2.116803828836637535e-01
1.848337977017388833e-01
2.595161593753872453e-01
2.595161593753872453e-01
2.161240715744545127e-01
8.752893695563200571e-02
3.542310510651509869e-02
3.432511552957106388e-02
8.868669840819747019e-02
6.728156256173137284e-02
1.055273485346299722e-01
1.433526071425779147e-01
2.007913170869875252e-01
2.595161593753872453e-01
2.595161593753872453e-01
1.895419310494931842e-01
1.964601725079136163e-02
1.579276645506642873e-02
1.147813318781963215e-01
1.160687425964552488e-01
1.542819791896663517e-01
2.595161593753872453e-01
2.595161593753872453e-01
1.840684521836929433e-01
3.832558843472218257e-02
3.740601365458474242e-02
8.594164718783407764e-02
5.750376427243258926e-02
2.182177805707866125e-02
6.039208251774649122e-02
1.599391249487923938e-01
2.595161593753872453e-01
2.595161593753872453e-01
2.595161593753872453e-01
2.936499154643576470e-02
9.312166649802537666e-02
7.155901962778064840e-02
1.122362994784601442e-01
1.524663167386652862e-01
2.135567197526441752e-01
2.710931556202776371e-01
2.710931556202776371e-01
2.015921486932406859e-01
2.089502206146323648e-02
1.679679902942451258e-02
2.238878002185747118e-01
5.855228991300354818e-02
4.923292910433686720e-02
6.028631052922940603e-02
3.619756409838389283e-02
6.558648988296067461e-02
7.421697999089121867e-02
9.338142014174193040e-02
1.905182569107687351e-01
6.115959320158191603e-02
2.320910788697623864e-02
6.423153764130951071e-02
1.701073302356754524e-01
2.710931556202776371e-01
2.710931556202776371e-01
2.710931556202776371e-01
3.123188473087292610e-02
9.904192035655902393e-02
7.082149022122601056e-02
8.618648305764538275e-02
1.840157806795967854e-01
2.710931556202776371e-01
2.710931556202776371e-01
2.710931556202776371e-01
2.710931556202776371e-01
1.713259921488189189e-02
1.316403081326718641e-02
2.565024621702233221e-01
6.708184418145046735e-02
5.640489353500177661e-02
6.906846675347820541e-02
4.147061298889676006e-02
7.514074515743147942e-02
8.502847445870975740e-02
1.069846778784942498e-01
2.182718394583476051e-01
2.749092421436291622e-01
2.749092421436291622e-01
1.154804404157609432e-01
7.791799702489971002e-02
1.051293084126235372e-01
1.275458880865742994e-01
3.214663067561619736e-02
7.508170844283680936e-03
9.262959286054074648e-02
8.113834964912815251e-02
9.874162454808102507e-02
2.108221206176129070e-01
2.749092421436291622e-01
2.749092421436291622e-01
2.749092421436291622e-01
2.749092421436291622e-01
1.962837581012709734e-02
1.508168963378640585e-02
2.749092421436291622e-01
1.817845568097856135e-01
7.764523074128067137e-02
1.862390743773454926e-01
2.011726394621160541e-01
1.877918964981354077e-01
5.336761217644176575e-02
2.947452247286933003e-02
2.191875928921811767e-01
3.254543212445513145e-01
3.254543212445513145e-01
1.321980174385085638e-01
8.919783031989118871e-02
1.203483992336207564e-01
1.460101249767813691e-01
3.680035188075362479e-02
8.595094516702664333e-03
1.060391568322113370e-01
4.345326574163880379e-02
2.784423500033351290e-02
7.907779548698869176e-02
1.164124460196065275e-01
1.311252169612225627e-01
1.728511547186920849e-01
8.266277897606230662e-02
3.510128909947707321e-02
5.284671436062997329e-02
3.254543212445513145e-01
2.081006785622868394e-01
8.888557690460559269e-02
2.132000563353218525e-01
2.302954855732775863e-01
2.149776734370927311e-01
6.109339815255780681e-02
3.374141475241806271e-02
2.509183817029378982e-01
6.130182600055152087e-02
9.816725117988740756e-02
1.007477084482386737e-01
1.176168103928824510e-01
3.254543212445513145e-01
3.254543212445513145e-01
1.702150822727427001e-02
2.419707774438550722e-03
1.211381887423736425e-01
2.502751812783045836e-03
5.282708306652140855e-03
1.354879506758456878e-02
8.373975971301943905e-03
8.828424676112259575e-03
6.444102430899087408e-03
2.244274715083834689e-03
1.392239959120972507e-03
3.493322752223580394e-03
4.884460942428076602e-01
4.884460942428076602e-01
1.421731582892498402e-01
3.128924960300100838e-02
1.229946750481567506e-02
1.167711649243283016e-02
9.808246370592244023e-03
1.721207313923163798e-02
1.493828075575847070e-01
2.238144579844687440e-02
2.010913952768715943e-02
1.624919681217511236e-02
1.177819941816397702e-02
1.283476548799092516e-02
6.810039934371553590e-03
3.138489588219166033e-03
2.278182097884121939e-03
8.520168342942224804e-03
4.884460942428076602e-01
4.739251957897158696e-01
7.444082147446286213e-02
2.060943450685209094e-02
3.011694074741776139e-02
3.509915741059137922e-02
1.896064632488060273e-02
1.084802621784606604e-03
7.049427301596368489e-02
3.830610271783072562e-01
3.830610271783072562e-01
1.037346399435932209e-01
2.282975971504425799e-02
8.974133011199009191e-03
8.520043371741749944e-03
7.156448643149924092e-03
1.255854643215021348e-02
1.089950588578916107e-01
9.397645295290225909e-02
2.132762940034809984e-01
1.234333264095468091e-01
2.404988908443828621e-01
3.830610271783072562e-01
1.080686270073880212e-01
2.637745431035824761e-02
1.017054852081289602e-02
3.682708001767304173e-02
3.830610271783072562e-01
3.457928355605815463e-01
5.431469558443789009e-02
1.503738324262169496e-02
2.197440109109639883e-02
2.560960521748855204e-02
1.383436819774176187e-02
7.915109345165399334e-04
5.143515215803775437e-02
8.755475421838289363e-02
2.343070172179787525e-01
1.898208797909552992e-01
1.078773827629488785e-01
9.108045493953134675e-02
5.037133055047636476e-02
7.427199499658819308e-03
5.222113773289706155e-03
2.071575791321959847e-02
1.651619873874569100e-01
2.950035021534005986e-01
2.169319319794122125e-01
2.950035021534005986e-01
2.950035021534005986e-01
1.899287390610414072e-01
4.635791881083193428e-02
1.787456276265150801e-02
6.472295489215884601e-02
1.462646397256101294e-01
1.479051736156058727e-01
1.965998976756709593e-01
2.950035021534005986e-01
2.950035021534005986e-01
2.345564858235691386e-01
4.883789282585852820e-02
4.766608838939937615e-02
1.095145339199698198e-01
1.538759631540430051e-01
2.950035021534005986e-01
2.950035021534005986e-01
1.895926306158353114e-01
1.600723210686166020e-01
8.852674047228203946e-02
1.305317440211912691e-02
9.177774453694182571e-03
3.640758551399573412e-02
6.081733691965406086e-02
5.223572511769043747e-02
1.101632098442813096e-01
4.067847823011470909e-02
3.530612252655327549e-02
3.089419104228725149e-02
2.944443072870717160e-02
1.537527645842341056e-02
4.436318415679028904e-02
1.835905902304035553e-01
1.856497795582022770e-01
2.467711356704181680e-01
3.226959994374710150e-01
3.226959994374710150e-01
2.944140412576995991e-01
6.130106077811388332e-02
5.983021814295801794e-02
1.374620547993896935e-01
9.197619378078771002e-02
3.490352523202395335e-02
9.659600470956429541e-02
2.558196343412605933e-01
3.226959994374710150e-01
3.226959994374710150e-01
3.226959994374710150e-01
4.696875390714162074e-02
1.489463611883637129e-01
7.633759466585268716e-02
6.556600162185850789e-02
1.382762693356987538e-01
5.105940739984431154e-02
4.431605537440039960e-02
3.877822267080215102e-02
3.695849131152011136e-02
1.929896443359805161e-02
5.568443048931348560e-02
1.120190176531820347e-01
1.012591812424686738e-01
1.276890580296612399e-01
1.194883809557562709e-01
2.745562419522945205e-02
3.756803230723061715e-02
5.144830331153658204e-02
3.781035443194821072e-02
1.694900635044072901e-01
7.405941619743493243e-02
2.810438870820160945e-02
7.777929724777679632e-02
2.059864840277017828e-01
3.037023442981703902e-01
3.037023442981703902e-01
3.037023442981703902e-01
3.781933510071489035e-02
1.199319095616529357e-01
8.575920710801393509e-02
1.043649946840103510e-01
2.228285142991053291e-01
3.037023442981703902e-01
3.037023442981703902e-01
3.037023442981703902e-01
3.037023442981703902e-01
2.074621869404399965e-02
1.594059714593385607e-02
9.019793828582770012e-02
8.153409636977107522e-02
1.028154863095935428e-01
9.621228463803281616e-02
2.210732381556318113e-02
3.024985516351126266e-02
4.142627728955718819e-02
3.044497342564635167e-02
1.364737399801441708e-01
1.620214483313600351e-01
1.082045882658818486e-01
5.360602211827970864e-02
2.872617324666817962e-02
6.276911111795946407e-02
5.127550054774579480e-02
8.534027550948687646e-02
1.008631805062275150e-01
3.037023442981703902e-01
6.401595211982712141e-02
7.790445746848907727e-02
1.663329219489805555e-01
2.517872013157003153e-01
2.790083730117618455e-01
2.790083730117618455e-01
2.487934054970254161e-01
1.548625491502797318e-02
1.189904312396792424e-02
2.790083730117618455e-01
1.434230734933893414e-01
6.125997626228722043e-02
1.469375667577332567e-01
1.587197436393068539e-01
1.481627011974274433e-01
4.210559520387420485e-02
2.325459696354873623e-02
1.729330521574984625e-01
1.209427842039383638e-01
8.077056651013519994e-02
4.001483526936095575e-02
2.144298429471750561e-02
4.685472904233404373e-02
3.827519048596624007e-02
6.370323578233798301e-02
7.529048777010867444e-02
2.790083730117618455e-01
2.790083730117618455e-01
2.790083730117618455e-01
2.790083730117618455e-01
1.754178752318214518e-01
1.655541924996138670e-01
6.422004473109203804e-02
4.131563525178152951e-02
7.343088463478868178e-02
2.455419150840674469e-01
2.946649256196809952e-01
1.408787157529535761e-01
6.017321043733754593e-02
1.443308611124378693e-01
1.559040195131099482e-01
1.455342613902654569e-01
4.135863242819802499e-02
2.284205515738219755e-02
1.698651807256790214e-01
4.149973262909774363e-02
6.645666112559445171e-02
6.820356319497858366e-02
7.962350393849593200e-02
2.946649256196809952e-01
2.946649256196809952e-01
1.152311581011492871e-02
1.638078866995667810e-03
8.200738496658249721e-02
2.946649256196809952e-01
2.946649256196809952e-01
2.946649256196809952e-01
1.723059224770406850e-01
1.626172237059043957e-01
6.308076662246737965e-02
4.058268654420320309e-02
7.212820414442683292e-02
2.411859460127843691e-01
1.120935049976004433e-01
1.063258439155122248e-01
4.494415940523477371e-02
1.230793264272262710e-01
2.946649256196809952e-01
2.639959646599048249e-01
4.427088843118130029e-02
1.624435791741028409e-02
9.620810643670082984e-02
2.108086381942600451e-02
1.894060087657190722e-02
1.530495877063872343e-02
1.109377026883524159e-02
1.208893946544691185e-02
6.414309681070815179e-03
2.956112496205488480e-03
2.145797326671456881e-03
8.025062820946692044e-03
6.178016143811612126e-01
4.463854838962681981e-01
7.011507809822778436e-02
1.941182380025141194e-02
2.836685048282685737e-02
3.305955138968812851e-02
1.785884641692116193e-02
1.021764927375000452e-03
6.639786289418764254e-02
1.711551275154490903e-02
1.851482233955170642e-02
1.044763255333007457e-02
2.577181705362498881e-03
2.571773038884256346e-03
3.123907373031815492e-03
2.329855125735374836e-03
1.307075956919984431e-03
1.139941526538188095e-02
6.178016143811612126e-01
1.301269474799262305e-01
1.688971445000116145e-02
7.207703840556031012e-04
1.475857522855418894e-02
1.126199325216601863e-02
4.421648208754915509e-03
6.496755533558689309e-03
7.421200414555918778e-02
5.631966496847892190e-01
4.024612401890920177e-01
6.321576822136375229e-02
1.750170416114337629e-02
2.557555798169735412e-02
2.980649804347308002e-02
1.610153944649968596e-02
9.212234597409543844e-04
5.986432626135729240e-02
1.019031956230569830e-01
2.727051663221453648e-01
2.209286568086464286e-01
1.255562891716517082e-01
1.060066869012051827e-01
5.862616595411720977e-02
8.644366263166267106e-03
6.077911886750195052e-03
2.411064881577251393e-02
5.631966496847892190e-01
1.173224814742452882e-01
1.522776987427015144e-02
6.498467202083029739e-04
1.330633433252103974e-02
1.015381533401564333e-02
3.986558895783702712e-03
5.857476068484751205e-03
6.690955755245937830e-02
5.279396312733598134e-02
3.856830435550036990e-02
4.429802868328073379e-02
3.486531322949876222e-02
3.496959960287650965e-02
2.550444631562570272e-02
2.540415336919908673e-02
6.689447547053040295e-03
2.100529328709303464e-02
3.267966640278342494e-01
3.267966640278342494e-01
3.267966640278342494e-01
3.267966640278342494e-01
3.267966640278342494e-01
2.172011092155008982e-01
3.202607419857907145e-02
2.251774752845678643e-02
8.932632010747103279e-02
1.492158523855021401e-01
1.281607949836436333e-01
2.702863704827094260e-01
9.980499164030455506e-02
8.662387131791882133e-02
7.579915997021692553e-02
7.224216073443461006e-02
3.772337130508219422e-02
1.088454489093423627e-01
1.955936767230184170e-01
1.428897549454606342e-01
1.641175200438456105e-01
1.291707309074197896e-01
1.295570962036159401e-01
9.449012978294656084e-02
9.411855953174848299e-02
2.478339498434817267e-02
7.782144588687903153e-02
9.593069555877539734e-02
1.839931088470478371e-01
2.036123513093402726e-01
9.973712278358008720e-02
7.327686636997061964e-02
5.562148201014231047e-02
2.693964900998896406e-02
1.572763778810688795e-02
9.193749335304458870e-02
2.066015723594420983e-01
1.774491204195238758e-01
2.422640355019171909e-01
1.381881875991034236e-01
1.199378466297783830e-01
1.049501469382300850e-01
1.000251900838110136e-01
5.223109811545920828e-02
1.507054413410592875e-01
2.422640355019171909e-01
2.422640355019171909e-01
2.422640355019171909e-01
2.422640355019171909e-01
7.430644302684208391e-02
1.016748638609658445e-01
1.392407031675003126e-01
1.023306892403648000e-01
2.422640355019171909e-01
1.328239072667295739e-01
2.422640355019171909e-01
2.422640355019171909e-01
1.380942176067108673e-01
1.014578248060162280e-01
7.701249871608373265e-02
3.730015112533700133e-02
2.177620302786521800e-02
1.272949916638366208e-01
2.174145183021162775e-01
1.193771164723578943e-01
1.253342818038546969e-01
2.422640355019171909e-01
2.422640355019171909e-01
1.234637400333203350e-01
1.280795604264947374e-01
8.682767664132373664e-02
1.607098236229413113e-01
8.200128918436265513e-02
7.412476539781186202e-02
9.347222991712857143e-02
8.746908771562443563e-02
2.009834246485414644e-02
2.750092926944345401e-02
3.766170500580418717e-02
2.767831635103934484e-02
1.240718228250423383e-01
1.472979082580281041e-01
9.837160252319894493e-02
4.873462747911918441e-02
2.611571045111414635e-02
5.706502976064066479e-02
4.661588976861683747e-02
7.758506174443428882e-02
9.169733798721756146e-02
3.616432587627330664e-01
5.880609093465494208e-02
3.228901925047772403e-02
3.390030817880024250e-02
8.657255092240952188e-02
6.943791583702074721e-02
3.339436565796885525e-02
3.464284876709528005e-02
2.348507490709187545e-02
4.346865414447832060e-02
3.172934595723202467e-01
2.890187614849626940e-01
3.878866002438273730e-01
3.878866002438273730e-01
3.878866002438273730e-01
3.249219308979262588e-01
3.449945916138111995e-02
3.550793543271691527e-02
3.546642456886733158e-02
8.736328979219346036e-02
5.834479878357880928e-02
2.890480546346002599e-02
1.548938750897265772e-02
3.384561797880981937e-02
2.764816917591670850e-02
4.601617438348663131e-02
5.438625168876681099e-02
2.144928274292713377e-01
2.961075223817304924e-01
2.961075223817304924e-01
2.292114229013467452e-01
1.267134932396356273e-01
1.195884400285318200e-01
4.638949247976153351e-02
2.984444123068580312e-02
5.304296321828240457e-02
1.773677497571699291e-01
1.881886904274721051e-01
1.714187941539588866e-01
2.961075223817304924e-01
2.961075223817304924e-01
2.961075223817304924e-01
1.927131834020967549e-01
2.046184011730806801e-02
2.105997355846274399e-02
2.103535321136546649e-02
6.816816197934601196e-02
2.961075223817304924e-01
2.961075223817304924e-01
1.625113883142985383e-01
1.414067846785278249e-01
1.946559458530841835e-01
4.609964453544219271e-02
1.994907331677234219e-02
7.885183893129485422e-02
2.815632442183265138e-01
2.815632442183265138e-01
2.815632442183265138e-01
1.590587956991601215e-01
1.501149780040126336e-01
5.823102669083463079e-02
3.746263131969587018e-02
6.658288422259195372e-02
2.226432241031521819e-01
1.034755953498455172e-01
9.815136033499799462e-02
4.148878788342449248e-02
1.136168110506299428e-01
2.815632442183265138e-01
2.436995757579816790e-01
4.086727894877707074e-02
1.499546835131963102e-02
8.881148904418710577e-02
8.556899089629446675e-02
2.815632442183265138e-01
2.815632442183265138e-01
2.039945790444473162e-01
1.775027449690863013e-01
2.443444619155029918e-01
5.786719120827774065e-02
2.504133929193524954e-02
9.897981831624527715e-02
0.000000000000000000e+00
4.508054192159940358e-04
6.290431147892797809e-03
3.150588799926230810e-02
2.815632442183265138e-01
2.815632442183265138e-01
7.071906957800255106e-03
2.118614044705820237e-05
0.000000000000000000e+00
1.952509229685010436e-02
2.112140140276537459e-02
1.191848546102905644e-02
2.940006028064471102e-03
2.933835911298262201e-03
3.563701577082530915e-03
2.657859979343379659e-03
1.491090513519834331e-03
1.300426334972715897e-02
6.168343375400024975e-01
1.484466575284803802e-01
1.926750534972719933e-02
8.222428669133186301e-04
1.683633716912837433e-02
1.284749460253221953e-02
5.044142739594460918e-03
7.411390664375809047e-03
8.465982010065541130e-02
3.290943417625364492e-02
1.154896179887661932e-02
1.535912431100493886e-02
7.447633680923285149e-03
4.424297517635757820e-03
6.521764075964004391e-03
3.944209606017895324e-03
2.218301045612868297e-03
1.559413465084942031e-02
6.168343375400024975e-01
7.008835467233258398e-02
1.822236415785296118e-02
2.348048957243059707e-03
1.500045527290587259e-03
4.502176511619544047e-02
3.778070400909565307e-02
6.614076196630158666e-02
4.391285441688266844e-01
6.006997299051685113e-01
1.441387409032844069e-01
1.870836304228779348e-02
7.983814086945972876e-04
1.634774727424052540e-02
1.247466077446340339e-02
4.897761899974737571e-03
7.196312375713356975e-03
8.220299518745222134e-02
6.486101620804114731e-02
4.738381560568030726e-02
5.442317617793752255e-02
4.283443622185714728e-02
4.296255920701014946e-02
3.133396714061743860e-02
3.121075035524296243e-02
8.218446581207483961e-03
2.580644807935161128e-02
6.006997299051685113e-01
6.805439315812573942e-02
1.769355180994995266e-02
2.279908661542964267e-03
1.456514260415641424e-03
4.371523512307306375e-02
3.668430934705238511e-02
6.422135944945411845e-02
4.263850497209301094e-01
5.667072708504023587e-02
8.339507561189596352e-02
2.771180162837676500e-02
2.890094633748608102e-02
2.490355343438874561e-02
1.087247026824984288e-02
1.464109336479776750e-02
7.923635209010830571e-02
1.449661747595728800e-01
2.513023141723799703e-01
2.120264067468621838e-01
2.435251433693368939e-01
1.916694863226520718e-01
1.922427929636734978e-01
1.402088113214955412e-01
1.396574582504119810e-01
3.677474419019909069e-02
1.154750495970706670e-01
1.423463892412566711e-01
2.513023141723799703e-01
2.513023141723799703e-01
1.479945414641141710e-01
1.087315929684742610e-01
8.253371960115017669e-02
3.997429333397483492e-02
2.333739411969232638e-02
1.364210916898828119e-01
2.513023141723799703e-01
2.513023141723799703e-01
1.240008565929461709e-01
1.293218734116986790e-01
1.114349041424375908e-01
4.865059459590578839e-02
6.551389704064392028e-02
2.513023141723799703e-01
2.513023141723799703e-01
4.071661229999151005e-02
1.190562146205666472e-01
1.589515837966385126e-01
2.045670402671443677e-01
2.513023141723799703e-01
1.921490111785642274e-01
8.870518859691112201e-02
2.997958450459502211e-02
4.012090400204146312e-02
1.389787092800036095e-01
2.431056610142199315e-01
2.431056610142199315e-01
1.444932355699490578e-01
1.061591834486624031e-01
8.058110840314225420e-02
3.902856771814683379e-02
2.278527000229340141e-02
1.331935944612904765e-01
2.274890850160263267e-01
1.249088203043152573e-01
1.311420291126996485e-01
2.431056610142199315e-01
2.431056610142199315e-01
1.291848100677791267e-01
1.340145186173362091e-01
9.085110261935010201e-02
1.681568048655655290e-01
3.975332464609540595e-02
1.162395416415226562e-01
1.551910524167092187e-01
1.997273226886893127e-01
2.431056610142199315e-01
1.876030836143328384e-01
8.660657065732513260e-02
2.927031715667724465e-02
3.917170982047334105e-02
2.431056610142199315e-01
2.431056610142199315e-01
2.431056610142199315e-01
1.701158880467224799e-01
1.759668265521815156e-01
1.861893168588415470e-01
1.186543170095026856e-01
4.270026099999863628e-02
2.431056610142199315e-01
5.063944164587201591e-02
2.780490728339548440e-02
2.919242973835845315e-02
7.454985650110811102e-02
5.979478028810106260e-02
2.875674958426904446e-02
2.983185059073989800e-02
2.022360373567637024e-02
3.743197923867949695e-02
2.732295817534201587e-01
2.488815099620062810e-01
3.732728658898331053e-01
3.732728658898331053e-01
3.732728658898331053e-01
2.797986551674222500e-01
2.970837410291731276e-02
3.057679903104769045e-02
3.054105295552777752e-02
8.570362544443177466e-02
8.508684011969117056e-02
1.061353300711526254e-01
3.786807435253789628e-02
3.917050281410520279e-02
4.144604584212843723e-02
2.641264464099546752e-02
9.505147796522204345e-03
5.689960751692307861e-02
3.732728658898331053e-01
7.653546228012089725e-02
7.892688960879996884e-02
3.788610727010302548e-02
2.882401909855168698e-02
2.174694324006527790e-02
1.674699386252240588e-02
1.385103956234509381e-01
3.732728658898331053e-01
2.101464747918265485e-01
1.914198734402878799e-01
3.210147005618965155e-01
3.210147005618965155e-01
3.210147005618965155e-01
2.151988838748484512e-01
2.284931978982806047e-02
2.351724321194360520e-02
2.348975017217116990e-02
7.612199702573918536e-02
3.210147005618965155e-01
3.210147005618965155e-01
1.814731548968259445e-01
1.579060741872375662e-01
2.173683271049679511e-01
5.147853341385090487e-02
2.227672355528231146e-02
8.805224131495173467e-02
2.997547059004298520e-01
5.886499364935213890e-02
6.070428945186986947e-02
2.913898207984751826e-02
2.216914421938172286e-02
1.672602003805708296e-02
1.288045643149100805e-02
1.065311858822003271e-01
3.210147005618965155e-01
1.267076179543485774e-03
4.238705365160875226e-03
4.780383321644677934e-03
2.191217243218654756e-02
9.694171090946868130e-02
1.042134350085770073e-01
1.501780716273950871e-02
1.520634251312693187e-03
5.192110037262380679e-04
1.390298971281452578e-01
3.359323879072464991e-01
3.359323879072464991e-01
3.314441954051018935e-01
2.884010681267033527e-01
3.359323879072464991e-01
9.402085447673504126e-02
4.068640741513646075e-02
1.608194021470693014e-01
0.000000000000000000e+00
7.324549512845101532e-04
1.022050144827743763e-02
5.118980978491346340e-02
3.359323879072464991e-01
3.359323879072464991e-01
1.149021960577265369e-02
3.442259743914420086e-05
0.000000000000000000e+00
2.314199282447733895e-03
7.741609441428229030e-03
8.730934912501491993e-03
4.002058797893832259e-02
1.770552090299545300e-01
1.903363510512475487e-01
2.742865750382252749e-02
2.777300015632176884e-03
9.482916273393573060e-04
1.744724720062771142e-03
1.152261032204139092e-02
1.492607550390629562e-02
2.244663889524848785e-02
2.585819812403470364e-01
2.150640655484467867e-01
1.048235424278937990e-02
1.303257231113160667e-03
0.000000000000000000e+00
3.794240721602674254e-02
1.331519129585949195e-02
1.770805739073531143e-02
8.586630459945390412e-03
5.100923253798161569e-03
7.519163866865669239e-03
4.547413553675738219e-03
2.557554807828144299e-03
1.797900881355831912e-02
3.747950951773415529e-01
8.080725058463117394e-02
2.100918410243828721e-02
2.707145593015632904e-03
1.729453564416103852e-03
5.190712597713393467e-02
4.355866007127040529e-02
7.625593653975699937e-02
3.747950951773415529e-01
2.502156007874037705e-02
3.415221713342272286e-02
1.162635028039992781e-02
4.961264065124981748e-03
2.007619896482082042e-02
1.694595966227425282e-02
1.119375681994853097e-03
5.093848714719335577e-03
9.562247211137001393e-03
3.747950951773415529e-01
3.747950951773415529e-01
2.574594745825639075e-01
3.624956645611757122e-01
2.730951395855902297e-01
1.583123184259461469e-01
1.613679196091563073e-01
5.573406876668719756e-02
2.984122764614658418e-01
3.278648776770817230e-01
6.667626870510216797e-02
1.733525140818933247e-02
2.233739740899852531e-03
1.427019354571834207e-03
4.282998684302739834e-02
3.594143968930689492e-02
6.292085522398749298e-02
3.278648776770817230e-01
5.552312571586698331e-02
8.170629715647038938e-02
2.715062828321638741e-02
2.831569241022427810e-02
2.439924806389830517e-02
1.065229907215039032e-02
1.434460627779742155e-02
7.763178919098670527e-02
1.420305607451585461e-01
3.278648776770817230e-01
3.278648776770817230e-01
2.124368417901147665e-01
2.991050699021360892e-01
2.253382558783578182e-01
1.306278162705325485e-01
1.331490762326441035e-01
4.598770182416099528e-02
2.462281167382047720e-01
3.278648776770817230e-01
2.269739788163625538e-01
1.724567482421888454e-01
1.244956113723525992e-01
4.891705985732356515e-02
3.421503208129615670e-02
1.862226204228806595e-02
4.122341492992603190e-02
1.643155168895467089e-01
1.604965320905937798e-01
2.361822605356229676e-01
7.848228332526577256e-02
8.185004675063224655e-02
7.052907503647132259e-02
3.079180139498909063e-02
4.146487669971945372e-02
2.244043861813923291e-01
3.266277805700307790e-01
2.577024699968656282e-02
7.535273403922990165e-02
1.006032020849535469e-01
1.294740121510609132e-01
1.833777954231308183e-01
1.216144271123009851e-01
5.614304558183137728e-02
1.897459670611031241e-02
2.539321293150749795e-02
3.266277805700307790e-01
3.266277805700307790e-01
3.266277805700307790e-01
3.266277805700307790e-01
1.414008733468120060e-01
9.890282514925408108e-02
5.382997514881288081e-02
1.191614314194491542e-01
3.266277805700307790e-01
1.785031732928113735e-01
1.478469607381852347e-01
1.169708650926685467e-01
2.439016962595828147e-02
2.892503660340076804e-02
2.778438074635050312e-02
1.926355354766327854e-02
1.055791169696703585e-02
6.871701408328431682e-02
4.030144214434867866e-02
1.178422485177365170e-01
1.573308214085913648e-01
2.024811562716548607e-01
2.475832802595042403e-01
1.901897485982233516e-01
8.780069912993959669e-02
2.967389530154503074e-02
3.971180803314471736e-02
2.475832802595042403e-01
2.475832802595042403e-01
2.475832802595042403e-01
1.724614401684483322e-01
1.783930512165083915e-01
1.887564888744324154e-01
1.202903187269738355e-01
4.328901075721874880e-02
2.475832802595042403e-01
2.475832802595042403e-01
2.312141491884123490e-01
1.829277985641322435e-01
3.814317379586481399e-02
4.523513838300822348e-02
4.345129533214096840e-02
3.012578764981015123e-02
1.651125297423941887e-02
1.074648127138075338e-01
2.475832802595042403e-01
2.475832802595042403e-01
1.949481063032619255e-01
1.652360393705173680e-01
2.475832802595042403e-01
1.158882108299783692e-01
4.505326571162483057e-02
9.020928928758314980e-02
1.150468801728969231e-01
1.247416441646047591e-01
1.238439129997239013e-01
1.544799943803167874e-01
5.511698987746826983e-02
5.701267476664512862e-02
6.032472810407325803e-02
3.844360961590188863e-02
1.383474453988556285e-02
8.281739024662035376e-02
4.393698355826957114e-01
1.113973808250448699e-01
1.148781037855106796e-01
5.514323679263076483e-02
4.195336562648192824e-02
3.165268028339084799e-02
2.437525295333135486e-02
2.016019088382883517e-01
4.393698355826957114e-01
9.198314702529841735e-02
1.223893011941959985e-01
6.230350849009247405e-02
5.280782243545204674e-02
9.648318217191469148e-02
3.703673897768132439e-02
1.439858317168810076e-02
2.883000675200764890e-02
3.676785792656248747e-02
4.393698355826957114e-01
1.741667546562183089e-01
5.815678074357335386e-02
4.127703885227463482e-02
2.882280681912456274e-02
1.133235970458885272e-02
1.153710840659124236e-02
4.752724309891950133e-02
4.393698355826957114e-01
4.340673109987769340e-01
1.097584379100653706e-01
1.131879504543363696e-01
5.433193749114845206e-02
4.133612336419700134e-02
3.118698768176631636e-02
2.401663008596395879e-02
1.986358245579426252e-01
4.340673109987769340e-01
2.362563784652292175e-03
7.903401509093532090e-03
8.913402915160666823e-03
4.085697913600747772e-02
1.807554897760449975e-01
1.943141946794284813e-01
2.800188962621285443e-02
2.835342870345487331e-03
9.681099951216289631e-04
4.340673109987769340e-01
1.716043122858981751e-01
5.730114443460669615e-02
4.066974710199087323e-02
2.839874895819318595e-02
1.116563145200089556e-02
1.136736777227569974e-02
4.682799471651975104e-02
4.340673109987769340e-01
5.876460598381653922e-04
5.047302956642745961e-03
6.505880943685643514e-02
1.309677037734323368e-01
1.287979621653835283e-01
1.607700355402267856e-01
3.593728531136061721e-02
1.795524792359201854e-04
0.000000000000000000e+00
6.237640007621906603e-03
2.086655766488718783e-02
2.353316299387979080e-02
1.078705808092462609e-01
3.063773119886736840e-01
3.063773119886736840e-01
7.393057836412421369e-02
7.485871170244591706e-03
2.556003641712498078e-03
4.702691249925346206e-03
3.105778127326239840e-02
4.023140376289264381e-02
6.050215894179638426e-02
3.063773119886736840e-01
3.063773119886736840e-01
2.825389874364244228e-02
3.512769840813222653e-03
0.000000000000000000e+00
1.551502904167045230e-03
1.332588735062517973e-02
1.717682439847060261e-01
3.063773119886736840e-01
3.063773119886736840e-01
3.063773119886736840e-01
9.488160704048766159e-02
4.740543875366776193e-04
0.000000000000000000e+00
1.195433601798024520e-02
3.377690321841692045e-02
9.335365649835029866e-02
2.749396336427576970e-01
3.063773119886736840e-01
3.063773119886736840e-01
7.440857731609219761e-02
1.228115723406379180e-03
1.057785956178297626e-02
3.130964025582511773e-02
4.273489059120737926e-02
1.454812743977626673e-02
6.208061871617539390e-03
2.512147785009543471e-02
2.120458912817079627e-02
1.400682043968782056e-03
6.373965902748312401e-03
1.196530189467859447e-02
3.214319248774324955e-01
3.214319248774324955e-01
3.214319248774324955e-01
3.214319248774324955e-01
3.214319248774324955e-01
1.980972298443325619e-01
2.019207234039075982e-01
6.974040138132911459e-02
3.214319248774324955e-01
5.174027714642660120e-02
3.543799156994353189e-02
1.034002326316677337e-02
5.159991611626816091e-03
6.208424770833507848e-03
5.375965742552429177e-03
6.127986368480661545e-04
1.918997156282434670e-03
9.210479098042215554e-03
3.214319248774324955e-01
3.214319248774324955e-01
6.625638985459048058e-02
4.413802681450670895e-02
1.834615423237401233e-02
1.272847259602224480e-02
1.187699645074183873e-02
3.688831017554178651e-03
2.702527835909747655e-01
3.056182399302418418e-01
3.008932591219106167e-01
1.897577261211381705e-01
2.671735159384886482e-01
2.012818242036683025e-01
1.166823851022788933e-01
1.189344829650556407e-01
4.107819366054882987e-02
2.199415466056230117e-01
3.056182399302418418e-01
2.027429223007047032e-01
1.540457866202665504e-01
1.112048358797330938e-01
4.369482227676978886e-02
3.056233858589902860e-02
1.663420558599642413e-02
3.682252764696741093e-02
1.467736885402649849e-01
3.056182399302418418e-01
1.994617214157577423e-01
3.902605605628678420e-02
2.599799223074459112e-02
1.080617348849268432e-02
7.497270619987729881e-03
6.995737773884407214e-03
2.172779506839742168e-03
1.591831415043238052e-01
3.056182399302418418e-01
2.553716087551957670e-01
7.797778347887202033e-02
6.369936043013736671e-02
1.774717195155769284e-02
9.825523740795167466e-03
8.843897431747927210e-03
1.281920250784344094e-02
2.516959934694760204e-01
3.942316752694963733e-01
3.294899368616712731e-01
2.503492399701969240e-01
1.807257877953474257e-01
7.101113109044290828e-02
4.966872775009757712e-02
2.703326600050181064e-02
5.984254430096207916e-02
2.385309081140654930e-01
8.964380444572168927e-02
7.424833851310537469e-02
5.874244789482602203e-02
1.224867634571870367e-02
1.452607411414026141e-02
1.395323986865853669e-02
9.674103800517471624e-03
5.302154320615799429e-03
3.450949615596507480e-02
3.942316752694963733e-01
3.942316752694963733e-01
1.267264704656834995e-01
1.035217309096754801e-01
2.884201578745637651e-02
1.596806024224994153e-02
1.437275922301132179e-02
2.083327090778365129e-02
3.942316752694963733e-01
2.271332789451995793e-01
6.225091529091866110e-02
1.898787349867687643e-02
1.058736159449230607e-02
1.996503192508371910e-02
1.019093736971069149e-02
6.019606112814154981e-03
3.094515238233505779e-03
4.300763984030425008e-02
2.744458365295203706e-01
2.601685153234972181e-01
2.058353865058843157e-01
4.291974747665491113e-02
5.089982094465179269e-02
4.889259171692798139e-02
3.389836423641697655e-02
1.857891563953575909e-02
1.209223608131599764e-01
2.744458365295203706e-01
2.744458365295203706e-01
2.193609671383763560e-01
1.859281328234428099e-01
2.744458365295203706e-01
1.304005998809477096e-01
5.069517281624863481e-02
1.015059716056278122e-01
1.294539115025878928e-01
2.744458365295203706e-01
2.181291667005913759e-01
6.653410643565023375e-02
3.709844829384146420e-02
6.995810032056713756e-02
3.570936533164835447e-02
2.109288930319533698e-02
1.084327880326970903e-02
1.507001237858630882e-01
2.744458365295203706e-01
2.744458365295203706e-01
2.184158471713221472e-01
1.008524326160247925e-01
9.805704468877719793e-02
8.242663846242266612e-02
4.137952602187604245e-02
4.461190283160561959e-02
2.227595162991050648e-01
8.410639759225001233e-02
1.119087959063367471e-01
5.696830154135336388e-02
4.828575509071804384e-02
8.822108335220027464e-02
3.386518938214315433e-02
1.316559609196683162e-02
2.636122038534634976e-02
3.361933329522102248e-02
4.732958997171625160e-01
1.592524151238152441e-01
5.317666857559247978e-02
3.774238165808067869e-02
2.635463700091903241e-02
1.036194109243079170e-02
1.054915664543175369e-02
4.345736511321840467e-02
4.732958997171625160e-01
9.460139476235519818e-02
9.699719902781071823e-02
5.672285277269466242e-02
2.619149553997196858e-02
2.546553000270277908e-02
2.140629509535889666e-02
1.074631164698265119e-02
1.158576371174215719e-02
5.785090876139436372e-02
4.732958997171625160e-01
5.292521624211907888e-02
3.819958409640775848e-02
4.530950712659932711e-02
2.738082264340394728e-02
1.843363966402577353e-02
1.912025451141180499e-02
2.670373604917014587e-02
4.732958997171625160e-01
4.713955702824648153e-01
1.584963875222011043e-01
5.292422010142787403e-02
3.756320520878174418e-02
2.622952220760349507e-02
1.031274928917878635e-02
1.049907606366163107e-02
4.325105761393513437e-02
4.713955702824648153e-01
5.427589574254441116e-04
4.661766797708495093e-03
6.008931905544194485e-02
1.209637896254229378e-01
1.189597828370655141e-01
1.484896825464904202e-01
3.319223056420469303e-02
1.658374370111151256e-04
0.000000000000000000e+00
4.713955702824648153e-01
5.267396150121401305e-02
3.801823714525093267e-02
4.509440685338456795e-02
2.725083618349864040e-02
1.834612864968180115e-02
1.902948389327533546e-02
2.657696395906592249e-02
4.713955702824648153e-01
1.012760875913635145e-01
9.393613616492203083e-03
2.610936068620820991e-02
3.005948433537666484e-02
1.532293580521214976e-02
2.810782496988608117e-02
1.361802153830946570e-02
3.078917178997659602e-03
4.379493656850189098e-02
2.348513949203065096e-03
2.017143006590361651e-02
2.600060341135944642e-01
3.249360806170086269e-01
3.249360806170086269e-01
3.249360806170086269e-01
1.436225333893397238e-01
7.175773495625601631e-04
0.000000000000000000e+00
1.809530927482201276e-02
5.112818555239605212e-02
1.413096707113104533e-01
3.249360806170086269e-01
3.249360806170086269e-01
3.249360806170086269e-01
1.126324554713063891e-01
1.859001939286706456e-03
1.601173331151151819e-02
3.249360806170086269e-01
4.064609585883471182e-02
1.129750084037204338e-01
1.300671638886409520e-01
6.630222862093816671e-02
1.216223484116397136e-01
5.892507733999172159e-02
1.332245160469824538e-02
1.895003629667751655e-01
2.403234562013589412e-02
4.904966782593690733e-02
7.787848713165348991e-02
1.359418112004142642e-01
1.278523251501001434e-01
4.143033828503307064e-02
1.229345653310404650e-02
8.855845548589709459e-03
2.268506657207811777e-02
9.120560226038064433e-02
6.246861327951385573e-02
1.822696168469604278e-02
9.095817969143578721e-03
1.094395220786410078e-02
9.476528157996776808e-03
1.080215874760311317e-03
3.382728138068836956e-03
1.623584834820709921e-02
4.424204788916702435e-01
4.424204788916702435e-01
1.167940002173693398e-01
7.780467249545727770e-02
3.233983538955717552e-02
2.243722053690500387e-02
2.093627390647107359e-02
6.502517441888842550e-03
4.424204788916702435e-01
1.223632184279342845e-02
1.572777174705405900e-02
8.541538865242254142e-03
6.942344099755679877e-03
6.415508265508061692e-02
5.621802492730171991e-02
3.279757188972379309e-03
3.191999738893725770e-03
6.868688682169331837e-03
4.424204788916702435e-01
2.193037817167283465e-01
3.850088202762196044e-02
1.048033740394711533e-01
7.403662264264328392e-03
1.052264650036464043e-02
4.569553310469099718e-03
3.687849809111494459e-02
3.350242805738554153e-01
4.138908338309288948e-01
2.084604299142675532e-01
4.078671519330997336e-02
2.717089072961671736e-02
1.129369362276737114e-02
7.835509718521758635e-03
7.311350235826322326e-03
2.270804377350270787e-03
1.663646832964387479e-01
4.138908338309288948e-01
2.668926898411929094e-01
8.149574841924102364e-02
6.657315482027757747e-02
1.854783498570505840e-02
1.026880189642838392e-02
9.242889551208961080e-03
1.339754037504253467e-02
2.630512493020155107e-01
4.138908338309288948e-01
7.658510599045126321e-02
1.344524981616571253e-02
3.659935750372679542e-02
2.585501512046824678e-03
3.674710902028211976e-03
1.595776059454056834e-03
1.287868208640769244e-02
1.169969338251782148e-01
4.138908338309288948e-01
1.081625858411438407e-01
5.844229980346998810e-02
4.384619571551243156e-02
1.476165692389508517e-02
8.203789373942381793e-03
2.222570075386052536e-03
5.653709408366148007e-03
2.239595613200114632e-01
5.197798174489632883e-01
3.595325363103467065e-01
1.097833483004500288e-01
8.968104453126000963e-02
2.498588537379671515e-02
1.383315666265793817e-02
1.245114478466941357e-02
1.804789660678024141e-02
3.543577116984114594e-01
1.967659304439985657e-01
5.392806956819141961e-02
1.644922581785790774e-02
9.171848637776924829e-03
1.729573975828987975e-02
8.828425684513811073e-03
5.214794605153530611e-03
2.680783604022446160e-03
3.725758862231536017e-02
5.197798174489632883e-01
1.457063842568759038e-01
7.872792727539222601e-02
5.906543923154304598e-02
1.988550513372678435e-02
1.105136750925779336e-02
2.994035755743254361e-03
7.616141470045691489e-03
3.016970946647058449e-01
8.689550596596312682e-02
3.055197450336689935e-02
2.389645552780734344e-02
1.102118979277450644e-02
2.293323337939139062e-02
2.005184417810889491e-02
3.423045509768403698e-03
6.622979375789485659e-03
8.349145163992020835e-02
2.849372319019278788e-01
2.444446687195754586e-01
7.456090284587973960e-02
4.157407301539831762e-02
7.839797362167935657e-02
4.001740854153004040e-02
2.363757408533796039e-02
1.215143180983908541e-02
1.688808626193429030e-01
2.849372319019278788e-01
2.849372319019278788e-01
2.447659348471463436e-01
1.130194547262287491e-01
1.098868260816757703e-01
9.237073903221627857e-02
4.637162779828800374e-02
4.999396446413949952e-02
2.496336321708415851e-01
2.849372319019278788e-01
1.384857152500313382e-01
1.083176386961265253e-01
4.995674997013771490e-02
1.039515540048292497e-01
9.089081894793958616e-02
1.551594990043752773e-02
3.002058134872221534e-02
2.849372319019278788e-01
2.047849656215045000e-01
2.191512861636830678e-01
1.478729743859117374e-01
1.727316485490462405e-01
2.499710803132279280e-01
2.164190294940570303e-01
1.011861586622426756e-01
7.791249658764475006e-02
9.415942643426147840e-02
1.055699105468200366e-01
1.082434952505888642e-01
6.329955819590851740e-02
2.922825660433675532e-02
2.841811932230082355e-02
2.388823826575482354e-02
1.199228787408593462e-02
1.292906982754048889e-02
6.455840612429257497e-02
4.773924493887637399e-01
5.906160642120871634e-02
4.262861753903276346e-02
5.056289736839086890e-02
3.055547969904513772e-02
2.057091964946275095e-02
2.133714374373483699e-02
2.979988860691298175e-02
4.773924493887637399e-01
5.295997523961279430e-02
5.667528694664673850e-02
3.824181642591936714e-02
4.467058312846366314e-02
6.464567447043895188e-02
5.596869090756490667e-02
2.616801697859197709e-02
2.014915439527160609e-02
2.435081539018496902e-02
4.773924493887637399e-01
1.333617401062863750e-01
5.560834057538456554e-02
2.795260897397316979e-02
4.434841658036722117e-02
4.210455672595823928e-02
1.350468052346930938e-02
1.388757819387159177e-02
4.773924493887637399e-01
4.055294729756976913e-01
4.752965560952769619e-02
3.430525570691095316e-02
4.069034427205356352e-02
2.458943322201984777e-02
1.655438762598799435e-02
1.717100423239640086e-02
2.398137349308954516e-02
4.055294729756976913e-01
9.138514414920026474e-02
8.476203562372160855e-03
2.355943783669690525e-02
2.712377990076779780e-02
1.382644936876161780e-02
2.536272576955841268e-02
1.228804242840291286e-02
2.778220376772771484e-03
3.951778437044326658e-02
4.055294729756976913e-01
1.073224716160608161e-01
4.475064998598225763e-02
2.249478059309359748e-02
3.568925897240408235e-02
3.388351929516755096e-02
1.086785228663708115e-02
1.117598807078967228e-02
4.055294729756976913e-01
4.055294729756976913e-01
3.254769197132204028e-02
2.029254042733996330e-02
4.367253949922787759e-03
6.702959688322329343e-03
1.261103436447614384e-02
1.159114312018072988e-02
1.115165695173918857e-02
3.741334718483921851e-01
3.687621871877901913e-01
3.420362679087211866e-02
9.506829481377100655e-02
1.094513172149423896e-01
5.579322282341003109e-02
1.023450180541006088e-01
4.958536143200774349e-02
1.121082241721647887e-02
1.594642623035973650e-01
2.022318166436425785e-02
4.127521960193229755e-02
6.553462645317835455e-02
1.143948238404679102e-01
1.075875338425339445e-01
3.486356557939481599e-02
1.034492465619437848e-02
7.452180330272254946e-03
1.908944842949286333e-02
5.504409489660878618e-01
1.313381752690951643e-01
8.188553688075599080e-02
1.762297508606749594e-02
2.704813893231640745e-02
5.088871564673571463e-02
4.677319633075129740e-02
4.499975840249584302e-02
5.504409489660878618e-01
1.407098517022478072e-03
1.024434428572593495e-02
2.897353741588236734e-02
4.462238314471025230e-02
2.713651015744025230e-01
2.257809310728712548e-01
4.513903108325734159e-02
3.947938225359421890e-03
6.211369903871548359e-03
1.457744931950681437e-02
1.873690464316125556e-02
1.017575800296549419e-02
8.270595573813566484e-03
7.642962305245377952e-02
6.697399919267116308e-02
3.907260271246538325e-03
3.802712532361739953e-03
8.182847954000470672e-03
4.439673287666002222e-01
2.612623143313771434e-01
4.586710481504002040e-02
1.248549926360006113e-01
8.820175933801670948e-03
1.253590319353132740e-02
5.443828027078188164e-03
4.393431652170645685e-02
3.991231624678063250e-01
4.619049394535942876e-02
2.583499459363773967e-02
3.149396559676372748e-02
1.681650251646127706e-02
5.450994940986802345e-02
3.576677000782770705e-02
3.004590587060826292e-03
3.129026479459864635e-03
1.647185821267121292e-02
4.439673287666002222e-01
4.439673287666002222e-01
1.810872890418984138e-01
2.469509204952529888e-02
1.258073041545362987e-02
6.287220090337601597e-02
1.434847595349195018e-03
6.449655411962010830e-03
3.223374801073055629e-01
3.294789456503066094e-01
5.871438823676345536e-02
1.030787393236817437e-02
2.805909658149257149e-02
1.982188802924469712e-03
2.817237108563285745e-03
1.223410399215221723e-03
9.873511699435028738e-03
8.969633594264299348e-02
4.161250977079472557e-01
8.292343498957863157e-02
4.480510715148836726e-02
3.361492452940774422e-02
1.131710460458914234e-02
6.289479763524049270e-03
1.703945442158163711e-03
4.334447081943593356e-03
1.716998163365851260e-01
3.132810715669642754e-01
1.467347423436911324e-01
4.069637605698913502e-02
5.549813894319858415e-03
2.827311285997782635e-03
1.412948829833306913e-02
3.224582886725247083e-04
1.449453484404812772e-03
7.244002258310927589e-02
4.161250977079472557e-01
3.134917065416584214e-01
1.634373446366954030e-01
3.651515624875031896e-01
1.898381481512179669e-01
1.633231792570420671e-01
2.610359845021606451e-02
7.531604590120742106e-03
2.105853793523337625e-01
3.787694739874684635e-01
7.149743365857109956e-02
3.863142158222582917e-02
2.898313168986846669e-02
9.757723323634753809e-03
5.422853771023834236e-03
1.469159185504538643e-03
3.737204599963761444e-03
1.480413375212523142e-01
4.263921381836249108e-02
1.499170939786565598e-02
1.172587771282763286e-02
5.408045708266425756e-03
1.125322916001320235e-02
9.839345106037736960e-03
1.679672242868018991e-03
3.249864657321957593e-03
4.096886045953264388e-02
3.787694739874684635e-01
2.702957552806551922e-01
1.409173499260336082e-01
3.148374113729716650e-01
1.636803927021772409e-01
1.408189153681924377e-01
2.250678953035235158e-02
6.493826499015892262e-03
1.815688676138501323e-01
2.154053037582620289e-01
1.301799097660513160e-01
2.140695188485610689e-01
3.313448144982904520e-01
3.787694739874684635e-01
1.623404539348806963e-01
4.457723584564234065e-02
6.191549916970718465e-02
1.125216347184936627e-01
5.247452295864954430e-02
1.844974915200992688e-02
1.443060938865408337e-02
6.655484312837902858e-03
1.384893807919498725e-02
1.210892261907754383e-02
2.067111275710879423e-03
3.999489725575197316e-03
5.041888009313246627e-02
2.728246186979115320e-02
2.919641385943870515e-02
1.970036605476566463e-02
2.301216107805257455e-02
3.330237865117961771e-02
2.883240916709556984e-02
1.348051848960235034e-02
1.037988658435693747e-02
1.254438260922989892e-02
2.650914392002711173e-01
1.602076598521094963e-01
2.634475375042755751e-01
3.159803544052208202e-01
3.159803544052208202e-01
1.997864668286850331e-01
5.485957587726290885e-02
7.619714323339323025e-02
1.384762657569827138e-01
3.159803544052208202e-01
2.890662899761027305e-01
1.431419848973798092e-01
3.145985535361736085e-01
3.159803544052208202e-01
3.159803544052208202e-01
1.292653900436790959e-01
9.096584087041370212e-03
1.912309211319682400e-01
2.198913553012213362e-02
2.353174374119077622e-02
1.587811324501177401e-02
1.854735585085133878e-02
2.684107178931210286e-02
2.323836301361074594e-02
1.086503664877852028e-02
8.365987423717359886e-03
1.011052927160839554e-02
3.117427362341563812e-01
5.537218181206036982e-02
2.308874450913094706e-02
1.160600442821691294e-02
1.841359136441960212e-02
1.748193423607008468e-02
5.607182574727699945e-03
5.766162799521048349e-03
2.675511762035449048e-01
3.117427362341563812e-01
2.329818275861761656e-01
1.153696657208330978e-01
2.535603371976877796e-01
3.117427362341563812e-01
2.612931338635323120e-01
1.041853991985921546e-01
7.331670481415987137e-03
1.541284163573591326e-01
1.241718986901361593e-01
3.105427998697534164e-01
1.945741063231443968e-01
2.111480574763947293e-01
3.117427362341563812e-01
3.117427362341563812e-01
2.211279314406017216e-02
1.275201083090408104e-02
7.141520436307605135e-02
3.144460420600865280e-01
6.915577361028567294e-02
2.883614002494321038e-02
1.449504405446646639e-02
2.299721835184681887e-02
2.183364727080780096e-02
7.002957731475000121e-03
7.201512313839795489e-03
3.144460420600865280e-01
3.144460420600865280e-01
2.097287533181650676e-02
1.307597850328189211e-02
2.814143402697117692e-03
4.319210653131473794e-03
8.126218343360733232e-03
7.469027291612246114e-03
7.185833981656395905e-03
2.410817537983873937e-01
1.550815487769717227e-01
3.144460420600865280e-01
2.430087167772799206e-01
2.637083601049059478e-01
3.144460420600865280e-01
3.144460420600865280e-01
2.761724870715909566e-02
1.592632157950901392e-02
8.919232624836685719e-02
2.575340279778114416e-01
1.186116089880680097e-01
2.445808628173173072e-01
1.053347593376013913e-01
8.951524605033769899e-02
5.346761302015803213e-02
1.122735164723556028e-02
5.226128241980546735e-03
1.301157741871514228e-01
3.259824228042477734e-01
5.431865693840707415e-02
3.386610463355273215e-02
7.288485133685611989e-03
1.118653107884760682e-02
2.104648310811139955e-02
1.934439244490307810e-02
1.861093649251834015e-02
3.259824228042477734e-01
5.819458163484191471e-04
4.236841433765654343e-03
1.198283466296751198e-02
1.845486216665916460e-02
1.122307952526003655e-01
9.337815842997526650e-02
1.866853669102632243e-02
1.632782712550620878e-03
2.568889587773466598e-03
3.259824228042477734e-01
3.071979018423565133e-01
3.259824228042477734e-01
2.728115513788865742e-01
2.318398342638817722e-01
1.384783384732934108e-01
2.907825716809938482e-02
1.353540049234988260e-02
3.259824228042477734e-01
4.601306530827415329e-03
3.959306964989976925e-03
2.425359096832748612e-02
5.515763906306519332e-02
3.124067823309688574e-01
3.109139521935360140e-01
1.819671974458890104e-02
3.284595320424125563e-03
6.030348675493435104e-03
4.251767799230533884e-02
2.378073684088834530e-02
2.898973735868593665e-02
1.547934602729066772e-02
5.017561576906382631e-02
3.292279168559191643e-02
2.765681943788744507e-03
2.880223373243170210e-03
1.516210595733682998e-02
4.451045316927552675e-01
4.451045316927552675e-01
1.666882162613567697e-01
2.273147312505723050e-02
1.158037940328193564e-02
5.787294666819284283e-02
1.320756346517047448e-03
5.936814018302579397e-03
2.967069631311106126e-01
3.600078562447506236e-02
5.311050522474218549e-02
1.275710258434891164e-01
7.607666285124474459e-02
4.842819348483364678e-02
5.372144860472875122e-02
2.232862902776721822e-02
1.988726130517656093e-02
7.406168167149525250e-02
4.451045316927552675e-01
4.451045316927552675e-01
6.510281228938721854e-02
2.737601138000799600e-02
8.557209053840291249e-03
7.300068816793086127e-03
5.978189703085056393e-03
7.895710938836274576e-03
1.933090882761578921e-01
2.562513925958724847e-01
1.200231532651985789e-01
3.328800870747686269e-02
4.539525902264414207e-03
2.312627605348622616e-03
1.155735657760926550e-02
2.637579893132928972e-04
1.185595005864503769e-03
5.925304255935669867e-02
4.622296916614941353e-01
2.564236835846794849e-01
1.336852142258221909e-01
2.986793805574066152e-01
1.552800160834898746e-01
1.335918315092217978e-01
2.135169999634505336e-02
6.160551465961673981e-03
1.722504218000001364e-01
3.108470107354691647e-01
1.120532855651037302e-01
1.300117687366938828e-02
5.467050554820510055e-03
1.708893741170668416e-03
1.457840030860802806e-03
1.193857822434317038e-03
1.576791091648597478e-03
3.860425624617443846e-02
4.622296916614941353e-01
3.255056430709241666e-01
4.850392769407834564e-02
0.000000000000000000e+00
0.000000000000000000e+00
0.000000000000000000e+00
1.052283756122555838e-03
5.749602305302778209e-03
1.538163015581132387e-01
3.924553010704067146e-01
2.081960978977160093e-01
1.085420018905747103e-01
2.425044390801127103e-01
1.260753023205096468e-01
1.084661823838290878e-01
1.733592061613809659e-02
5.001888898018723960e-03
1.398539525626654456e-01
1.659165666970131847e-01
1.002714571297168566e-01
1.648876744543598116e-01
2.552193147301111131e-01
3.924553010704067146e-01
1.250432105568659580e-01
3.433574659170072346e-02
4.769059474551384792e-02
8.667011900774442001e-02
3.924553010704067146e-01
2.642852788934123009e-01
3.938141882001813809e-02
0.000000000000000000e+00
0.000000000000000000e+00
0.000000000000000000e+00
8.543726103736439328e-04
4.668230124821710035e-03
1.248868799081976899e-01
2.770298897580075193e-01
1.619829257513789866e-01
7.680689578718173649e-02
5.204920262620624238e-02
1.741631130677366926e-02
1.908668201257644748e-02
2.708780550918877400e-03
3.539241203260166946e-02
1.393243959153452893e-01
2.014494508244838444e-01
1.217457085466310540e-01
2.002002098272385733e-01
2.738269513840729252e-01
2.738269513840729252e-01
1.518226093842165725e-01
4.168912985752658285e-02
5.790406776269033107e-02
1.052314920961842648e-01
2.738269513840729252e-01
2.196685247295505072e-01
1.087770858783516648e-01
2.390711145981599117e-01
2.738269513840729252e-01
2.463620353245472294e-01
9.823192296767771503e-02
6.912716133880150195e-03
1.453210415202867978e-01
2.738269513840729252e-01
1.966733767770633690e-01
9.325594956479811570e-02
6.319612015627783241e-02
2.114620871190534684e-02
2.317430794307954317e-02
3.288896131651173824e-03
4.297209199332961693e-02
1.691622699428997345e-01
2.738269513840729252e-01
2.738269513840729252e-01
7.041715708557927389e-02
3.421963310514836154e-03
0.000000000000000000e+00
1.749228008601251246e-03
5.286173104075059248e-03
2.366728190146931768e-02
2.080665969155004180e-01
2.958391205022301018e-01
2.009166630262878006e-01
9.949140021452662630e-02
2.186629633452258081e-01
2.958391205022301018e-01
2.253314993338861871e-01
8.984641832333552236e-02
6.322616586864820282e-03
1.329158046912167213e-01
1.070821865590890765e-01
2.678029600982203551e-01
1.677949759378051520e-01
1.820878630413713950e-01
2.958391205022301018e-01
2.958391205022301018e-01
1.906942122793596830e-02
1.099695838754913974e-02
6.158636790958450791e-02
2.958391205022301018e-01
2.670714287848793278e-01
6.440604196186543173e-02
3.129849623169708630e-03
0.000000000000000000e+00
1.599906289683403031e-03
4.834922352019602014e-03
2.164693967148946172e-02
1.903051262850058989e-01
2.958391205022301018e-01
1.032743336012591218e-01
1.694042198515217576e-02
8.418344168953817430e-03
2.775746170296028523e-03
0.000000000000000000e+00
2.013318299808088997e-03
1.322552165437821531e-02
1.675205232638026509e-01
1.541333286456858798e-01
3.392840715946232044e-01
2.415228807178430026e-01
2.620959595465426339e-01
3.392840715946232044e-01
3.392840715946232044e-01
2.744838766984435130e-02
1.582894275618593194e-02
8.864697472220596508e-02
2.559593793381407245e-01
1.178863781896031526e-01
2.430854141344816477e-01
1.046907076105213080e-01
8.896792008518369932e-02
5.314069426394656820e-02
1.115870388780259258e-02
5.194173956981407159e-03
1.293202030991973395e-01
3.392840715946232044e-01
1.486523325039066645e-01
2.438392148252631689e-02
1.211730400863501346e-02
3.995389060039019127e-03
0.000000000000000000e+00
2.897955870572891356e-03
1.903672068313669308e-02
2.411278355141631691e-01
3.392840715946232044e-01
3.522533372075341285e-02
1.257914492868313604e-02
8.562651106733617720e-03
5.538941389136314668e-03
1.330742956100936262e-03
1.031271373403786244e-03
2.598736894809715401e-03
6.947088466389775285e-02
3.562270121554617641e-01
3.124331977345117806e-01
3.562270121554617641e-01
2.774608318124466844e-01
2.357908707933646930e-01
1.408382995023688966e-01
2.957381159536011037e-02
1.376607207627443541e-02
3.427361600758901394e-01
4.679722434825841007e-03
4.026781851261272520e-03
2.466692297484509092e-02
5.609764079965269545e-02
3.177308484603595384e-01
3.162125773695890762e-01
1.850682997502411595e-02
3.340571706608016968e-03
6.133118451783364962e-03
3.562270121554617641e-01
9.335738212212663090e-02
3.333839358872554143e-02
2.269351648125942159e-02
1.467980607130503316e-02
3.526855973712158393e-03
2.733169157223485236e-03
6.887408796376632419e-03
1.841180548449598553e-01
1.664301368861795466e-03
1.343386386167436629e-02
1.145189853466442587e-02
7.793669233199432451e-03
2.178502777895281739e-02
1.428800079884081330e-02
3.505295425155567288e-03
3.347243681027727447e-03
3.633481380363714087e-03
4.218856742500260576e-02
6.223908983604744399e-02
1.494978160036547488e-01
8.915264943515324725e-02
5.675198667656208146e-02
6.295504160021948847e-02
2.616645317332747661e-02
2.330546542022360682e-02
8.679133515027336043e-02
4.498157732875078252e-01
4.498157732875078252e-01
7.629262356877107576e-02
3.208137494499321146e-02
1.002801424678764937e-02
8.554797906272769772e-03
7.005715430737570644e-03
9.252818446410834841e-03
2.265348759239302068e-01
1.121306418066432692e-01
6.442570078244583276e-02
6.186993309342251474e-02
2.783895769252472258e-02
4.722230900855618058e-02
2.810153858531369911e-02
2.669042628102340914e-03
8.795598511853157039e-03
4.038305676336704370e-02
4.498157732875078252e-01
3.171329474046900576e-01
1.458072955844681162e-01
4.929943097854155160e-02
6.903910877685920378e-02
2.275503444568154759e-02
1.065085464263888955e-02
3.953443563706256908e-02
3.540326281715637236e-01
3.194438731547531440e-01
1.151522591642151899e-01
1.336074066232305693e-02
5.618248667833921142e-03
1.756155332482936060e-03
1.498158418176100170e-03
1.226875451985813244e-03
1.620399219154096794e-03
3.967190518049078241e-02
4.860320289738029320e-01
3.345079082802964177e-01
4.984536440982576672e-02
0.000000000000000000e+00
0.000000000000000000e+00
0.000000000000000000e+00
1.081385978003439113e-03
5.908614739964245660e-03
1.580702835385399407e-01
1.666620701550090289e-01
5.553788646333286672e-02
2.553449300668924823e-02
8.633559593223974135e-03
1.209046936358208583e-02
3.984973904022690201e-03
1.865230215659365639e-03
6.923465429157268924e-03
6.199994061990943273e-02
4.860320289738029320e-01
2.652497011265139149e-01
1.350517307568241676e-01
1.190114293460254047e-01
9.276218440326355896e-02
4.812575727192475866e-02
7.832450244829912769e-03
1.422420947097075526e-02
3.485055446375641686e-01
4.274960503035000747e-01
2.861052947806627111e-01
4.263284163067655036e-02
0.000000000000000000e+00
0.000000000000000000e+00
0.000000000000000000e+00
9.249116279460269313e-04
5.053650212975889337e-03
1.351978352331253130e-01
2.999021307737504416e-01
1.753566181044209915e-01
8.314825423644521540e-02
5.634650754223442110e-02
1.885424304100532730e-02
2.066252349150074497e-02
2.932423861297744471e-03
3.831449303564891246e-02
1.508273466096988757e-01
4.274960503035000747e-01
2.268686092398553567e-01
1.155100201889481953e-01
1.017907177452469641e-01
7.933968512025516007e-02
4.116205814568987126e-02
6.699110635896234414e-03
1.216599531124955454e-02
2.980775016466147287e-01
2.980254034481201186e-01
1.847483291796475913e-01
8.310000685800345011e-02
9.468404842821374900e-02
1.987270940300693012e-01
1.215116854224495002e-01
1.402669925428163579e-02
8.799507810855549186e-03
1.056832103113847510e-01
2.529196876402811656e-01
2.529196876402811656e-01
1.253917325189450593e-01
8.497335592904975421e-02
2.843314296800556265e-02
3.116012046921657480e-02
4.422242076212458926e-03
5.778017477869379359e-02
2.274551940542838269e-01
2.529196876402811656e-01
2.529196876402811656e-01
9.468274536075822756e-02
4.601163894895234432e-03
0.000000000000000000e+00
2.352007905048131200e-03
7.107776040116891257e-03
3.182297210514640345e-02
2.529196876402811656e-01
2.529196876402811656e-01
2.529196876402811656e-01
1.253189730554077064e-01
1.427882880205736116e-01
2.529196876402811656e-01
1.832457084798246039e-01
2.115296511235282770e-02
1.327009857091545654e-02
1.593755751194123604e-01
1.007074188432096756e-01
2.529196876402811656e-01
2.529196876402811656e-01
1.828132675616249703e-01
2.529196876402811656e-01
2.290775696015120710e-01
7.248436896565538246e-02
4.288886731187074169e-02
8.744816852513880023e-02
2.881527282863485251e-01
2.881527282863485251e-01
9.585076400606851177e-02
4.657924450357469985e-03
0.000000000000000000e+00
2.381022580072034676e-03
7.195458488591680198e-03
3.221554442258794254e-02
2.832170894694868157e-01
2.881527282863485251e-01
1.536955769422905238e-01
2.521118113147604103e-02
1.252840099595035547e-02
4.130938387229642246e-03
0.000000000000000000e+00
2.996273196515721483e-03
1.968256884504005627e-02
2.493084445561664364e-01
1.019497586431569180e-01
2.881527282863485251e-01
2.705122609326303662e-01
1.850684757762630916e-01
2.702673948242765301e-01
2.319035002554813152e-01
7.337854555636211251e-02
4.341794994995471640e-02
8.852694049089056272e-02
1.569165032114669123e-01
2.282459286833211365e-01
8.392765762233810045e-02
3.938893140768797568e-02
9.281896449586596320e-02
2.881527282863485251e-01
1.568004410661010817e-01
3.553103606020530797e-02
1.667661984667051789e-01
3.465543815073096612e-01
2.074101559594860034e-01
3.402215674928431993e-02
1.690691206727915410e-02
5.574646923483281107e-03
0.000000000000000000e+00
4.043431199193830809e-03
2.656136731485721908e-02
3.364384609898503631e-01
3.465543815073096612e-01
4.914885516885110495e-02
1.755130489746320813e-02
1.194721113055936118e-02
7.728319347703628897e-03
1.856745867473212543e-03
1.438902120076799348e-03
3.625939906701351051e-03
9.693064871621723255e-02
2.117567535201609064e-01
3.080148733434321939e-01
1.132592681134839824e-01
5.315484393811539809e-02
1.252579695856447795e-01
3.465543815073096612e-01
2.116001291842480869e-01
4.794866499910012403e-02
2.250487874855199577e-01
3.400965274407712347e-01
1.513559491480027108e-01
1.152408593009409260e-01
1.201483004440568603e-01
9.420303126930248960e-02
1.107294577319938439e-01
1.490893677274696127e-02
4.934080453415757607e-03
1.118220707146976300e-01
3.979597279680944788e-01
1.167368886857710897e-01
4.168733369406549955e-02
2.837665803327633213e-02
1.835607263529387065e-02
4.410087170989797876e-03
3.417637217470346263e-03
8.612223861892760735e-03
2.302267735545535654e-01
2.081092670124779550e-03
1.679810888643585784e-02
1.431979961405769816e-02
9.745439268418466111e-03
2.724065633632738806e-02
1.786614749559446713e-02
4.383127210249228300e-03
4.185494538451433287e-03
4.543414798054950209e-03
3.979597279680944788e-01
3.594961169882452956e-01
2.737166373061832303e-01
2.853726445211584584e-01
2.237482182925043528e-01
2.630012914255581702e-01
3.541126006870620041e-02
1.171928010689609993e-02
2.655964330560259823e-01
1.625073734376173903e-02
2.737780074066172367e-02
2.204377711416224961e-02
1.021593013486028767e-01
2.914097028257527366e-01
1.940635992283577804e-01
2.553770713877847459e-02
1.498249011672070537e-03
1.207620241820267547e-03
1.059000812569719369e-01
6.084587440124825802e-02
5.843211843248970194e-02
2.629208068595132591e-02
4.459839238030347680e-02
2.654007122123098333e-02
2.520736764191194683e-03
8.306869398956440512e-03
3.813916449367999589e-02
4.278146851660778460e-01
2.995113945511185816e-01
1.377054853291643788e-01
4.656009867091225746e-02
6.520293749843812658e-02
2.149064660628833071e-02
1.005903786813811158e-02
3.733769716250218834e-02
3.343607375015191785e-01
4.166238098849392446e-02
3.920055307827614161e-02
2.492307784943643273e-02
3.022249622737321201e-02
3.687440791931254069e-02
3.282749674102555110e-02
1.758790287204660061e-02
8.045161815504733513e-03
1.794127717759715079e-02
4.278146851660778460e-01
4.278146851660778460e-01
3.334828282582609216e-01
1.433331241742911988e-01
1.496503200927031679e-02
3.291564926956798941e-03
1.896234015916425236e-02
4.997360712930214166e-02
2.367429288774372254e-01
2.264485495829369754e-01
7.546092416124695890e-02
3.469445027487342431e-02
1.173066580659331594e-02
1.642766856678104168e-02
5.414498690988873986e-03
2.534341956640081672e-03
9.407111666512257830e-03
8.424110305691379086e-02
4.262855720827555261e-01
3.604024001474419037e-01
1.834986720139993588e-01
1.617042530081020668e-01
1.260386487142926004e-01
6.538985098212105052e-02
1.064217548703565337e-02
1.932684263833617591e-02
4.262855720827555261e-01
3.946756287841007294e-01
2.340452855646470154e-01
8.401991667124970864e-02
3.611231562432183628e-02
3.770391264127494722e-03
8.292991046205918423e-04
4.777500084145354375e-03
1.259068818834070159e-02
5.964661287262887357e-02
1.870464630213507576e-02
4.183891337647965142e-02
8.431139245514368552e-02
1.192369594651422893e-01
2.862021386341319085e-01
1.748277612344286414e-01
4.129264003070880901e-02
4.122684778130230980e-03
1.046404642896678859e-02
3.490486826206715132e-01
2.641282013305527032e-01
1.344807197892538830e-01
1.185082382277630325e-01
9.236997747356920363e-02
4.792227720490972731e-02
7.799333934748706697e-03
1.416406822311391464e-02
3.470320315834780622e-01
3.469713770772991368e-01
2.150903293696952989e-01
9.674787276875115860e-02
1.102344105243697886e-01
2.313648859473358133e-01
1.414680639107002147e-01
1.633036345156543487e-02
1.024468822929214783e-02
1.230400113259951800e-01
1.370807903134375894e-02
3.066249539745971933e-02
6.178931225691366297e-02
8.738522169321795430e-02
2.097490362535458785e-01
1.281260671366390158e-01
3.026214790755885412e-02
3.021393072451533744e-03
7.668788445336907275e-03
1.414244267865729654e-01
2.732004662897614677e-01
8.129699351575428445e-02
1.760591887761801810e-01
3.490486826206715132e-01
1.930494750292963135e-01
3.323647380006260893e-02
9.332973275526837073e-03
3.186389125081878076e-02
2.544626804676846654e-01
2.352271010469589585e-01
1.058054153831230054e-01
1.205545637465617048e-01
2.530252827495086398e-01
1.547123139471487108e-01
1.785921321991413083e-02
1.120379665774886603e-02
1.345590257907550991e-01
8.502615384628825490e-02
2.476029628526763005e-01
2.256073719200408223e-01
1.543472088887267724e-01
2.254031534532418279e-01
1.934076446343681865e-01
6.119774667961803971e-02
3.621059374016561555e-02
7.383151624778173938e-02
1.546645915124090498e-01
2.544626804676846654e-01
8.890802373395141622e-02
1.925418623415575958e-01
2.544626804676846654e-01
2.111227803818531978e-01
3.634807480151382164e-02
1.020672688625409719e-02
3.484699097802249762e-02
1.437975649513405785e-01
2.417209564975810465e-01
2.253440735842208165e-01
1.079400255449033397e-01
2.544626804676846654e-01
2.151560341726116710e-01
4.097325589354788161e-02
2.891585722837831246e-02
7.065590248962008713e-02
8.784347273476457441e-02
2.558072208666120062e-01
2.330828119057056502e-01
1.594614624132590919e-01
2.328718267145769572e-01
1.998161552602772673e-01
6.322551766364217785e-02
3.741042208817649262e-02
7.627790381066924807e-02
1.352047396182463057e-01
1.966646638496983568e-01
7.231500105699729952e-02
3.393887899503130606e-02
7.997606159618862731e-02
2.912374905593220764e-01
1.351047364202233869e-01
3.061478162314493559e-02
1.436915810597031440e-01
1.485622588429012791e-01
2.497303158026288605e-01
2.328107892498822440e-01
1.115165894494641735e-01
2.912374905593220764e-01
2.222851718746413907e-01
4.233089377941474246e-02
2.987397643124463029e-02
7.299706693916357958e-02
1.000711947948318935e-02
2.817039017935010423e-02
5.735962839577532502e-02
2.912374905593220764e-01
2.912374905593220764e-01
2.637198322335500555e-01
1.020098858439889705e-01
3.336907933986243448e-03
1.497498195135444146e-02
1.832821434590421183e-01
2.665965796376587038e-01
9.802946579677954131e-02
4.600719254642858524e-02
1.084147200471636818e-01
3.363954655957762663e-01
1.831465801604613697e-01
4.150108060755625800e-02
1.947868177402779788e-01
2.943642622778821494e-01
1.310033438082652268e-01
9.974459541724793599e-02
1.039921403793676175e-01
8.153569227124130014e-02
9.583983518733450724e-02
1.290415461599073686e-02
4.270602124693526416e-03
9.678552615639282597e-02
1.356554742998736934e-02
3.818748890554467257e-02
7.775611764850494378e-02
3.363954655957762663e-01
3.363954655957762663e-01
3.363954655957762663e-01
1.382835437891359875e-01
4.523477804057290073e-03
2.029993029870317059e-02
1.020765975271938492e-01
4.710020758796931023e-02
6.024588571833450201e-02
1.210025341392846343e-01
3.363954655957762663e-01
1.504084552166163602e-01
4.047725105218276387e-02
1.285740628421164905e-02
1.724278669679472561e-02
2.931262001724745936e-01
2.931262001724745936e-01
2.465091336148034218e-01
2.570065307341363181e-01
2.015075882195750956e-01
2.368588958528178301e-01
3.189137176919444594e-02
1.055438066962872783e-02
2.391960797420774332e-01
1.463540989922114399e-02
2.465644035115722651e-02
1.985262003614134477e-02
9.200464068966121567e-02
2.624435039005970638e-01
1.747736278757514583e-01
2.299925252350253427e-02
1.349322677062474250e-03
1.087582481198663730e-03
2.522724515901375586e-01
1.164036138200624931e-01
1.488918876271768110e-01
2.931262001724745936e-01
2.931262001724745936e-01
2.931262001724745936e-01
1.000356164285674671e-01
3.177583778244966184e-02
4.261388190459012432e-02
1.187238251172847633e-02
1.514351508173049886e-02
4.061716091622580294e-02
4.578323173309421790e-02
1.764827395593401294e-01
1.766812060965471665e-01
1.138251025080862580e-02
1.387051342196598354e-03
8.780435875891058964e-03
3.651100250207893472e-02
3.435356927677976624e-02
2.184144391487349499e-02
2.648561146040693051e-02
3.231504220021699791e-02
2.876851459784750611e-02
1.541323252612376155e-02
7.050411335267799118e-03
1.572291358246304463e-02
4.396779806230972643e-01
4.396779806230972643e-01
2.922490766982416277e-01
1.256105851656347250e-01
1.311466863319833524e-02
2.884576743635105991e-03
1.661772641337331755e-02
4.379458042591862638e-02
2.074706597057133783e-01
2.411113955836521189e-02
2.002120921335000941e-02
1.596835735065174969e-02
1.722206809170740913e-02
5.532562759723730350e-02
4.137840648086099637e-02
3.088017143194432199e-03
3.011792466454607693e-03
1.902098571043406294e-02
4.396779806230972643e-01
4.033111512538260501e-01
1.577127058062372522e-01
9.472756766727888356e-03
1.612680423954420197e-02
1.188557213687970425e-02
1.484374645704239146e-02
1.382138352386634225e-02
2.687428727314550847e-01
3.485559488560603936e-01
3.485559488560603936e-01
1.977959804776527886e-01
8.501401999932446663e-02
8.876088746796684248e-03
1.952299359561239511e-03
1.124697989255389260e-02
2.964044257322409961e-02
1.404174241385514055e-01
4.403365298842875503e-02
9.849532374330650930e-02
1.984821599068277154e-01
2.807023886831851445e-01
3.485559488560603936e-01
3.485559488560603936e-01
9.720931113681549607e-02
9.705442592632299026e-03
2.463399638063913655e-02
3.485559488560603936e-01
2.729634786226902698e-01
1.067409335596918724e-01
6.411220297663769961e-03
1.091472073263527291e-02
8.044228645346261294e-03
1.004633929935029764e-02
9.354397750531089073e-03
1.818868364233879042e-01
9.293491884305940531e-02
8.709065261140269687e-02
7.977373325881080557e-02
1.174215769595391284e-01
1.197679731030723560e-01
1.087894884806490520e-01
4.898616128137784492e-02
3.048380775833411244e-03
3.236895931021773615e-02
3.152014377626548292e-02
7.050486514245514480e-02
1.420773838348350915e-01
2.009322199991036284e-01
3.481816647049169600e-01
2.946110865278852020e-01
6.958431234922360376e-02
6.947344250826755462e-03
1.763349290838510733e-02
3.251891279293080417e-01
3.481816647049169600e-01
1.869330427943633466e-01
3.481816647049169600e-01
3.481816647049169600e-01
3.481816647049169600e-01
7.642343105833110384e-02
2.146009363033356265e-02
7.326733608703465961e-02
6.652461935280658267e-02
6.234118011062059206e-02
5.710358717111042176e-02
8.405264467095403813e-02
8.573224058864174768e-02
7.787362813522490101e-02
3.506524537135512209e-02
2.182090147377105990e-03
2.317032955712894707e-02
2.660446965870572056e-02
9.704753813001737103e-03
4.599442314043029889e-02
1.442101849903256738e-01
1.416441667007145022e-01
7.301985607510172449e-02
4.043749244126148244e-03
5.198349761476000856e-04
4.085935843016093305e-03
2.365231213764019680e-01
3.154365088655849414e-01
1.359639144508019704e-01
2.944474997885788703e-01
3.154365088655849414e-01
3.154365088655849414e-01
5.558583269776536800e-02
1.560878853114594858e-02
5.329027798864950649e-02
2.199045597704770427e-01
3.154365088655849414e-01
3.154365088655849414e-01
1.650688856038568797e-01
3.154365088655849414e-01
3.154365088655849414e-01
6.265895950799096892e-02
4.422000369995290892e-02
1.080515872255791293e-01
1.935049995770086323e-02
7.058657460835220977e-03
3.345359236439936212e-02
1.048898630325520859e-01
1.030234948079055551e-01
5.311027583029515053e-02
2.941181334611225190e-03
3.780968691726565027e-04
2.971865343370193140e-03
3.634510239319786035e-02
8.520174126620358446e-03
7.558773593020659542e-02
7.647570481648061080e-02
6.048036445972240077e-02
1.831665970492277543e-02
8.471893945221787431e-03
3.110752721376380554e-03
2.520106140440320653e-03
2.118625360734675278e-01
3.561368711842322066e-01
3.320081736768938363e-01
1.590322309248874133e-01
3.613417453873438157e-01
3.169977396122394819e-01
6.036748889128721457e-02
4.260285525151671915e-02
1.041000846925049794e-01
1.427101154914091861e-02
4.017339499318872686e-02
8.179975476147867408e-02
3.613417453873438157e-01
3.613417453873438157e-01
3.613417453873438157e-01
1.454748553757945484e-01
4.758717207481268259e-03
2.135560995490311254e-02
3.501594316602491680e-02
8.208586943978741016e-03
7.282345326054077972e-02
7.367894866453196523e-02
5.826856619279915939e-02
1.764680996851533332e-02
8.162072393830875280e-03
2.996990882481558906e-03
2.427944553060989389e-03
1.528128840992509264e-02
6.928327613806855786e-03
1.787631499453955566e-02
3.925016595077162468e-02
5.840686131639859918e-02
4.533081227155002363e-02
1.104357139948079075e-02
2.515895242478976331e-03
2.233689764415013133e-03
2.011377060618989646e-02
5.662096541527204124e-02
1.152897604524757980e-01
4.402928868865155221e-01
4.402928868865155221e-01
4.402928868865155221e-01
2.050343705435179187e-01
6.707005033344582562e-03
3.009890632553261641e-02
1.513499751866821674e-01
6.983594107187621192e-02
8.932716733765021233e-02
1.794116475583690806e-01
4.402928868865155221e-01
2.230120959785862889e-01
6.001601827236550946e-02
1.906380276401851981e-02
2.556604943668792929e-02
2.153766946273435665e-02
9.764885399243543665e-03
2.519513755882329953e-02
5.531975301612239437e-02
8.231947723539662087e-02
6.388990410964258404e-02
1.556496966156598570e-02
3.545939235083366524e-03
3.148194742337131861e-03
4.899147336703139205e-02
3.909468469803523138e-02
9.139234291872266880e-02
6.769725284438825319e-02
8.047437083386387024e-02
5.832348488685065030e-02
1.527832072088504238e-02
2.405732117767861271e-03
3.585284768104489948e-03
3.354024090174430039e-01
1.744515510954122717e-01
2.231410167577465298e-01
3.354024090174430039e-01
3.354024090174430039e-01
3.354024090174430039e-01
1.499211912589392959e-01
4.762175336818569998e-02
6.386449314145939415e-02
1.779288010396898323e-02
2.269525496973300027e-02
6.087205105058605958e-02
6.861432843782047653e-02
2.644908233286157873e-01
2.647882607888463191e-01
1.705871925662461042e-02
2.078743521392849552e-03
1.315904728018844894e-02
1.223816617654207017e-01
9.765928947873626920e-02
2.282998658814615334e-01
1.691090659385103834e-01
2.010265573846271026e-01
1.456932096515898001e-01
3.816554494695472560e-02
6.009566034668446105e-03
8.956111700003474563e-03
1.481920486743398269e-01
5.300621222094806934e-02
6.047612303690859392e-02
1.171644365899028178e-01
2.527930711623274651e-01
9.600032256460087898e-02
1.200312993522226028e-02
1.591812359516786568e-02
8.410333395635984088e-02
