2.276695710825255292e-01
1.261193051506174501e-01
8.762401742851094744e-02
2.434863273317222632e-01
1.987999031896570401e-01
1.826776845134316096e-01
2.852763537406434804e-02
4.596948045809790689e-02
7.276440557146456045e-02
2.434863273317222632e-01
2.434863273317222632e-01
2.434863273317222632e-01
2.356271976595077922e-01
1.451915408047834977e-01
1.403655119976816579e-01
2.944718548630323104e-02
3.059554658945626976e-02
7.044625704114970688e-02
4.940982015364589475e-02
2.388948391073598687e-01
2.434863273317222632e-01
2.434863273317222632e-01
2.434863273317222632e-01
2.434863273317222632e-01
7.087318938490896891e-02
2.783963188696422439e-02
7.181799130197057124e-02
1.850312847265884186e-01
1.757054183743111953e-01
2.434863273317222632e-01
9.932459231993992499e-02
1.505192060415824484e-01
1.784108074867436777e-01
6.779440946663278789e-02
3.769449665961877721e-02
2.971768024464220906e-02
2.579187743950992484e-01
2.579187743950992484e-01
2.474532535637339603e-01
2.213858443184489322e-01
1.364161360328706996e-01
1.318817933390815378e-01
2.766739190739664692e-02
2.874634584365393791e-02
6.618847165795378740e-02
2.035244045959536674e-01
1.776638762764519985e-01
2.579187743950992484e-01
2.579187743950992484e-01
1.909242415859102315e-01
1.164666586717237745e-01
7.372545499963896465e-02
2.618267745419052689e-02
1.556488146168225582e-02
1.738479581364668347e-01
1.650857489479359841e-01
2.579187743950992484e-01
9.332139477426046326e-02
1.414217961536483048e-01
1.676276238198312896e-01
6.369690226308019620e-02
3.541623400031947144e-02
2.792153791029196655e-02
3.930561788095200161e-03
6.396605083049472507e-02
2.114436972215447963e-01
2.579187743950992484e-01
2.579187743950992484e-01
2.579187743950992484e-01
1.279240533566394500e-01
2.394232523784581637e-02
1.039680642468552955e-02
1.086480641376704331e-01
9.484285809828070513e-02
1.461121484979254204e-01
1.708856461224838308e-01
1.019216800385346344e-01
6.217375762079586921e-02
3.935708830241659711e-02
1.397717991110824370e-02
8.309048945266942279e-03
4.089068411326078345e-01
1.303046060880911905e-01
1.904005576361471053e-01
1.715102502114752292e-01
1.314795958546154941e-01
1.472732132288673279e-01
8.209178978873463151e-02
4.145068567731670373e-02
1.154037074371332128e-01
2.098263990000804810e-03
3.414719530594931274e-02
1.128756446817253123e-01
2.097038152380379383e-01
2.916137060591377783e-01
2.488703151615389020e-01
6.829009416062559179e-02
1.278120573899055139e-02
5.550159419449962432e-03
4.089068411326078345e-01
3.486060188020390083e-01
1.076286920474511383e-01
9.927117761736375945e-02
2.189807901310210358e-01
1.282288945894111132e-01
4.356828404803584492e-02
1.580761373439344697e-02
1.246849134327889658e-01
3.865313133048773331e-01
9.531667037307960111e-02
1.392763290254387942e-01
1.254582357124031933e-01
9.617616502664408373e-02
1.077290568733252074e-01
6.004942037382114683e-02
3.032081107533475539e-02
8.441679440080704366e-02
3.865313133048773331e-01
1.177702792270257093e-01
1.382886712852684497e-01
1.168504192887958454e-01
2.494040367574278938e-01
7.188926810859111449e-02
3.874973960928874105e-03
5.370633941651934903e-03
2.159939754708120885e-01
3.865313133048773331e-01
2.550022288679657523e-01
7.872943920061602208e-02
7.261599108864096042e-02
1.601825170849631441e-01
9.379830571469181810e-02
3.186981561127536638e-02
1.156313006070971983e-02
9.120591474820680111e-02
3.865313133048773331e-01
9.309908785234116690e-02
2.025827804111266298e-02
6.189847777072658014e-03
1.419962751681160982e-03
8.013801730862015957e-03
6.578002932827461437e-03
2.381309900563358985e-03
1.878182670313678915e-01
3.819176997353894154e-01
1.364198249329910684e-01
1.601874127392159397e-01
1.353543003154066560e-01
2.888984831770858297e-01
8.327331338859846055e-02
4.488596552877226718e-03
6.221102190706253796e-03
2.501977622342869134e-01
2.768726177235098992e-02
1.660270556101653416e-02
3.152589645427522624e-02
2.253317575993811842e-02
3.819176997353894154e-01
3.819176997353894154e-01
1.162546185017202145e-02
1.227262357763159173e-03
4.493172199698016941e-03
3.819176997353894154e-01
1.078418201060275389e-01
2.346628336071953855e-02
7.170042863550761016e-03
1.644821352782016794e-03
9.282829558928498356e-03
7.619664438216747562e-03
2.758402899935589233e-03
2.175602815566498316e-01
5.550122068301112377e-03
6.403312402978756680e-03
2.887981498531275865e-02
2.471612838967131992e-02
3.000060640086097963e-01
2.159871891735133109e-01
9.784394038729146703e-03
5.605511834447589672e-03
1.386049129706056100e-02
2.446070758076030263e-02
1.466789779056595563e-02
2.785200431627495379e-02
1.990725654496243793e-02
3.432984699450100097e-01
3.432984699450100097e-01
1.027068061646733803e-02
1.084242490461707507e-03
3.969557271155251324e-03
2.194737401925837134e-02
2.878709247626692717e-03
7.473704561601318686e-02
6.974106778358719894e-02
3.432984699450100097e-01
3.432984699450100097e-01
1.102122948149361799e-02
1.237760178761954967e-03
1.913332634825384328e-03
4.903334756122774279e-03
5.657097965315302339e-03
2.551428578060541477e-02
2.183581728085573492e-02
2.650446499370943121e-01
1.908169727654168424e-01
8.644162915210721818e-03
4.952269637578935423e-03
1.224524936162666930e-02
3.432984699450100097e-01
3.432984699450100097e-01
3.432984699450100097e-01
1.146563832153862511e-01
1.626367107888110064e-01
1.084121208685969312e-01
2.321396354663632366e-02
1.822731694079380953e-03
4.317560257768918858e-02
1.603770183348875861e-02
2.103571959826824184e-03
5.461293239244529446e-02
5.096219938115836845e-02
2.985264876486662944e-01
2.985264876486662944e-01
8.053591837800343559e-03
9.044739781137952923e-04
1.398138031396698334e-03
6.557592805007661507e-02
2.077342682302131538e-01
2.985264876486662944e-01
2.985264876486662944e-01
5.903456771131592590e-02
2.870178455312973886e-01
7.497923778474761825e-02
1.087185932120218572e-02
7.162512035781397161e-03
2.985264876486662944e-01
2.985264876486662944e-01
2.931870522858318617e-01
8.378336678005571247e-02
1.188442440777447429e-01
7.922046929628320799e-02
1.696324240921698312e-02
1.331932804646428561e-03
3.154989931891569871e-02
1.140970102912860773e-01
1.360449453914474860e-01
2.985264876486662944e-01
1.732360801730123134e-01
1.890612144551474805e-01
1.261197080461769204e-01
5.551811209044889284e-03
5.460849721616684201e-03
5.695622051579520007e-02
4.068002271323802044e-02
1.966865584764862507e-01
2.431072266187247755e-01
2.221019270616783892e-01
2.431072266187247755e-01
2.431072266187247755e-01
5.835121328052383927e-02
2.292088604994290887e-02
5.912908624840876315e-02
1.523396936465435392e-01
1.446615346520047363e-01
2.431072266187247755e-01
8.177578179790474799e-02
1.239252582079740511e-01
1.468889317605081013e-01
5.581639658588557346e-02
3.103457927005260839e-02
2.446711814731399037e-02
1.807221943483801607e-01
1.398701617900006966e-01
1.902574487408357218e-01
2.196390159935555364e-01
2.431072266187247755e-01
2.431072266187247755e-01
5.034765261772425338e-02
2.784110849952354388e-02
1.153784828491455638e-01
2.431072266187247755e-01
2.431072266187247755e-01
2.431072266187247755e-01
2.125731966908592507e-01
2.156751970510487892e-01
1.361715487307423034e-01
2.842880196602250165e-02
2.487841044128519252e-02
1.166294067107949972e-01
1.307654764126656710e-01
1.241746917336403050e-01
2.345174138055167723e-01
7.019476546035337272e-02
1.063750690396377541e-01
1.260866467670370972e-01
4.791172619873006883e-02
2.663948867411383703e-02
2.100210578341992623e-02
2.956501705853937199e-03
4.811417517208021327e-02
1.590443517313356314e-01
2.642166535208878009e-01
2.642166535208878009e-01
2.642166535208878009e-01
9.622229654655517495e-02
1.800900971006093310e-02
7.820300910448744688e-03
2.642166535208878009e-01
2.642166535208878009e-01
2.642166535208878009e-01
1.824687622277767207e-01
1.851314599477392464e-01
1.168870503635153768e-01
2.440273932513981059e-02
2.135515121418460685e-02
1.001124497968930438e-01
2.642166535208878009e-01
2.642166535208878009e-01
1.384829595367347010e-01
2.199478756827053516e-01
2.208756990089620342e-01
1.161757955946783188e-01
1.744086757333183219e-02
2.360005119624781697e-02
2.411331931374692261e-01
1.689094598781130723e-03
2.748836344219072331e-02
9.086446828159459865e-02
1.688107804119681477e-01
2.347479336167080377e-01
2.003396651420166763e-01
5.497326825730982497e-02
1.028882241820822802e-02
4.467857401376625938e-03
3.178115749804700241e-01
2.806265304400002991e-01
8.664069119880268843e-02
7.991292360122287386e-02
1.762787102146236851e-01
1.032237765556688336e-01
3.507230434987887446e-02
1.272506944103451131e-02
1.003708850899814181e-01
3.090349471458511688e-01
3.178115749804700241e-01
7.911743075053061236e-02
1.256595820978008982e-01
1.261896617408805044e-01
6.637300714541392865e-02
9.964234134498135484e-03
1.348306984826401836e-02
1.377630776633377852e-01
3.178115749804700241e-01
3.178115749804700241e-01
2.827567576412056694e-01
2.244601088975221315e-01
9.150795824573454418e-02
8.949963349579814764e-02
4.863123054660783984e-02
6.883694415815991112e-03
8.927396669025100540e-02
3.370300649450007624e-01
2.351798405484847310e-01
7.260947106175859311e-02
6.697124680560839760e-02
1.477308609965213571e-01
8.650697164345623469e-02
2.939244173293151935e-02
1.066427966528541056e-02
8.411609805445338650e-02
3.370300649450007624e-01
8.586210690597417816e-02
1.868351747608688884e-02
5.708685056180755162e-03
1.309583116224732760e-03
7.390855451020964494e-03
6.066667290468412757e-03
2.196200735959027810e-03
1.732183686731640082e-01
3.370300649450007624e-01
3.030079147262513262e-01
2.369650833504607923e-01
1.881094155183637984e-01
7.668849768197713579e-02
7.500541556668653687e-02
4.075553736026093360e-02
5.768899157744573555e-03
7.481629487570108650e-02
3.370300649450007624e-01
2.861367710624619365e-01
1.779518753285742327e-01
2.280716920975988937e-01
1.413842348988592068e-01
1.035386234743957967e-01
3.156023162624956024e-02
1.210134235183902771e-02
7.614706064584138290e-02
3.534989756964924679e-01
1.245831097719261454e-01
2.710917298125465127e-02
8.283115365272226277e-03
1.900162283494293307e-03
1.072388960791872958e-02
8.802535882631504563e-03
3.186615460866720935e-03
2.513341893945680861e-01
6.411719184662577516e-03
7.397358197588978744e-03
3.336309751607242913e-02
2.855304308922117229e-02
3.465787981682916796e-01
2.495168912364231495e-01
1.130331661112831884e-02
6.475707619847401522e-03
1.601218439244432579e-02
3.534989756964924679e-01
3.534989756964924679e-01
2.582023527847688293e-01
3.309245681983969400e-01
2.051439021373327454e-01
1.502311573610741746e-01
4.579286419591561963e-02
1.755865208686047119e-02
1.104868952917612002e-01
1.652118276213717860e-02
6.058760320807072414e-02
5.067737309309305188e-02
8.643339035198201875e-03
1.116796510727281616e-01
2.832921362381293773e-01
7.075556023245264947e-02
2.177212480582606594e-02
1.872257894606677367e-02
4.978176196606893915e-03
5.743444376837643882e-03
2.590371990976814143e-02
2.216910556336727095e-02
2.690901260019564201e-01
1.937294839075023867e-01
8.776102021254001198e-03
5.027857989542743045e-03
1.243215320296995469e-02
3.801370117668030346e-01
3.801370117668030346e-01
3.801370117668030346e-01
1.164064266669012776e-01
1.651190960054913226e-01
1.100668557980472861e-01
2.356828699334912944e-02
1.850552732696134550e-03
4.383460802018915303e-02
1.282734885878999281e-02
4.704132470763440488e-02
3.934684055441504957e-02
6.710846717547140107e-03
8.671012634887828585e-02
2.199532026730191270e-01
5.493591275322170370e-02
1.690427642514130344e-02
1.453655317147329977e-02
3.801370117668030346e-01
2.713061618352461402e-01
2.339997003735280051e-02
1.268384828535096265e-02
2.207838747493929762e-02
1.098052412662560082e-02
0.000000000000000000e+00
1.362592804652590882e-02
3.415596222130293791e-01
3.344335382095679488e-01
3.344335382095679488e-01
3.344335382095679488e-01
9.739150004742028188e-02
1.381469812870846081e-01
9.208749463935653190e-02
1.971842010405968834e-02
1.548265948149535505e-03
3.667424859018347805e-02
1.326286995886095665e-01
1.581414284809626869e-01
3.344335382095679488e-01
2.013731646124428398e-01
2.197686245398885185e-01
1.466041294855649768e-01
6.453538958972403206e-03
6.347803464593985631e-03
6.620707625210163483e-02
3.344335382095679488e-01
2.269884475438143367e-01
1.957759763147571760e-02
1.061194855176730151e-02
1.847189486337793077e-02
9.186861469934888905e-03
0.000000000000000000e+00
1.140014009524358170e-02
2.857660432971231290e-01
2.288619684678389055e-01
1.038607608361054729e-01
1.479071354900712322e-02
0.000000000000000000e+00
3.910988350604512054e-02
3.622230866396247001e-02
4.643018505368389989e-03
3.396389417198910493e-02
2.072212221979442270e-01
1.287466427814979442e-01
9.964362053425314392e-02
1.355395660055800089e-01
1.564710191515858162e-01
2.860727843252394154e-01
1.900083348881009548e-01
3.586770993918707295e-02
1.983402903862101913e-02
8.219572792157874008e-02
2.421616725826419847e-01
2.332944769217980829e-01
2.860727843252394154e-01
1.514373235559623720e-01
1.536471912134539652e-01
9.700872548971102571e-02
2.025270235691032858e-02
1.772340045783835777e-02
8.308688712946313282e-02
2.860727843252394154e-01
1.290442109485260280e-01
1.042598052108000967e-01
1.168647660643427899e-01
2.860727843252394154e-01
2.860727843252394154e-01
4.444041567969232026e-02
9.274839322043096357e-02
2.860727843252394154e-01
2.796912409662161147e-01
1.879901322784694739e-01
1.183458776871544743e-01
4.976388888782836556e-02
6.939198182740236032e-02
5.512206212418752777e-02
1.902674753293132071e-02
2.348903676092906762e-02
1.668961995191852177e-01
2.674798288710441563e-01
2.576855622861072836e-01
2.807367237500937862e-01
1.672701916758285168e-01
1.697111023969575527e-01
1.071510491988810904e-01
2.237013521928766374e-02
1.957639320424563525e-02
9.177367381798290369e-02
2.807367237500937862e-01
2.807367237500937862e-01
1.269481466456696406e-01
2.016275162661068099e-01
2.024780573873894429e-01
1.064990377528604870e-01
1.598814627975735786e-02
2.163430627225907191e-02
2.210482218603501137e-01
2.807367237500937862e-01
2.076446197080580869e-01
1.307190141765754432e-01
5.496673499862545637e-02
7.664695749027722327e-02
6.088510864148031360e-02
2.101600604176627821e-02
2.594483043560429775e-02
1.843453029148724720e-01
2.807367237500937862e-01
2.807367237500937862e-01
4.085771303778624325e-02
2.005313105904115573e-02
2.643059045358879186e-02
5.110235428481805370e-02
3.037424812152629203e-02
2.355272832831671256e-02
1.953123272749683337e-01
2.684234936349113032e-01
2.684234936349113032e-01
8.824424414533653394e-02
1.401553960568282797e-01
1.407466245256581705e-01
7.402965176748729781e-02
1.111368634376505397e-02
1.503844723257593760e-02
1.536551243412944689e-01
2.684234936349113032e-01
2.684234936349113032e-01
2.684234936349113032e-01
2.503533350684410408e-01
1.020641157337342370e-01
9.982411504266880398e-02
5.424122270823650976e-02
7.677782315334881653e-03
9.957241580907019718e-02
2.684234936349113032e-01
1.981446423502929710e-01
2.840102907992706621e-02
1.393934011491786661e-02
1.837244212317494171e-02
3.552228801336970027e-02
2.111375894638495287e-02
1.637198150433699650e-02
1.357655794751541078e-01
2.684234936349113032e-01
2.684234936349113032e-01
2.684234936349113032e-01
2.254405559968481465e-01
2.105970720699066046e-01
9.386041065536251948e-02
5.946127876103508847e-02
2.451084870617532829e-02
9.877422579125771929e-02
2.457049396444073719e-01
2.457049396444073719e-01
2.457049396444073719e-01
1.973402109911762126e-01
8.045171089099630024e-02
7.868603755225532514e-02
4.275546930795446482e-02
6.051987210948489571e-03
7.848763644107745185e-02
2.457049396444073719e-01
2.457049396444073719e-01
1.866842259163156714e-01
2.392634930879414534e-01
1.483221595733635323e-01
1.086194103887296175e-01
3.310893689660353995e-02
1.269517236235970757e-02
7.988370477256236113e-02
2.457049396444073719e-01
2.285463688291026474e-01
2.365140531108920752e-01
1.777027930313927473e-01
1.660024645768666818e-01
7.398516675395622189e-02
4.687016169886439737e-02
1.932059764223678991e-02
7.785846572728168102e-02
1.899074030556804626e-01
1.800996144136102484e-01
2.457049396444073719e-01
2.457049396444073719e-01
2.423906603988749131e-01
7.353836077964834295e-02
1.276131311987830676e-02
2.930604331899857445e-02
9.364473892426224133e-02
2.805285422859199462e-01
2.805285422859199462e-01
2.746819051996129968e-01
2.805285422859199462e-01
2.182370426583097045e-01
1.598195371932992215e-01
4.871555602115815869e-02
1.867931858845750873e-02
1.175386303455921572e-01
1.757563363892996472e-02
6.445455706030565890e-02
5.391181467399683291e-02
9.194993027245867284e-03
1.188075127814813559e-01
2.805285422859199462e-01
7.527147556365157421e-02
2.316171273192534075e-02
1.991753212040890328e-02
2.794243971433802987e-01
2.649934935318099538e-01
2.805285422859199462e-01
2.805285422859199462e-01
2.805285422859199462e-01
1.082022701439442347e-01
1.877663623378817565e-02
4.312008565915683572e-02
1.377862279117639532e-01
2.060638937593854692e-01
1.312247194069253164e-01
6.944185972252139849e-02
5.339599423065785611e-02
5.075883760777588627e-02
2.181675893214629972e-02
3.839332054678464695e-02
1.366484521418057790e-02
5.027284345595103843e-02
1.409623570571817003e-02
5.169467270968018668e-02
4.323904688615950315e-02
7.374686551123627726e-03
9.528752921137054188e-02
2.417110677536331576e-01
6.037019678836662295e-02
1.857645469430885612e-02
1.597451524157907088e-02
4.975299791328769428e-01
2.981438836461258735e-01
2.571470510270217405e-02
1.393853999405003652e-02
2.426239102678289655e-02
1.206672227949684255e-02
0.000000000000000000e+00
1.497381068897689176e-02
3.753468464351944478e-01
1.652700139604872942e-01
1.052465369487166069e-01
5.569465332526548490e-02
4.282534194097740304e-02
4.071025567366356318e-02
1.749775755231830834e-02
3.079270466550406565e-02
1.095965488234719454e-02
4.032047239435411490e-02
4.975299791328769428e-01
3.637416105051937132e-01
8.010642449918052577e-03
2.305225077783531237e-04
2.676607553380117022e-02
9.848737123404009003e-03
8.119229293724229831e-05
1.439175808298482143e-02
1.241683463049081254e-01
4.295550516206809166e-01
2.495560769595875084e-01
2.152404016182951976e-02
1.166700895191964162e-02
2.030840629113846163e-02
1.010023696278906577e-02
0.000000000000000000e+00
1.253356401941793652e-02
3.141774546906322407e-01
2.516158669487278954e-01
1.141867980717099357e-01
1.626123482786832192e-02
0.000000000000000000e+00
4.299826358445470870e-02
3.982360048016499177e-02
5.104636363605449638e-03
3.734065006192063135e-02
2.278235559301229063e-01
4.295550516206809166e-01
3.044634967336112830e-01
6.705166912296188497e-03
1.929547974907763069e-04
2.240407122940558937e-02
8.243711624955530823e-03
6.796057613853751943e-05
1.204636715608099588e-02
1.039329232834155098e-01
4.143484303753340314e-01
2.209050859367729935e-01
3.953758860817967180e-02
4.665003268485045859e-03
3.598657952319611608e-02
2.099586920308015373e-02
8.784392540597047350e-05
4.941411740116490384e-03
8.512877064874903310e-02
2.920810145604527674e-01
1.181385170718335098e-01
9.544867365429716977e-02
1.069883728941184997e-01
2.909836175297378924e-01
2.920810145604527674e-01
4.068469842904392370e-02
8.491010604286364227e-02
2.920810145604527674e-01
2.560541709144143474e-01
1.721028420281094373e-01
1.083443138499403935e-01
4.555827800195239030e-02
6.352757531319984385e-02
5.046362505862861392e-02
1.741877238597930311e-02
2.150394775546217441e-02
1.527915849242255653e-01
2.920810145604527674e-01
2.256237988003127470e-01
7.278709293728886920e-02
1.270394586304915696e-01
1.165923572571841427e-01
1.394875428821065189e-01
4.807532688916892061e-02
5.901057735728943571e-02
2.920810145604527674e-01
7.977461644958278031e-02
6.614437097399576693e-02
1.794606886155619696e-02
1.081093660930855238e-01
2.920810145604527674e-01
2.920810145604527674e-01
2.138893235380534899e-02
6.367294985803622666e-03
2.541928481320033031e-02
2.913761917392019840e-01
1.958439908186672129e-01
1.232901360421282677e-01
5.184292643622570584e-02
7.229104255197854600e-02
5.742495362769513279e-02
1.982164767897911378e-02
2.447036258760901251e-02
1.738687949742415695e-01
2.931106706370782411e-01
2.688511379899958809e-01
3.853573277407400938e-02
1.891349374009318463e-02
2.492851643063169823e-02
4.819816192415314615e-02
2.864805251684191326e-02
2.221420577605467961e-02
1.842125535609388243e-01
9.077932163934301912e-02
7.526881851039961269e-02
2.042168336057889957e-02
1.230227778405197508e-01
2.931106706370782411e-01
2.931106706370782411e-01
2.433948110418525032e-02
7.245647114507262204e-03
2.892581042188950916e-02
2.632373984256419219e-01
2.590887610948164888e-01
2.931106706370782411e-01
2.931106706370782411e-01
2.931106706370782411e-01
8.548956298743190518e-02
4.057111873525860030e-02
1.135268246741691182e-02
1.219328330944592087e-01
2.610410474959650173e-01
2.188414751705170802e-01
3.136760614109434381e-02
1.539534815308964653e-02
2.029150164763264541e-02
3.923270302981425595e-02
2.331915765884321964e-02
1.808208660792100589e-02
1.499467224412635025e-01
2.610410474959650173e-01
2.610410474959650173e-01
2.610410474959650173e-01
2.489885330858094825e-01
2.325946004479586549e-01
1.036644265738819876e-01
6.567219686205669205e-02
2.707108415809678093e-02
1.090915051983620404e-01
2.142719611388076983e-01
2.108950220631058969e-01
2.610410474959650173e-01
2.610410474959650173e-01
2.610410474959650173e-01
6.958743866856384463e-02
3.302438494298868404e-02
9.240942020503666726e-03
9.925180628063705324e-02
6.260040341850331425e-02
1.212446917282418435e-01
9.750741534713099068e-02
2.610410474959650173e-01
2.037745982610184026e-01
1.703436584377744367e-01
1.609220259487809945e-01
3.020143085016855841e-02
7.013884338520216810e-02
2.552693393213387729e-01
2.552693393213387729e-01
2.552693393213387729e-01
2.176281450484633395e-01
2.032990468132632456e-01
9.060777451550976191e-02
5.740070921025663964e-02
2.366145041606020072e-02
9.535130643418941732e-02
2.325748242498218155e-01
2.205634719644131159e-01
2.552693393213387729e-01
2.552693393213387729e-01
2.552693393213387729e-01
9.006058246677242640e-02
1.562845949287423181e-02
3.589037480742846703e-02
1.146843585178459607e-01
5.471581163361938921e-02
1.059737853417389436e-01
8.522624583338929416e-02
2.552693393213387729e-01
1.781089565769594096e-01
1.488886815273770814e-01
1.406537143323161598e-01
2.639752639317916386e-02
6.130477653967181251e-02
2.096037715005658886e-01
2.071297315736153055e-01
2.552693393213387729e-01
1.170567463735493058e-01
6.549401899078236000e-02
1.492229884223993386e-01
5.758449024768535346e-02
2.845170262235761222e-02
1.117067947780076287e-01
2.627816715215390841e-01
2.543928433249272869e-01
2.627816715215390841e-01
2.627816715215390841e-01
2.627816715215390841e-01
1.038738075764325947e-01
1.802550627160148800e-02
4.139513408064319361e-02
1.322743053888696951e-01
1.978206300139333240e-01
1.259752797682794079e-01
6.666394674502597317e-02
5.125997100328007899e-02
4.872830970606571721e-02
2.094401361676064346e-02
3.685745581300269025e-02
1.311820445588839784e-02
4.826175699009434966e-02
2.417521764993821598e-01
2.388986756639495390e-01
2.627816715215390841e-01
1.350105630597648876e-01
7.553929743421031184e-02
1.721103679413504284e-01
6.641662862420294466e-02
3.281554041144512518e-02
1.288400517510737975e-01
2.627816715215390841e-01
2.268076895013933780e-01
1.173120457567907171e-01
1.792722252991923726e-01
2.421467282718222924e-01
2.007115158630059515e-01
4.913788758526810296e-02
1.988247537082410421e-02
1.779161113345540390e-01
1.558556804029099518e-01
9.925134168690709358e-02
5.252209932582648649e-02
4.038586702300433345e-02
3.839126315383626503e-02
1.650102667440765669e-02
2.903864906936712634e-02
1.033535623151622500e-02
3.802368323567291430e-02
3.735778801187787934e-01
3.430216700392543783e-01
7.554329424785453592e-03
2.173911736134423271e-04
2.524139021996826479e-02
9.287720069077463544e-03
7.656730798263052873e-05
1.357195533821364125e-02
1.170953014046599017e-01
2.560726706630284122e-01
1.786935304238077005e-01
9.242589465817656336e-02
1.412420668632054510e-01
1.907786012484402605e-01
1.581333042328544047e-01
3.871395467006776697e-02
1.566467929454895200e-02
1.401736339871818005e-01
3.735778801187787934e-01
2.148396620029361381e-01
9.332509835211820481e-02
1.676916293736645802e-01
3.312920181334926828e-01
3.735778801187787934e-01
1.505766830034432208e-02
8.899300893333053977e-03
6.683582226602359511e-02
3.604367746244003801e-01
3.227747702530842644e-01
7.108434123774752013e-03
2.045596306207049520e-04
2.375151379849079619e-02
8.739511154290556180e-03
7.204791242536521243e-05
1.277086886573584879e-02
1.101837356347765556e-01
3.604367746244003801e-01
2.341909264195490004e-01
4.191548811689557036e-02
4.945569417579776667e-03
3.815091156217307461e-02
2.225861862257152643e-02
9.312710109826139967e-05
5.238601856226784634e-03
9.024864945343086253e-02
3.604367746244003801e-01
2.021587223230310315e-01
8.781657198510015028e-02
1.577936086027913742e-01
3.117374626141889982e-01
3.604367746244003801e-01
1.416888742228617458e-02
8.374018472156373460e-03
6.289082895002816309e-02
2.650395243983475480e-01
7.741332677118756278e-02
2.968475758647352858e-02
8.046840426908101473e-02
1.195491690542110769e-01
1.184088657225684793e-01
2.793683549592365645e-02
5.062100134428463086e-03
9.388389137101466053e-02
2.790063570036063756e-01
1.970906657312495314e-01
6.358219602688787442e-02
1.109736278209779298e-01
1.018477014977120787e-01
1.218474860986716174e-01
4.199556178122735434e-02
5.154790424757910855e-02
2.601423318297067522e-01
6.968605416673610831e-02
5.777953468985511792e-02
1.567654953949855837e-02
9.443749749966565132e-02
2.790063570036063756e-01
2.790063570036063756e-01
1.868401710859907139e-02
5.562065767583128720e-03
2.220467784375834003e-02
4.065305006364258733e-02
2.790063570036063756e-01
2.790063570036063756e-01
2.790063570036063756e-01
2.790063570036063756e-01
2.786114203896769004e-01
3.381944222381824683e-02
6.866298406612688678e-03
2.958294152551356124e-02
1.780777400260777354e-02
0.000000000000000000e+00
2.648286903471045936e-02
2.122882725644318069e-01
2.790063570036063756e-01
2.790063570036063756e-01
3.460230301201989295e-02
3.839367918082526015e-03
3.181829254056014241e-03
6.767840430134075547e-02
5.611491073561112458e-02
1.522490935195783442e-02
9.171676045391712051e-02
2.894538440141899982e-01
2.810554188687724997e-01
1.814573201150673776e-02
5.401823080245859478e-03
2.156496278143748072e-02
1.962504979786346415e-01
1.931575782530310648e-01
2.397705314098590723e-01
2.894538440141899982e-01
2.749537387105598363e-01
6.373474821055322148e-02
3.024685057276886579e-02
8.463727422276703938e-03
9.090417758969313033e-02
1.729473340206259119e-02
0.000000000000000000e+00
2.571989961294345040e-02
2.061722637455190299e-01
2.894538440141899982e-01
2.737013920629766117e-01
3.360541332131889575e-02
3.728756023405600112e-03
3.090160997759967745e-03
2.894538440141899982e-01
2.894538440141899982e-01
2.894538440141899982e-01
1.361443931496588711e-01
7.944635775710713610e-02
1.702958903357942588e-01
3.811317064932284032e-02
2.473054861700555926e-02
5.864839405262040756e-02
2.126868684303488133e-01
2.093349105116652231e-01
2.598517914232010284e-01
2.908331316411179035e-01
2.908331316411179035e-01
6.907266043510933151e-02
3.278008460851533634e-02
9.172581467222957335e-03
9.851758368986657244e-02
6.213731229599768480e-02
1.203477751378659311e-01
9.678609701753730643e-02
2.908331316411179035e-01
2.022671605722233257e-01
1.690835286033020302e-01
1.597315933387177533e-01
2.997801352775644051e-02
6.961998609450140152e-02
2.908331316411179035e-01
2.908331316411179035e-01
2.908331316411179035e-01
1.475467574941061732e-01
8.610014860393286340e-02
1.845585106541810794e-01
4.130522467381692736e-02
2.680178136662886637e-02
6.356031397626779600e-02
4.993023731725904080e-02
1.075446483103259798e-01
1.884203098992315584e-01
1.716595460236814974e-01
1.557751599392017683e-01
1.152243054077831397e-01
5.298390328340535360e-02
4.338674901858852878e-02
2.895330338891206889e-02
8.916094801370222367e-02
1.726872522505795149e-01
1.388785553440427534e-01
2.621419684661637217e-01
2.621419684661637217e-01
2.426182779190367289e-01
2.291991681580434759e-01
4.301550882937875409e-02
9.989785092919657716e-02
2.621419684661637217e-01
2.621419684661637217e-01
2.621419684661637217e-01
1.907472477599573557e-01
1.067243388720485464e-01
2.431630403706529497e-01
9.383554018624337689e-02
4.636284654607319283e-02
1.820293517470099043e-01
7.164499282732403329e-02
1.543160211286847550e-01
2.621419684661637217e-01
2.463146102323292286e-01
2.235220743215171890e-01
1.653355757558252759e-01
7.602670395061508768e-02
6.225572897814385387e-02
4.154515029530837095e-02
1.096135271051152660e-01
7.714006390740352215e-02
9.526188947659013084e-02
1.884781080884927462e-01
9.563311867871282512e-02
5.570039805430036101e-02
2.632057625436527021e-02
1.725164824526017465e-02
4.809837437544268318e-02
2.617649925169450165e-01
2.586752721444129932e-01
3.090914100005607290e-01
1.461870562689151498e-01
8.179261884598537646e-02
1.863580706019885291e-01
7.191475397062095654e-02
3.553208833370480324e-02
1.395057354637253555e-01
3.090914100005607290e-01
2.455833655969982821e-01
1.270234139122727313e-01
1.941128034231332511e-01
2.621922062167588163e-01
2.173268890841970058e-01
5.320563794836843247e-02
2.152839363030684822e-02
1.926444271423240762e-01
8.400686795185098588e-02
5.911948400540231047e-02
7.300789584509478902e-02
1.444480070677865990e-01
7.329240272473097617e-02
4.268830780097018079e-02
2.017186411396758999e-02
1.322151539473380953e-02
3.686218199129499828e-02
3.090914100005607290e-01
2.516513959539017353e-01
7.255135145215639569e-02
2.454263867354060033e-02
2.008035196838903885e-02
4.651675200772695533e-04
1.174835162038793566e-03
8.798124542105234536e-02
3.090914100005607290e-01
3.064823807075747752e-01
2.207068363754498552e-01
1.141564933033464430e-01
1.744500187923679613e-01
2.356332735147909363e-01
1.953126183139078098e-01
4.781613771102054961e-02
1.934766077840772980e-02
1.731303826567595350e-01
3.064823807075747752e-01
2.653514204805344501e-01
1.152671121493465956e-01
2.071182371176374382e-01
3.064823807075747752e-01
3.064823807075747752e-01
1.859793315336008557e-02
1.099164889440825028e-02
8.254984304076740109e-02
3.064823807075747752e-01
2.261602015895257389e-01
6.520221438794612800e-02
2.205657587913242845e-02
1.804629945303938901e-02
4.180480688962533598e-04
1.055829458342558017e-03
7.906912705609503433e-02
3.064823807075747752e-01
5.045861435189122335e-02
6.094361572914105442e-03
1.427056877555967287e-02
9.631495058012987109e-03
7.033936044490923280e-03
7.350059634623977434e-03
8.140400298518694899e-03
1.710762509592871419e-02
1.350782953590992930e-01
3.314181770404088234e-01
3.314181770404088234e-01
1.853234322233032749e-01
3.314181770404088234e-01
3.314181770404088234e-01
3.314181770404088234e-01
2.990126793299549557e-02
1.767208409165268654e-02
1.327214671778059463e-01
3.314181770404088234e-01
1.633689757269821408e-01
6.264513674680238786e-02
1.698162491153565046e-01
2.522902207151674903e-01
2.498837850912452863e-01
5.895641474641965391e-02
1.068278742797543722e-02
1.981275810026867368e-01
8.112603345877716920e-02
9.798354299350369584e-03
2.294384526471728025e-02
1.548526451569359232e-02
1.130897743074630278e-02
1.181723262720081602e-02
1.308792156637402816e-02
2.750518982256813794e-02
2.171753316972753478e-01
3.399729683233832650e-02
3.211409977770455365e-02
2.326973833577064207e-02
1.755902952185102103e-02
1.546329838653643513e-02
9.281357252084898590e-03
3.441617245053368770e-03
2.457151842108449679e-03
1.527765104620456074e-02
4.041184842342612771e-02
3.016039026677690416e-01
3.016039026677690416e-01
3.016039026677690416e-01
3.016039026677690416e-01
2.769583702132246139e-01
3.361878557141896595e-02
6.825559459958059627e-03
2.940742077105083438e-02
1.770211737189227030e-02
0.000000000000000000e+00
2.632574155131597871e-02
2.110287291977939184e-01
3.016039026677690416e-01
2.801485316085464139e-01
3.439700150995055050e-02
3.816588278232964544e-03
3.162950905844365539e-03
2.165892739411820478e-02
1.131038744484833963e-01
1.236229624601868637e-01
3.246105758046205492e-02
1.360630141031936857e-01
2.316660465455069595e-01
3.714177691173822793e-02
6.664582731693985407e-03
2.778741053191663771e-02
3.016039026677690416e-01
3.016039026677690416e-01
1.355248727814337972e-01
4.095102015079888497e-02
1.133401316566525208e-01
1.405528791628704588e-01
2.683094934108841076e-02
1.819896351909527660e-03
1.702559599434731730e-02
1.604002788000357185e-02
0.000000000000000000e+00
2.385396162356021380e-02
1.912147924851606284e-01
3.254717135286140373e-01
2.538447894757576706e-01
3.116739379912690164e-02
3.458240678403526076e-03
2.865974710651405643e-03
3.096773295454045005e-01
3.254717135286140373e-01
3.044526832273655170e-01
1.262673330116934889e-01
7.368265030536748361e-02
1.579411931559698001e-01
3.534812047103098875e-02
2.293638647573743514e-02
5.439354593400527738e-02
3.227471774781464076e-01
3.254717135286140373e-01
1.228001539126482439e-01
3.710604167478680909e-02
1.026983853684418774e-01
1.273560700691604985e-01
2.431173437824839939e-02
1.649022408454702123e-03
1.542702653506448397e-02
2.048837279379849552e-01
3.254717135286140373e-01
1.347914879946581213e-01
1.459640321647347749e-01
4.454897276243705018e-02
2.056508395907280171e-02
6.908203069998433178e-03
7.521929916667653357e-03
4.033119743839608945e-02
3.342929810292443182e-01
3.342929810292443182e-01
3.342929810292443182e-01
1.511760756765235247e-01
8.821801849239564730e-02
1.890982346698975025e-01
4.232124024395580997e-02
2.746104487120954590e-02
6.512375465847621003e-02
5.115840878795489127e-02
1.101900046310159420e-01
1.930550254854504211e-01
1.758819845384292091e-01
1.596068783038625261e-01
1.180585640101084466e-01
5.428718806463537355e-02
4.445396540316703254e-02
2.966548949327035486e-02
2.453011180395537894e-01
3.342929810292443182e-01
1.613817897598623652e-01
1.747583404691293030e-01
5.333714363810845849e-02
2.462195577222600629e-02
8.270983517186974651e-03
9.005780190275709807e-03
4.828732824749797092e-02
2.261746510546489008e-01
1.126313320088816877e-01
1.518882389450759429e-01
1.689767631482019250e-01
2.873242673947126735e-01
1.412908068320922750e-01
1.470022954544989054e-02
1.575315119536267391e-02
1.024524592998228428e-01
8.206441117332789748e-02
1.767583875548465189e-01
2.572259262594295826e-01
2.572259262594295826e-01
2.560291611396517952e-01
1.893805293987036176e-01
8.708335986847472177e-02
7.130965527585612918e-02
4.758711197458058428e-02
1.255547555178516128e-01
8.835863711636300633e-02
1.091159417936813925e-01
2.158887083236060433e-01
1.095411593096628361e-01
6.380097461190389896e-02
3.014840963503294738e-02
1.976057640802377294e-02
5.509337939398345485e-02
2.572259262594295826e-01
1.806745784312337455e-01
2.436475095393535184e-01
2.572259262594295826e-01
2.572259262594295826e-01
2.266479185257627427e-01
2.358098522493799754e-02
2.527000169864986046e-02
1.643464084379198387e-01
9.759734118985002871e-02
1.098978813640860697e-01
1.331472498710817853e-01
2.572259262594295826e-01
2.572259262594295826e-01
2.572259262594295826e-01
3.279316554900074676e-02
4.340504058550838894e-03
4.307200573325738191e-02
9.625956321661757742e-02
6.774226734906434177e-02
8.365635259061324214e-02
1.655162536927989037e-01
8.398235579289424491e-02
4.891454667412556412e-02
2.311400098844773945e-02
1.514991961952819564e-02
4.223866005488114556e-02
3.531876474315259751e-01
2.883556314854959779e-01
8.313321960250524834e-02
2.812226829182995491e-02
2.300914147663430526e-02
5.330138284748248091e-04
1.346188976051292206e-03
1.008136175287312197e-01
3.531876474315259751e-01
7.482534130459447819e-02
8.425584530754376411e-02
1.020805310258588450e-01
2.257252816908401905e-01
3.531876474315259751e-01
2.463100416435569928e-01
2.514166651209179953e-02
3.327751490517250402e-03
3.302218575191685074e-02
3.531876474315259751e-01
3.531876474315259751e-01
1.503896135296249326e-01
4.254521563497839359e-02
2.150673923867126025e-02
3.585633041885867567e-02
1.232056966203154413e-02
1.753895978252145368e-02
2.267086740318418059e-01
3.626564725069753581e-01
2.810611358302785301e-01
8.103020914257180740e-02
2.741086285538044814e-02
2.242708215749791845e-02
5.195302455950641775e-04
1.312134605112461831e-03
9.826334829604217724e-02
3.626564725069753581e-01
6.270756464881643844e-02
7.573782539124563826e-03
1.773478375422826020e-02
1.196956370627066599e-02
8.741440979126345601e-03
9.134304332983811739e-03
1.011650209866440768e-02
2.126054233691924630e-02
1.678688772507912208e-01
3.626564725069753581e-01
3.626564725069753581e-01
1.465852266451715957e-01
4.146895473797125586e-02
2.096268599744898278e-02
3.494927739858305626e-02
1.200889778169924281e-02
1.709527895245911353e-02
2.209736536016666808e-01
3.626564725069753581e-01
1.675783396858814694e-02
6.213522530898658337e-03
1.564128335900523067e-02
3.673231357215814979e-02
3.964206948559599597e-02
1.393378313197698483e-02
5.704631008741793685e-02
3.626564725069753581e-01
1.874527956767790826e-01
2.264043770090297045e-02
5.301489244672744072e-02
3.578082153783809088e-02
2.613093904949986140e-02
2.730533219348440718e-02
3.024143277585312692e-02
6.355450288939350212e-02
5.018133063213577882e-01
7.855540404195159032e-02
7.420401968786809188e-02
5.376791295883820432e-02
4.057253920733824154e-02
3.573006579217725270e-02
2.144584531502234312e-02
7.952327344618493818e-03
5.677585388660998100e-03
3.530110222189680735e-02
5.169373411298400223e-01
5.009447974086540106e-02
1.857418918978211847e-02
4.675675590398728487e-02
1.098045333021412662e-01
1.185027164283019296e-01
4.165249626692895529e-02
1.705295105752886176e-01
5.169373411298400223e-01
1.103511511653507277e-01
1.331552986792929050e-01
4.906830412609106823e-02
1.223217810790939164e-01
1.709668615941566938e-01
9.129470138940129487e-02
1.867364792824613776e-02
6.078029034850183053e-03
3.368178212551799916e-02
2.314395104511997314e-02
1.208587334735681251e-01
1.320990526986229319e-01
3.468671896093315082e-02
1.453920445899342662e-01
2.475500075558560165e-01
3.968836733842487363e-02
7.121533475400306130e-03
2.969262777047656371e-02
3.806125520840216714e-01
4.064817657457745481e-01
1.448170061229070715e-01
4.375878769856308970e-02
1.211111894313551957e-01
1.501897529551496913e-01
2.867058773246909317e-02
1.944675805470621717e-03
1.819293970735466962e-02
6.774059590696447294e-03
7.267597009855552778e-03
1.021512933928242495e-02
2.560443716982436363e-02
6.891067682467208466e-02
6.629008158932149508e-02
9.934742560140319423e-03
1.791734015064317103e-03
6.251724779463202486e-03
4.064817657457745481e-01
4.064817657457745481e-01
4.064817657457745481e-01
4.602584905240781482e-02
3.193989194244103991e-02
1.551851848804243657e-02
3.763755376916378455e-03
5.634664534731772915e-04
2.638576427726134488e-02
2.472662262628956276e-01
3.380238841328653820e-01
9.408085573277955027e-02
2.842804379629167849e-02
7.868029208424803800e-02
9.757127880632360251e-02
1.862594387528743178e-02
1.263365186173175635e-03
1.181910454984920651e-02
1.569675267983703382e-01
3.380238841328653820e-01
1.032677739561526642e-01
1.118273928388845984e-01
3.413029500343873340e-02
1.575552338853173848e-02
5.292580145001964283e-03
5.762774563177472560e-03
3.089893169377512863e-02
2.705000029204477352e-01
3.380238841328653820e-01
3.380238841328653820e-01
2.990084783967459151e-02
2.074985836543989312e-02
1.008165779798600101e-02
2.445136355937496588e-03
3.660578791035068772e-04
1.714160062293601516e-02
1.295355867784198922e-01
3.380238841328653820e-01
3.380238841328653820e-01
2.740236436551213295e-01
7.076575638135945701e-02
4.339590608594933938e-03
5.859179184316090118e-03
1.101883890883056417e-02
7.249473388615926273e-02
2.342789238548512731e-01
3.438284549583201510e-01
1.541303697955994367e-01
1.669058676412781828e-01
5.094052857522151506e-02
2.351560949913290149e-02
7.899340749500083012e-03
8.601120566890054289e-03
4.611761816685099047e-02
2.160118725744477053e-01
1.075704320724883423e-01
1.450633957588529643e-01
1.613840757972146156e-01
2.744138334981526817e-01
1.349421414780048734e-01
1.403969939416242763e-02
1.504530977627762701e-02
9.784892993098852354e-02
1.933358987705601495e-01
3.438284549583201510e-01
3.438284549583201510e-01
3.438284549583201510e-01
1.056200960093842539e-01
6.476974177328986490e-03
8.745007467293359343e-03
1.644596034826223754e-02
1.082006487992237392e-01
4.169074525776555323e-02
3.560194766035217756e-02
1.198376647614142337e-01
2.618848059793565386e-01
2.235527785829853620e-01
8.248994033979356599e-02
4.975594546712911598e-02
1.179845749265213094e-02
2.022994866164409822e-02
2.518877063267082050e-01
1.580464915902276279e-01
2.131325524694536455e-01
2.371115044057210963e-01
2.518877063267082050e-01
1.982620281184621636e-01
2.062765008449117185e-02
2.210513037101559039e-02
1.437632979946532885e-01
8.537403268086807273e-02
9.613402579158994432e-02
1.164715915749109099e-01
2.518877063267082050e-01
2.518877063267082050e-01
2.518877063267082050e-01
2.868607641517051735e-02
3.796889657324989918e-03
3.767757174807215281e-02
6.125359815726681006e-02
5.230770959166433642e-02
1.760699674715850982e-01
2.518877063267082050e-01
2.518877063267082050e-01
1.211972975381020307e-01
7.310329116773753300e-02
1.733473387588084849e-02
2.972259522829404435e-02
1.260163324067422874e-01
2.518877063267082050e-01
2.518877063267082050e-01
2.518877063267082050e-01
1.849444072598609157e-01
1.866333165734814503e-01
2.701055671930671295e-02
1.165352467366207595e-02
3.419746246981032051e-02
6.900079292827403232e-02
7.769720837485223630e-02
9.413438629903102262e-02
2.081543919355250127e-01
2.653246455449989605e-01
2.271367946110264546e-01
2.318459087023298087e-02
3.068712918785402276e-03
3.045167534661290254e-02
2.653246455449989605e-01
2.653246455449989605e-01
1.386829969739627744e-01
3.923341428096704941e-02
1.983261332185625586e-02
3.306520474564843270e-02
1.136151284024966221e-02
1.617369344437295797e-02
2.090612351266905311e-01
1.018486135061853898e-01
2.041841728057768590e-01
2.249696348802914803e-01
2.653246455449989605e-01
1.494753187574304754e-01
1.508403249327786855e-01
2.183040641916334304e-02
9.418583351891784278e-03
2.763898989488160554e-02
2.082679110983959303e-01
2.653246455449989605e-01
2.653246455449989605e-01
2.442318273514900717e-01
2.653246455449989605e-01
6.358820164786598006e-02
3.267759525000728249e-02
9.180283696527674620e-02
2.432006150245983322e-01
2.950417536561390497e-01
2.950417536561390497e-01
1.270403921250757295e-01
3.593972183623469346e-02
1.816764151517907128e-02
3.028934093032141159e-02
1.040770013522557443e-02
1.481589237410028091e-02
1.915102923081033470e-01
2.950417536561390497e-01
1.452344037158452041e-02
5.385047026015289326e-03
1.355576422498166317e-02
3.183463727326386883e-02
3.435642299950354694e-02
1.207593229812309495e-02
4.944008184628988917e-02
2.950417536561390497e-01
1.907835687887398934e-01
2.950417536561390497e-01
2.950417536561390497e-01
2.237282708995851632e-01
2.538616451916530514e-01
5.824989543159315997e-02
2.993427171929982297e-02
8.409587808700715039e-02
2.227836300911871792e-01
2.950417536561390497e-01
5.505850970134921335e-02
2.935778350488733868e-02
1.397346550138020387e-02
1.347549420440359025e-01
8.076303847902105426e-02
1.987961943217186542e-02
4.068478376299924232e-02
2.950417536561390497e-01
4.209176375596249686e-01
2.800037220288759121e-02
1.038206631491339973e-02
2.613474728320612159e-02
6.137538143781123140e-02
6.623724179211078200e-02
2.328171496513177854e-02
9.531768355284747640e-02
4.209176375596249686e-01
6.168091417718263303e-02
7.442732099611697183e-02
2.742679005755255250e-02
6.837191276268944629e-02
9.556214145269924243e-02
5.102928770351882609e-02
1.043765890136660358e-02
3.397321942779452618e-03
1.882647431113490533e-02
4.209176375596249686e-01
1.061496949159766306e-01
5.660014735881448156e-02
2.694005173652721033e-02
2.597999122022003893e-01
1.557065736347979235e-01
3.832678271201105796e-02
7.843796367882838183e-02
4.209176375596249686e-01
1.180859701910151952e-02
1.084645470732095371e-02
1.277592977674140047e-02
1.094345791451899474e-01
2.051534223518382827e-01
2.728229746386568455e-01
3.787602931024076913e-02
3.558292090157623346e-03
7.204129185249622154e-03
5.908984537639684446e-03
6.339495214363437270e-03
8.910615637144632395e-03
2.233464605762407879e-02
6.011050218609147872e-02
5.782456765632055379e-02
8.666035393890682975e-03
1.562922269700557252e-03
5.453354013324963195e-03
3.632029947365683631e-01
3.958155306694566278e-01
3.958155306694566278e-01
4.014816030788043860e-02
2.786103740229464373e-02
1.353674034973919096e-02
3.283108456294313825e-03
4.915094879921723869e-04
2.301619450503140235e-02
9.207625590510847349e-03
1.683898258466918346e-02
1.095359217142706336e-02
4.015220365277442742e-03
1.948019955662132902e-02
1.940216229146975516e-02
9.960471747800658457e-03
4.007726606616804181e-03
6.756970443780581891e-03
1.818142499352787267e-01
3.958155306694566278e-01
3.958155306694566278e-01
3.958155306694566278e-01
9.385029876460573850e-02
8.874346998170058731e-02
4.603270317391957439e-02
3.930382651028565405e-02
1.381282937052778492e-01
2.109564385852996382e-01
2.918868864709635025e-01
2.918868864709635025e-01
2.331895121196644882e-02
1.618231487860621876e-02
7.862442148380740722e-03
1.906902964639561838e-03
2.854797251683378087e-04
1.336832155277135545e-02
1.010216848865210515e-01
2.918868864709635025e-01
2.918868864709635025e-01
2.137044411443216052e-01
5.518850934872968073e-02
3.384342217462498782e-03
4.569432755680791387e-03
8.593327129226108543e-03
5.653689727061050885e-02
1.056017907512651344e-01
2.918868864709635025e-01
2.918868864709635025e-01
2.918868864709635025e-01
5.451035667232680126e-02
5.154419607310609802e-02
2.673682557895101786e-02
2.282854322112103790e-02
8.022800838705713977e-02
2.918868864709635025e-01
1.834137789105328570e-02
2.918868864709635025e-01
1.231652830138097732e-01
3.177503814243583073e-03
9.799082352619699690e-03
5.107897276496136015e-03
1.240363997916519613e-02
2.918868864709635025e-01
1.643356748255222211e-01
3.248768945472420011e-01
3.248768945472420011e-01
3.248768945472420011e-01
8.977716949213382369e-02
5.505433440077294599e-03
7.433263623727591994e-03
1.397907998034453141e-02
9.197064151071857041e-02
3.543716815905224166e-02
3.026168513489640652e-02
1.018621147614853506e-01
2.226023029910360329e-01
1.900200478088842626e-01
7.011651792688829155e-02
4.229259504788684954e-02
1.002869868599110849e-02
1.719547319529250717e-02
3.248768945472420011e-01
2.983659118675341740e-02
3.248768945472420011e-01
2.003574769306927794e-01
5.168961833896933838e-03
1.594052616423432753e-02
8.309203581541519182e-03
2.017745544987351036e-02
3.248768945472420011e-01
1.535420607751408067e-02
4.088631753650256301e-02
5.727325809758738312e-02
1.174062598149764325e-01
3.248768945472420011e-01
2.011408917504548255e-01
9.993033883925252214e-02
1.160296872703363291e-02
2.702955768424934735e-02
5.951687827756899085e-02
5.082463199553578087e-02
1.710778654249337505e-01
2.813144907652608273e-01
2.813144907652608273e-01
1.177609972662444077e-01
7.103059759769807247e-02
1.684324312534210555e-02
2.887987213018873220e-02
1.224433983058671876e-01
2.454722076024472843e-01
2.704606932003069675e-01
2.813144907652608273e-01
1.797006887128709263e-01
1.813417124741613096e-01
2.624472789900319028e-02
1.132311293332095847e-02
3.322786370837831765e-02
2.578745598583281201e-02
6.866874839197474600e-02
9.619068644126856082e-02
1.971843247482412964e-01
2.813144907652608273e-01
2.813144907652608273e-01
1.678334393492655063e-01
1.948723651635513726e-02
4.539625986392650803e-02
5.171981091524967961e-02
9.498860258731620099e-02
1.297943847885212609e-01
2.722214706983543953e-01
2.813144907652608273e-01
2.387496738524622353e-01
9.488671513513344258e-02
2.011000374048079950e-02
3.273255189115446828e-02
9.002004325307792765e-02
1.804704790257521951e-01
1.988419436001754859e-01
2.351575850291814651e-01
1.321154426809582061e-01
1.333219187508371817e-01
1.929505039325848589e-02
8.324720892430472266e-03
2.442903226814690729e-02
1.840799370741279806e-01
3.081580721036274451e-01
3.409836639464663977e-01
2.158670491928117441e-01
2.449416161417993787e-01
5.620314764892403447e-02
2.888246031580567197e-02
8.114097060209449208e-02
2.149556005724114205e-01
3.802426002585630738e-02
6.983535439043671300e-02
9.542446791195803579e-02
2.001364622816753924e-01
2.399483883573792498e-01
1.755280910545182205e-01
6.976044702115963281e-02
1.478481838616933428e-02
2.406488040837191644e-02
3.409836639464663977e-01
3.409836639464663977e-01
1.383869469520881690e-01
1.014579434258659207e-01
1.318687279964901940e-02
1.762071623558560509e-03
1.614548884334835593e-02
6.305948260797218652e-02
6.161328021684450013e-02
1.509898149195059991e-01
2.527637232630171038e-01
3.102478364253747900e-01
1.770628908446292282e-01
2.009110274328366197e-01
4.610009649225054601e-02
2.369056295226426925e-02
6.655510822271590299e-02
1.763152837958096297e-01
3.102478364253747900e-01
4.357437195629813159e-02
2.323431900342712297e-02
1.105887149104437493e-02
1.066476735281545046e-01
6.391743434565654025e-02
1.573311621011568365e-02
3.219872659588250696e-02
3.102478364253747900e-01
3.102478364253747900e-01
3.102478364253747900e-01
1.135105750234854383e-01
8.321991165075354191e-02
1.081640680148795650e-02
1.445322464494767922e-03
1.324318342884062659e-02
5.172393993194020212e-02
5.053770619651369589e-02
2.707082133423762138e-01
2.118090074852890248e-01
2.124677992187218034e-01
1.688898230954719581e-01
2.167271232058005648e-01
1.624347154827196493e-01
8.290807917407673477e-02
2.081472934258107518e-02
7.078786090695209088e-02
3.157071917601483868e-01
8.263023653763555687e-02
4.405932177219992751e-02
2.097097734560080667e-02
2.022363626642294798e-01
1.212068581081870294e-01
2.983476423297167987e-02
6.105855977676057089e-02
3.157071917601483868e-01
9.192180586466449504e-03
8.443218972698025154e-03
9.945182605338536569e-03
8.518729297640816045e-02
1.596978288901931831e-01
2.123739210474220873e-01
2.948388371242090938e-02
2.769885653580607746e-03
5.607919072174972000e-03
3.157071917601483868e-01
3.157071917601483868e-01
3.157071917601483868e-01
3.157071917601483868e-01
3.157071917601483868e-01
3.080255287608493764e-01
1.572188854472931219e-01
3.947104529169798148e-02
1.342352724349309967e-01
2.639258587762465446e-04
3.553276601949537810e-04
5.877090645898301819e-04
1.128895163750217798e-02
5.340642392540007055e-02
1.066872484286011113e-01
1.793845945432844674e-02
4.014761041652025082e-04
3.530387338559653251e-04
1.762924114384795474e-02
3.224050344837263438e-02
2.097212966396685280e-02
7.687680973704543765e-03
3.729746959605729356e-02
3.714805672603558456e-02
1.907066665801734895e-02
7.673333161969198533e-03
1.293713131407337076e-02
3.481079051259555190e-01
4.888095626919040648e-01
4.888095626919040648e-01
4.888095626919040648e-01
1.796890557809504574e-01
1.699113432524392009e-01
8.813581924883408247e-02
7.525247726622073807e-02
2.644652494371784179e-01
2.169739792809198889e-02
1.859715100597080645e-02
1.063876350922170720e-02
1.948752973499928015e-02
4.942886735994195258e-02
3.146200817304152519e-02
6.534622101529593240e-03
2.807279080549783187e-03
8.545450132321432898e-03
1.438413544645642840e-02
4.544512065444025750e-02
5.288662015682620704e-02
3.140532199947868724e-02
1.939995299092256084e-02
1.919504085386417383e-02
1.108469424412772061e-02
3.952405871104021362e-03
2.169277306455547061e-02
1.700333958966940284e-01
3.339733011367801430e-01
3.339733011367801430e-01
3.339733011367801430e-01
8.776916556620702192e-02
8.299323936389092771e-02
4.304996360710076214e-02
3.675709189822769229e-02
1.291781191874944168e-01
3.339733011367801430e-01
2.953213904853192739e-02
3.339733011367801430e-01
1.983130321789982609e-01
5.116217823266995535e-03
1.577786926939335130e-02
8.224416590243359415e-03
1.997156499083507092e-02
3.339733011367801430e-01
7.025934662742116567e-03
2.219768088579759935e-02
2.583248323392703036e-02
1.533993761752799889e-02
9.475912033911569263e-03
9.375822647800444165e-03
5.414321757857266243e-03
1.930553665486809106e-03
1.059584058927962383e-02
3.339733011367801430e-01
1.682659573656802160e-02
2.175727274368872977e-02
1.772768836432964124e-02
1.803842496637792295e-02
1.370321523183475401e-02
9.837741633287652027e-04
2.481319224993714257e-03
3.339733011367801430e-01
3.382102717215300647e-01
3.688780466148761095e-02
3.382102717215300647e-01
2.477075020141437101e-01
6.390530782756695567e-03
1.970771431854011560e-02
1.027289869308252619e-02
2.494594742884874775e-02
3.382102717215300647e-01
1.898283054436268602e-02
5.054888761165389488e-02
7.080851642223584541e-02
1.451526131448115653e-01
3.382102717215300647e-01
2.486760594696323379e-01
1.235466476644686562e-01
1.434507183535729813e-02
3.341739134012290668e-02
3.382102717215300647e-01
2.101765048675663036e-02
2.717642720078536009e-02
2.214318117656385865e-02
2.253131395146020302e-02
1.711631947403316131e-02
1.228805983483064867e-03
3.099349448542977874e-03
3.382102717215300647e-01
2.241582920554941738e-01
1.788594051076648067e-02
1.408530250234723245e-02
3.074842367228826714e-02
3.888201508691560560e-02
3.732830133014099216e-02
2.343135448204956492e-02
2.693171457379379616e-02
2.898426018858381581e-01
2.836099892514460860e-02
7.552176920459904852e-02
1.057903484651022546e-01
2.168629749794851735e-01
2.974915203263167052e-01
2.974915203263167052e-01
1.845829226272984458e-01
2.143202858777610437e-02
4.992672708442921076e-02
5.688135745464491244e-02
1.044682987480380215e-01
1.427476370487802126e-01
2.974915203263167052e-01
2.974915203263167052e-01
2.625764731204303093e-01
1.043562431065886004e-01
2.211694689006022882e-02
3.599920323711960912e-02
2.974915203263167052e-01
2.672220765051764452e-02
2.104392430811840783e-02
4.593919798639472390e-02
5.809106210532694048e-02
5.576976054374538361e-02
3.500724603357095038e-02
4.023690388504760213e-02
2.974915203263167052e-01
2.974915203263167052e-01
2.256868899405182760e-01
2.266621399472629195e-01
3.670272661213176690e-02
1.889512104276628787e-02
1.020052278499005999e-03
9.670839473253889720e-03
1.670895692607760746e-02
2.135581456594609073e-01
3.717840493310036604e-02
6.828185696207389466e-02
9.330173700011466786e-02
1.956843981060149840e-01
2.346107022024703226e-01
1.716234436099859095e-01
6.820861591792043432e-02
1.445592799043489765e-02
2.352955370809839755e-02
4.136956813922110787e-01
4.136956813922110787e-01
1.353085095605183474e-01
9.920099698985489212e-02
1.289352893161521511e-02
1.722874088732787934e-03
1.578633013903974272e-02
6.165671541475824941e-02
6.024268400228625919e-02
2.076347602863839736e-01
1.475119258360010066e-01
1.481493620942807843e-01
2.398938585849949914e-02
1.235010015272667606e-02
6.667196135958401238e-04
6.320988142140123063e-03
1.092119447224474196e-02
1.395844187161027483e-01
4.136956813922110787e-01
2.334997534264358632e-01
6.275572460795678618e-03
1.415261816539799267e-02
1.301777423282909213e-02
1.548258373841684965e-02
7.184676947592258216e-03
5.375005523337146813e-04
3.810519896571808451e-01
3.901954269885209436e-01
3.901954269885209436e-01
1.255168604839474733e-01
9.202228107815402236e-02
1.196048406202758832e-02
1.598197684160885699e-03
1.464394666714704391e-02
5.719490497492563802e-02
5.588320045541215336e-02
2.993416696102856323e-01
2.342125536433395938e-01
2.349410273567020258e-01
1.867537042980086104e-01
2.396508702460669882e-01
1.796158244883868105e-01
9.167746533335395520e-02
2.301635313153269774e-02
7.827526254339434164e-02
3.901954269885209436e-01
2.166024595870200131e-01
5.821438397163707264e-03
1.312845884947337963e-02
1.207573830722547328e-02
1.436218098431367614e-02
6.664755210017527312e-03
4.986041310812079934e-04
3.534770250465223973e-01
3.523040973019771812e-03
4.879754589428011644e-03
8.388773187297953599e-03
1.640867050354673923e-02
6.027319904525413503e-03
9.070539995038019720e-03
3.402952956982657068e-03
8.336457850709892746e-04
1.517721126931536116e-03
3.631981712934861384e-01
3.631981712934861384e-01
3.631981712934861384e-01
3.631981712934861384e-01
3.631981712934861384e-01
3.631981712934861384e-01
2.829869097728218708e-01
7.104610302268885014e-02
2.416174419555268960e-01
4.750546537188552886e-04
6.395737778530889575e-04
1.057849835028297622e-03
2.031960428534243870e-02
9.612915665741017524e-02
1.920322400141717956e-01
3.228841873940958146e-02
7.226388976242314023e-04
6.354538135782810413e-04
1.087480412261335704e-02
1.506266198231790386e-02
2.589418230997797901e-02
5.064973101508486036e-02
1.860492791540255264e-02
2.799863711145525458e-02
1.050412048257680885e-02
2.573269709241716562e-03
4.684850416027174468e-03
3.918444760032774657e-03
1.128743069233199316e-02
2.190731591475796047e-02
4.153607086423778683e-02
8.594240121879553884e-02
4.935782850377220393e-02
1.478548613046093071e-02
7.687522338244341842e-03
1.188022387745051381e-02
1.584074817055273476e-01
1.357733248713250962e-01
7.767105260924100918e-02
1.422737657397187550e-01
2.636237625076117697e-01
2.296965516605839197e-01
4.770770368092754066e-02
2.049526911329522041e-02
6.238827531243241326e-02
1.050151119565489871e-01
2.636237625076117697e-01
2.636237625076117697e-01
2.292826995465483408e-01
1.416343890028796682e-01
1.401383747937153812e-01
8.092668561028852625e-02
2.885556428446744634e-02
1.583737166896263815e-01
1.426353023202591164e-01
9.609460103363980099e-02
7.318493820129789995e-02
1.127438223416564606e-01
2.636237625076117697e-01
2.636237625076117697e-01
1.616205983378879996e-01
2.057726362530341857e-02
4.785925689144693296e-02
1.158525379236589603e-01
1.116689110443662980e-01
2.636237625076117697e-01
2.636237625076117697e-01
2.636237625076117697e-01
2.636237625076117697e-01
6.296076825281518574e-02
8.869826707508703459e-03
5.651667502798702475e-02
3.109437895943299376e-02
9.823932823397038550e-02
1.143257177437843886e-01
6.788930674560485212e-02
4.193713917255548207e-02
4.149417785125824459e-02
2.396193255822433310e-02
8.543968903454152511e-03
4.689355914793191110e-02
5.783531429719831474e-01
7.446874608791533012e-02
9.629023272925810173e-02
7.845667324496002903e-02
7.983188695309388627e-02
6.064573438760767488e-02
4.353847297678257143e-03
1.098146851698286047e-02
5.783531429719831474e-01
3.430327931375102418e-02
3.306453112612426498e-02
1.296993260179430396e-01
1.574381188368782214e-01
8.292254652353049649e-02
8.526260396081331017e-02
1.864232633909014905e-02
2.626305374619713508e-03
1.673426688888807537e-02
2.564431386726798157e-01
7.308119870145790564e-02
6.690969957165991688e-02
5.014185683422010820e-02
7.781105983913996771e-02
9.879006174039217658e-02
3.646274788676009265e-02
6.222789114341514827e-03
3.336040890549992755e-01
4.139848991238520015e-01
2.900939562906722918e-02
3.750998376097677139e-02
3.056289777212781861e-02
3.109861403740068683e-02
2.362462367754214476e-02
1.696046803551455942e-03
4.277845156963081159e-03
4.139848991238520015e-01
3.093921740620448335e-01
2.468688518736778664e-02
1.944109371802272071e-02
4.244019510371236509e-02
5.366650088802366048e-02
5.152200347652662743e-02
3.234088571046491584e-02
3.717222167780292325e-02
4.000522662398704465e-01
9.989775384874850783e-02
2.846887476357150282e-02
2.606475935562042184e-02
1.953282469349900199e-02
3.031139824116011253e-02
3.848379536112638694e-02
1.420411024406399193e-02
2.424095487267513473e-03
1.299559011165024314e-01
4.139848991238520015e-01
9.916676359490789183e-02
2.193232797964638284e-02
1.859803140683931322e-02
5.472998189192808741e-03
3.540912139651426933e-03
2.187122135212386798e-02
2.630665591405146123e-02
4.139848991238520015e-01
3.043110258848512051e-01
2.428145243183458396e-02
1.912181260431176921e-02
4.174319971058478712e-02
5.278513585676446879e-02
5.067585752973994412e-02
3.180975129190782846e-02
3.656174222080627728e-02
3.709229438421359770e-01
2.886566628106090326e-01
2.050730820689968537e-01
2.059592546097397392e-01
3.335036992476342332e-02
1.716927690982892121e-02
9.268826588838479470e-04
8.787523535360813182e-03
1.518279283254754357e-02
1.940521540390227062e-01
3.709229438421359770e-01
9.753814767530348540e-02
2.157213332161005484e-02
1.829259590683438366e-02
5.383115131041425923e-03
3.482759733830118835e-03
2.151203024833060057e-02
2.587462166124279705e-02
3.709229438421359770e-01
3.709229438421359770e-01
8.692278684321701199e-02
7.093567439292351728e-02
9.128754878480143872e-03
8.268759582932730390e-03
1.098494756497577808e-02
6.104289366988173079e-03
3.279489969001666422e-02
3.376839884853249374e-01
2.023586708513443744e-01
1.437635837358044733e-01
1.443848224619216081e-01
2.337980514520013667e-02
1.203627874417442616e-02
6.497779786568015766e-04
6.160369088231436654e-03
1.064368217760993350e-02
1.360375180147539165e-01
4.231384553833848483e-01
2.275664232824929911e-01
6.116107439074068737e-03
1.379299399130684035e-02
1.268698693592934523e-02
1.508916456150876523e-02
7.002111186035379041e-03
5.238424298614254839e-04
3.713692931084040527e-01
2.918880632016181975e-01
6.093599032504869867e-02
4.972845125530281352e-02
6.399584495123854071e-03
5.796696956513441856e-03
7.700842124952717721e-03
4.279325724783933881e-03
2.299040059341749334e-02
2.367285840982139289e-01
4.231384553833848483e-01
4.231384553833848483e-01
2.024453835469278845e-02
2.837733551805543541e-02
1.389674639977616158e-02
3.892710726302921198e-03
1.218462453353830622e-03
5.471231354736347079e-03
1.453281418454414053e-01
4.838713930252264706e-01
2.677481670844903405e-01
7.196037679385890173e-03
1.622844357489142478e-02
1.492714719914168577e-02
1.775348092176580114e-02
8.238484433423929471e-03
6.163380713787076524e-04
4.369425247669549428e-01
4.354926370125715950e-03
6.031996818653738088e-03
1.036958975105350955e-02
2.028320204671053492e-02
7.450533387042168783e-03
1.121234016810549600e-02
4.206482320856586195e-03
1.030492134650921963e-03
1.876096193257066657e-03
4.838713930252264706e-01
4.838713930252264706e-01
2.381914677813394554e-02
3.338796410342612098e-02
1.635051570133943394e-02
4.580052482803711328e-03
1.433608191581827720e-03
6.437294860091724927e-03
1.709889492643147102e-01
4.098453643786708137e-03
3.942491470962926868e-03
9.789923412850103784e-03
1.041732820232109565e-02
3.141862807728040830e-02
2.773243635646626196e-02
7.132210045605139395e-03
1.308950888472800670e-03
1.318128192963124654e-03
7.696004976590949120e-02
1.065971582288768871e-01
1.832508923153402247e-01
2.789482673576048066e-01
1.316654683722661978e-01
1.981439372314336422e-01
7.433675365289724168e-02
1.821080753744726971e-02
3.315428187010407979e-02
2.773049521968031991e-02
7.988017237062371156e-02
1.550361830914623040e-01
2.789482673576048066e-01
2.789482673576048066e-01
2.789482673576048066e-01
1.046356086586677364e-01
5.440393179106278038e-02
8.407531855562459799e-02
7.242767605735499215e-02
6.967152002577295389e-02
1.730070566119897013e-01
1.840945239345803675e-01
2.789482673576048066e-01
2.789482673576048066e-01
1.260400735626779067e-01
2.313171726829681488e-02
2.329389815271710323e-02
4.300419777237808605e-02
1.121644572401645362e-01
1.335420037668101079e-01
2.789482673576048066e-01
2.789482673576048066e-01
2.789482673576048066e-01
8.034691327905670033e-02
2.783550041624044749e-02
5.222390952722070351e-02
1.474638883078432106e-01
9.934765996425219681e-02
7.566244384928644262e-02
1.165605018865510933e-01
2.601755406380619196e-01
2.601755406380619196e-01
1.670918873087421930e-01
2.127385896451946742e-02
4.947942057773657004e-02
1.197744557949318583e-01
1.154492019705700423e-01
2.601755406380619196e-01
2.601755406380619196e-01
2.601755406380619196e-01
2.601755406380619196e-01
6.509215843748683561e-02
9.170094034429022295e-03
5.842991544368894563e-02
1.014082286471518490e-01
1.554990343095108696e-01
1.406196633340421609e-01
1.380793766070593787e-01
2.601755406380619196e-01
2.601755406380619196e-01
1.039122348828109138e-01
4.405614757873673598e-02
7.205695796457910196e-02
6.120124535455245818e-02
2.200573517491650477e-01
2.546584431717867081e-01
1.549418103325841678e-01
2.601755406380619196e-01
1.730667893414506442e-01
6.252916475552401654e-02
4.573242257240249520e-02
7.351837728445539955e-02
8.871416545820209887e-02
8.551055012239031083e-02
2.934834474159043749e-01
2.934834474159043749e-01
2.144519317007400894e-01
2.205037216994177596e-01
4.821225423508925662e-02
6.792076274013274934e-03
4.327768514561280283e-02
2.934834474159043749e-01
1.890005178276331632e-01
1.730399622807885507e-01
1.296754442304679233e-01
2.012327501959957077e-01
2.554880483204977626e-01
9.429892167160930372e-02
1.609320024630689003e-02
2.934834474159043749e-01
4.533034502722015774e-02
1.629913839624831939e-01
1.886196110258260283e-01
1.147618104963234603e-01
2.022019251400175577e-01
1.281865626778070366e-01
4.631390417320904729e-02
3.387294624689252825e-02
5.445335938573039880e-02
4.780783473861034694e-02
4.869946359900309552e-02
1.640633128252265149e-01
2.934834474159043749e-01
2.540493567427781207e-01
1.233764361706965185e-01
7.081508646777209814e-02
8.386395946954210839e-03
2.312421318907684209e-02
9.793522337339730099e-02
2.790959257583524450e-02
2.555270695606847928e-02
1.914909470704981645e-02
2.971591895852427820e-02
3.772776613830981784e-02
1.392506493868675768e-02
2.376473182604620267e-03
1.274028665730129461e-01
4.762620306036695061e-01
9.721859370921036303e-02
2.150145881195094158e-02
1.823266580039411416e-02
5.365478997579197981e-03
3.471349534719103506e-03
2.144155264804385730e-02
2.578985136192838215e-02
4.762620306036695061e-01
7.059754146834375937e-03
7.191420443352742990e-03
2.422713054029741395e-02
5.147140045524024182e-02
3.751531541998396474e-02
1.821892398264760710e-02
1.045722114550257965e-02
1.238414035841899291e-03
3.414738626972853471e-03
4.762620306036695061e-01
1.224096288443321245e-01
1.456517132460571073e-01
8.419828529083769886e-02
2.095077484990133868e-02
8.954421494335298992e-03
1.381825357702023450e-02
4.428351929867743036e-02
4.762620306036695061e-01
3.691996199334962037e-01
6.372266354344768846e-02
1.409329402218501871e-02
1.195073888616194659e-02
3.516843845065645898e-03
2.275322343216044322e-03
1.405402807334556192e-02
1.690415339772596490e-02
3.691996199334962037e-01
2.720166700956414552e-01
5.678754038581761143e-02
4.634299728158908227e-02
5.963908373864728642e-03
5.402064703739432004e-03
7.176577927802938600e-03
3.987994305564633406e-03
2.142524139216535339e-02
2.206123828995799341e-01
3.691996199334962037e-01
8.023431831010632842e-02
9.546851855794660779e-02
5.518840377974904010e-02
1.373234404858819820e-02
5.869243385853322066e-03
9.057278961268106984e-03
2.902596811089291559e-02
3.691996199334962037e-01
1.344470119468439973e-01
3.691996199334962037e-01
3.691996199334962037e-01
1.968983571307316577e-02
8.782133277251349956e-02
2.356711865991269195e-02
1.352523377250960945e-02
8.344324232052500664e-03
4.348643591616714599e-02
2.326579253646601231e-01
4.857081489925154510e-02
3.963751779963929633e-02
5.100976160175869217e-03
4.620426998888593761e-03
6.138181646416664486e-03
3.410961839847964291e-03
1.832517180283688846e-02
1.886914478334124068e-01
3.774171690041837057e-01
3.774171690041837057e-01
1.613650192441991663e-02
2.261898597904382635e-02
1.107680852456595887e-02
3.102799037728433060e-03
9.712111671254688820e-04
4.361005113469746015e-03
1.158380497235557971e-01
1.149935511674054500e-01
3.340064583105021856e-01
3.774171690041837057e-01
1.684086613575524680e-02
7.511425339641274179e-02
2.015713570903649582e-02
1.156823524263317360e-02
7.136963935764693671e-03
3.719427915282315367e-02
3.527365836640301566e-01
3.774171690041837057e-01
2.525567252382061589e-01
2.825118970053874454e-02
7.416126592073802627e-03
4.070191554559444286e-03
1.692656618220229631e-03
5.892311966181497775e-04
4.524462844638909957e-03
4.601078612925698086e-01
4.601078612925698086e-01
2.201824925545874459e-02
3.086359568666038541e-02
1.511430000078229675e-02
4.233767821693368988e-03
1.325217178891286178e-03
5.950589417858534284e-03
1.580609641436376001e-01
3.788581292663270855e-03
3.644410973396864685e-03
9.049735320236867997e-03
9.629703829072057408e-03
2.904315552164000308e-02
2.563566620775733357e-02
6.592964054891455733e-03
1.209984857728233377e-03
1.218468292489493891e-03
4.601078612925698086e-01
4.601078612925698086e-01
3.446135323184139621e-01
3.854873500484972543e-02
1.011930123264226898e-02
5.553774454061214880e-03
2.309629156209744034e-03
8.040056895228878944e-04
6.173627414846459376e-03
8.777843701867226898e-04
2.427530196444890962e-03
1.123782028722568674e-02
3.061604141332527687e-02
4.417536721226968804e-02
3.584452735641321247e-02
4.132394995981156227e-03
2.948322369105968520e-04
1.975942268081648957e-03
5.653067907865372277e-02
5.437946588787460206e-02
1.350341047520285942e-01
1.436880073915677847e-01
2.813005090625689264e-01
2.813005090625689264e-01
9.837580518225255699e-02
1.805458571384672625e-02
1.818116985997610471e-02
3.356529762711320253e-02
8.754571845234873639e-02
1.042311526395480747e-01
2.406775449540247691e-01
2.813005090625689264e-01
2.453378327897263178e-01
6.271173972145598075e-02
2.172594547667288864e-02
4.076139440644335060e-02
1.309771196605393449e-02
3.622198387420596383e-02
1.676832468742286419e-01
2.813005090625689264e-01
2.813005090625689264e-01
2.813005090625689264e-01
6.166083747402600901e-02
4.399289675824285227e-03
2.948369049152639240e-02
1.570104797721183498e-01
1.328938701419434543e-01
2.064805162873591671e-01
2.737465866934397085e-01
2.813005090625689264e-01
2.121709095841259329e-01
4.389012739873717622e-02
1.374451204216662996e-02
7.467767578764399061e-02
9.390133473171917433e-02
1.439879886075355886e-01
1.302100850468056181e-01
1.278578467970385435e-01
2.491517734033524556e-01
2.491517734033524556e-01
9.621997820712255289e-02
4.079482617900127839e-02
6.672283521610844481e-02
5.667073276698349898e-02
2.037672812397987865e-01
2.358069757606799099e-01
1.434720139585749510e-01
2.491517734033524556e-01
1.602552646239513712e-01
5.790035097283189464e-02
4.234701244023954952e-02
6.807607081217226241e-02
3.071202869926800694e-02
1.086277730761537608e-01
2.491517734033524556e-01
2.491517734033524556e-01
2.491517734033524556e-01
2.491517734033524556e-01
5.469354415502947903e-02
1.840886906395581418e-02
3.320111108339290212e-02
1.930889811270138090e-01
1.704349424994050788e-01
2.491517734033524556e-01
2.491517734033524556e-01
2.491517734033524556e-01
2.194586936431364987e-01
8.707511389268404733e-02
4.072499267621534913e-02
6.093937119818308712e-02
5.720502947056813753e-02
2.056884172715576498e-01
2.380301848790309927e-01
1.448246808533177610e-01
2.466037469488469858e-01
1.617661654971185858e-01
5.844624062610987575e-02
4.274626383595574175e-02
6.871789805618364055e-02
6.033151950429723603e-02
6.145671842358515352e-02
2.070411473720403239e-01
2.466037469488469858e-01
2.466037469488469858e-01
1.556959838465887258e-01
8.936572412844384639e-02
1.058328647199332194e-02
2.918180517202125304e-02
1.949094411965681950e-01
1.720418182800218243e-01
2.466037469488469858e-01
2.466037469488469858e-01
2.466037469488469858e-01
2.215277697051780681e-01
8.789606580287750992e-02
4.110895152548380005e-02
6.151391300415526980e-02
7.330585370133814449e-02
1.939986074099977753e-01
1.869838568232370934e-01
2.466037469488469858e-01
2.466037469488469858e-01
2.331427024604373344e-01
5.262238054085296990e-02
2.433682503185356782e-02
7.156210779667876443e-02
7.334959974936729708e-03
7.471758933501515022e-03
2.517156109470646344e-02
5.347787675614996267e-02
3.897775068783351088e-02
1.892914050825093147e-02
1.086486823138416505e-02
1.286690328922200297e-03
3.547853173463194013e-03
4.832933736559095195e-01
1.271814442040655746e-01
1.513295597439243967e-01
8.748053256833722424e-02
2.176748535030006287e-02
9.303485913757193401e-03
1.435692161552372566e-02
4.600979507916531930e-02
4.832933736559095195e-01
8.912348093430404530e-03
2.358588068454737716e-02
2.273304430298751094e-02
3.719970640171733900e-02
3.488140742439013731e-02
2.834492492558696175e-02
6.397701536848471489e-03
2.958812226053241130e-03
8.700347690950479759e-03
4.832933736559095195e-01
5.117190971776808261e-02
9.123398947600069170e-03
3.458540595289217451e-02
1.018938350859925797e-02
2.891758912803501363e-02
1.164495619548038506e-02
2.880289434935024220e-02
4.832933736559095195e-01
3.354647531691594131e-01
5.829854474408959625e-02
6.936776952838326349e-02
4.010009301348195498e-02
9.977970659183762331e-03
4.264613389268643792e-03
6.581051523892360137e-03
2.109037300115332303e-02
3.354647531691594131e-01
9.768968325247112672e-02
2.837462169433483949e-01
3.354647531691594131e-01
1.430670556563799940e-02
6.381129678619155976e-02
1.712395332348861515e-02
9.827483586429415149e-03
6.063016049084185566e-03
3.159740100515468636e-02
3.354647531691594131e-01
2.345662833907692646e-02
4.182063547819344328e-03
1.585356141421087259e-02
4.670698890929667751e-03
1.325549787724502465e-02
5.337917052710075203e-03
1.320292307964846153e-02
3.354647531691594131e-01
1.915816644035866489e-01
3.354647531691594131e-01
3.354647531691594131e-01
2.680541020306622529e-02
4.218964726853664457e-03
1.301037326388017681e-02
6.738331428686441561e-03
4.211558515798925068e-02
2.557634790845337847e-01
1.129668930634520896e-01
3.281198943368207610e-01
3.702840462200707727e-01
1.654406098898719008e-02
7.379043211406421943e-02
1.980188428821781990e-02
1.136435548185605986e-02
7.011181353600728569e-03
3.653876337389016377e-02
3.465199180459484496e-01
3.702840462200707727e-01
2.481056396884886994e-01
2.775328784455058720e-02
7.285424018710449402e-03
3.998458082421673526e-03
1.662825064905275969e-03
5.788465257596087489e-04
4.444723248835190550e-03
2.215421800443874156e-01
3.702840462200707727e-01
3.702840462200707727e-01
3.099737666367294309e-02
4.878747901200695784e-03
1.504500164482998337e-02
7.792105988953182058e-03
4.870183469170919627e-02
2.957610735271591351e-01
3.462879931333307654e-03
4.486288545105104886e-03
1.356946785033014136e-02
1.792397371917767504e-02
8.846195247045565702e-03
1.177182541800663243e-02
7.391056886585080539e-03
8.111732490411294010e-04
2.663093772994203426e-03
5.666795580738062110e-01
5.666795580738062110e-01
5.666795580738062110e-01
6.876512409546771398e-02
1.805130583233200900e-02
9.907095251860046151e-03
4.120029762877885741e-03
1.434224780827383005e-03
1.101281936353266065e-02
1.565834809815629157e-03
4.330347420817494582e-03
2.004657497882663536e-02
5.461439621389461291e-02
7.880218658102298990e-02
6.394122586634928829e-02
7.371568864046613989e-03
5.259362040272107762e-04
3.524782726411652359e-03
8.580077774554412118e-03
1.111580690043549070e-02
3.362146300877388860e-02
4.441074816024606631e-02
2.191847385228874040e-02
2.916739235486120324e-02
1.831303544464479155e-02
2.009867423480407676e-03
6.598424475094083301e-03
1.412618883086828696e-02
1.177807338127148142e-02
4.386069131098660479e-02
8.586030395299436291e-02
4.482901420046137009e-02
2.208432513179995824e-02
1.527539037556825685e-02
4.936250551622160809e-03
1.247747303235275176e-02
1.025927785278150581e-02
2.837223767842627156e-02
1.313442397724035871e-01
2.887495637338785004e-01
2.887495637338785004e-01
2.887495637338785004e-01
4.829818108084588807e-02
3.445909885339477983e-03
2.309421475002192484e-02
1.229843916216457195e-01
1.040941457753268989e-01
1.617336671678241689e-01
2.144223587613877935e-01
2.887495637338785004e-01
1.661908827543663314e-01
3.437860086896408346e-02
1.076590845461780285e-02
5.849411158918584736e-02
9.255414128505724813e-02
7.716939656178781193e-02
2.873732376836573010e-01
2.887495637338785004e-01
2.887495637338785004e-01
1.446954853079163161e-01
1.000836570947810644e-01
3.234208720011828853e-02
8.175183099586841307e-02
7.174858569850842138e-02
1.015773695410477212e-01
9.811110706990254504e-02
1.360820303534670817e-01
2.887495637338785004e-01
2.887495637338785004e-01
1.727762250402683358e-02
2.157921201648435507e-03
4.260324142577685130e-02
3.388515687830421369e-02
1.198510579704567119e-01
2.652132404788944409e-01
2.652132404788944409e-01
2.652132404788944409e-01
2.652132404788944409e-01
6.034441234967339446e-02
2.031085026301670052e-02
3.663140812386603967e-02
2.130386918112227301e-01
1.880440664043383781e-01
2.652132404788944409e-01
2.652132404788944409e-01
2.652132404788944409e-01
2.421328898596211698e-01
9.607160514668731943e-02
4.493264770015787529e-02
6.723555038761939995e-02
1.512519895992968655e-01
1.633398289075045362e-01
9.451068369396622981e-02
1.244770439978815091e-01
2.295264930527975422e-01
1.566752184770603407e-01
3.372638466418020203e-02
1.220361027762778029e-02
8.450619970159725658e-02
2.658463800449658784e-02
7.586484537338872292e-02
7.609540819366630848e-02
1.114505133604141718e-01
2.652132404788944409e-01
2.652132404788944409e-01
6.258785665535657183e-02
1.599544435534504955e-02
4.916574331271896664e-02
1.973465804604861151e-01
1.741930217712022444e-01
2.436625796509610808e-01
2.436625796509610808e-01
2.436625796509610808e-01
2.242977434031282191e-01
8.899511442667437655e-02
4.162297608604992316e-02
6.228308032483146489e-02
7.422246694097274500e-02
1.964243576474502539e-01
1.893218949212640556e-01
2.436625796509610808e-01
2.436625796509610808e-01
2.360579087776584206e-01
5.328036852229510456e-02
2.464113164460720803e-02
7.245691731257143664e-02
2.462645333748199328e-02
7.027675435065311449e-02
7.049033425849177137e-02
1.032412352669394712e-01
2.436625796509610808e-01
2.436625796509610808e-01
5.797772876032573908e-02
1.481724385197825435e-02
4.554426820814701238e-02
2.436625796509610808e-01
2.436625796509610808e-01
1.018822023748870986e-01
2.141364237867226794e-01
2.409174520522040785e-01
1.403898176432380740e-01
6.963174586889589457e-02
4.314058816641335586e-02
1.437024739343219226e-01
9.614801770507722806e-03
2.544487322391868200e-02
2.452481796290171059e-02
4.013171380023278223e-02
3.763069107557029391e-02
3.057901593412108363e-02
6.901955738130752249e-03
3.192019962800473828e-03
9.386091914951827028e-03
4.190534065838956712e-01
5.520517859006579542e-02
9.842487236230660491e-03
3.731135935261734732e-02
1.099249059527629413e-02
3.119681639813825375e-02
1.256278864694727361e-02
3.107308160349090548e-02
4.190534065838956712e-01
3.564794216766541124e-02
3.626796918261209618e-02
1.319785261996645268e-02
2.773929985636489071e-02
3.120852270216098456e-02
1.818614124360673143e-02
9.020118315337550055e-03
5.588445393670979540e-03
1.861526378406239135e-02
4.190534065838956712e-01
2.945197981510412344e-01
1.583238598701880440e-01
2.119665494375740922e-01
1.840049008533309327e-01
2.902957430583674725e-01
3.660014882925141655e-02
6.223458231187603551e-02
4.190534065838956712e-01
3.063993840733133522e-01
2.287208282797277906e-02
4.077845395121006307e-03
1.545848638357432726e-02
4.554303813557711647e-03
1.292516729138303705e-02
5.204894718608891850e-03
1.287390267193689111e-02
3.063993840733133522e-01
1.868073976028284677e-01
3.063993840733133522e-01
3.063993840733133522e-01
2.613741214379679267e-02
4.113826986811093891e-03
1.268615124956275729e-02
6.570410390247646316e-03
4.106605340535390836e-02
2.493897841339181021e-01
3.063993840733133522e-01
1.220226324745671137e-01
6.559523090188740246e-02
8.781995818718722757e-02
7.623515475462369628e-02
1.202725622743243544e-01
1.516382442587388066e-02
2.578443830372222426e-02
2.391746290344118064e-01
3.063993840733133522e-01
2.911170203115682198e-01
1.453364156027352194e-01
2.093152743669352833e-01
2.207831990729058058e-01
1.621172538848685840e-01
1.318190635654604287e-02
1.116242488980398462e-02
7.471831349412999534e-02
2.630153424804153039e-01
3.560142062964002929e-01
3.560142062964002929e-01
3.680015082255174569e-02
5.792059777748931673e-03
1.786145762148113464e-02
9.250804631955850121e-03
5.781892066015614784e-02
3.511281690490514196e-01
4.111138343613410587e-03
5.326131204091112507e-03
1.610970079474932648e-02
2.127937932819358446e-02
1.050222161795169237e-02
1.397553591517576750e-02
8.774678293442457130e-03
9.630265887279687922e-04
3.161630532935963498e-03
3.560142062964002929e-01
3.560142062964002929e-01
2.046263028935348671e-01
2.947052915487325953e-01
3.108515479753292121e-01
2.282528722078163985e-01
1.855945567146654457e-02
1.571612817788782535e-02
1.051995962975723203e-01
3.210619325259801791e-03
1.948014979384177572e-03
6.962888675706123409e-03
3.943513081979953955e-02
3.413265165914804167e-02
4.547860046489798913e-02
1.673615213024727544e-02
3.183873406548248775e-04
4.478456708329499672e-03
5.110775227757050065e-02
6.621197620347550605e-02
2.002682781918201649e-01
2.645353078461226137e-01
1.305587153612199902e-01
1.737373369127024336e-01
1.090827033912149108e-01
1.197189688590323889e-02
3.930391452808012359e-02
8.414349827169172180e-02
7.015680655742435878e-02
2.612588609502792258e-01
2.821189391365339638e-01
2.670267348157988052e-01
1.315466185400600840e-01
9.098878678850559620e-02
2.940307500714092054e-02
7.432282288614432131e-02
3.991292031995612860e-02
2.421681263877339257e-02
8.655938084085851303e-02
2.821189391365339638e-01
2.821189391365339638e-01
2.821189391365339638e-01
2.080560286863564201e-01
3.958042754698254569e-03
5.567408267607811684e-02
8.135391783716815206e-02
3.722033881460164867e-02
1.496901928991106190e-01
2.821189391365339638e-01
2.821189391365339638e-01
2.615137814380544823e-01
4.686635689701430796e-02
1.714128758874421815e-02
6.045582636481489774e-02
8.575270748964068657e-02
7.149852614518782679e-02
2.662553274146819415e-01
2.803224047437115063e-01
2.721335094559133583e-01
1.340623926104602126e-01
9.272890928682722689e-02
2.996539652109507165e-02
7.574421579408108229e-02
6.647606899890222409e-02
9.411285477754098572e-02
9.090131407667750851e-02
1.260819060225161492e-01
2.803224047437115063e-01
2.803224047437115063e-01
1.600795910515837375e-02
1.999344200285157070e-03
3.947249954859678028e-02
8.290977749583268441e-02
3.793216222990872244e-02
1.525529552419837287e-01
2.803224047437115063e-01
2.803224047437115063e-01
2.665151231501851625e-01
4.776265637444802176e-02
1.746910754586384479e-02
6.161201876307786235e-02
7.350394268362596406e-02
1.084823927354890138e-01
1.741750355277372486e-01
2.803224047437115063e-01
2.376220688708836348e-01
2.803224047437115063e-01
6.242994637427350113e-02
3.081425272648472685e-02
4.736010731036275484e-02
2.023300801866569354e-01
2.185000063012979832e-01
1.264271250973670324e-01
1.665131834643084618e-01
2.594558325420460165e-01
2.095847439872155216e-01
4.511585025484742689e-02
1.632479316523726895e-02
1.130441074341629881e-01
3.556232188041279219e-02
1.014845509696186421e-01
1.017929753020086620e-01
1.490875681357748672e-01
2.594558325420460165e-01
2.594558325420460165e-01
8.372389738037640250e-02
2.139713697394707639e-02
6.576911029899779049e-02
7.955503380971369609e-02
2.473262391830783336e-01
1.569458257313749161e-01
6.805488574378110167e-02
1.478928620221328372e-01
1.749769360412293528e-01
1.160921558067230797e-01
3.183000241531049740e-02
4.569440152888719353e-02
1.575274228227589446e-01
2.240662888495718597e-01
2.594558325420460165e-01
2.594558325420460165e-01
2.594558325420460165e-01
2.449761412989817366e-01
1.975655938820574387e-01
4.447321877661027101e-02
8.293951662074544595e-02
2.963242013669532132e-02
8.456233149871887622e-02
8.481932707478094524e-02
1.242277000645096996e-01
2.487744416884525300e-01
2.487744416884525300e-01
6.976320924712579863e-02
1.782923383536557521e-02
5.480232463308258584e-02
2.487744416884525300e-01
2.487744416884525300e-01
1.225924084094344585e-01
2.487744416884525300e-01
2.487744416884525300e-01
1.689276974767099371e-01
8.378620827621360845e-02
5.191003413981726961e-02
1.729137372706115172e-01
1.312602363769127534e-01
1.867039624687063248e-01
2.487744416884525300e-01
2.487744416884525300e-01
2.487744416884525300e-01
2.041271648923504711e-01
1.646221723698344241e-01
3.705745389885620883e-02
6.910962143318370721e-02
6.714455382441046616e-02
2.452063525738192376e-02
1.780403246716871501e-01
1.553821704548230265e-01
2.487744416884525300e-01
2.487744416884525300e-01
4.795545876875709213e-02
4.449199342748392377e-02
7.045982822334369289e-02
4.556762883895736083e-02
4.636018962000700017e-02
1.687039456104676843e-02
3.545826331747999050e-02
3.989286036247460809e-02
2.324676499708868554e-02
1.153012988922555090e-02
7.143531716020436358e-03
2.379529867002677657e-02
3.275601627978665387e-01
3.275601627978665387e-01
2.023803463600687136e-01
2.709500875426952837e-01
2.352076029297162363e-01
3.275601627978665387e-01
4.678480428008256753e-02
7.955248396658938514e-02
3.275601627978665387e-01
9.240010293786446449e-03
3.374375273695269777e-03
2.450078731593856654e-02
2.138271494405973375e-02
3.699923060843140349e-02
4.196489230593657832e-02
6.599327978637551523e-03
6.122707708150296017e-03
9.696237460817422327e-03
6.875190785878797228e-02
2.138018281283971256e-01
2.014348223702155105e-01
2.354899520734939078e-01
2.994226678777362483e-01
3.275601627978665387e-01
1.138875696702827817e-01
3.701101861275006566e-02
1.474357178114460709e-01
2.805452001576333454e-01
1.802042359189848508e-01
9.687168867683403073e-02
1.296933867318241229e-01
1.125848339289507311e-01
1.776197148605241360e-01
2.239408656294796657e-02
3.807871465230781155e-02
2.805452001576333454e-01
2.805452001576333454e-01
2.805452001576333454e-01
2.146342624623648887e-01
2.805452001576333454e-01
2.805452001576333454e-01
2.394163711530799266e-01
1.946717026804101539e-02
1.648477997464479691e-02
1.103447476858135656e-01
3.290889423711838152e-02
1.023387127529819113e-01
9.641910270577053188e-02
1.127199836055183257e-01
1.433221159421939339e-01
2.191782102220197759e-01
5.451359972293078754e-02
1.771575124339369589e-02
7.057180804634682891e-02
3.827260147361910732e-03
1.229576433949260417e-01
1.397797949416748897e-01
2.327001841377489277e-01
2.805452001576333454e-01
1.629825745615146593e-01
1.156338764118341328e-02
1.598789704372197140e-02
4.258833759483213188e-02
3.239385008061941296e-01
3.239385008061941296e-01
2.966318851068061591e-01
3.239385008061941296e-01
3.239385008061941296e-01
3.239385008061941296e-01
2.690429453366850743e-02
2.278252923531832314e-02
1.525002119520276200e-01
4.654201582812485943e-03
2.823895791401124199e-03
1.009359385600665758e-02
5.716624416850681761e-02
4.947962535693612579e-02
6.592702305207015501e-02
2.426118385382992557e-02
4.615429967560027210e-04
6.492093328061463407e-03
5.289404307036876980e-03
1.699316648241225858e-01
1.931804531005957559e-01
3.215996062025969215e-01
3.239385008061941296e-01
2.252474874099837931e-01
1.598099685890749799e-02
2.209582004552679627e-02
5.885853786524537778e-02
3.806305507289512759e-03
3.913663889675623488e-03
1.343150350561039819e-02
3.923769818803737874e-02
1.252168286575565115e-01
6.564335001625867805e-02
2.644268161503079972e-02
2.450837136481124126e-03
5.558201830777490665e-03
3.054851324957894021e-02
1.853504118034309672e-02
6.625073713712216483e-02
2.846778865422194826e-01
2.846778865422194826e-01
2.846778865422194826e-01
1.592417266897427630e-01
3.029403024509945246e-03
4.261177680446397859e-02
6.226658478085071030e-02
2.848766776063670070e-02
1.145697384318966755e-01
2.846778865422194826e-01
2.846778865422194826e-01
2.001571709904056973e-01
3.587052796816021794e-02
1.311958250165372146e-02
4.627162327173511835e-02
2.498322690851606520e-02
2.568788890229107766e-02
8.815958129492054707e-02
2.575422060373899202e-01
2.846778865422194826e-01
2.846778865422194826e-01
1.735602971418848395e-01
1.608641770327251530e-02
3.648204729644195093e-02
2.826840851533620261e-02
4.976857399560811329e-02
1.375693248150553494e-01
2.469495404730335242e-01
2.846778865422194826e-01
2.302667265602158508e-01
9.302650113165783496e-02
3.231144361148408778e-02
6.586648397893406226e-02
8.777543931800942112e-02
4.015825762141979338e-02
1.615057122339858542e-01
2.627457939330289372e-01
2.627457939330289372e-01
2.627457939330289372e-01
5.056566635307904733e-02
1.849430351455018731e-02
6.522779553316765400e-02
7.781761157163090414e-02
1.148488147987732078e-01
1.843967107793224314e-01
2.627457939330289372e-01
2.515672109703160353e-01
2.627457939330289372e-01
6.609372422784585976e-02
3.262262488232241936e-02
5.013949320421354910e-02
3.984917407928364325e-02
7.015734783062688162e-02
1.939275771237897461e-01
2.627457939330289372e-01
2.627457939330289372e-01
2.627457939330289372e-01
1.311368213591143361e-01
4.554852603493562274e-02
9.285011516099048179e-02
2.027470564008293855e-02
1.985111333072388934e-02
1.822271336371901196e-01
2.627457939330289372e-01
2.178134931930033602e-01
2.254619659951062338e-01
6.259198408326938079e-02
3.544524394049540506e-02
4.662527500463155977e-02
7.070075028345783330e-02
2.197994248466339229e-01
1.394781335849320236e-01
6.048054098058636835e-02
1.314327429178466511e-01
1.555024247743456434e-01
1.031713786608589728e-01
2.828739986044669780e-02
4.060872476747595661e-02
1.399950003217607652e-01
1.991282509260959011e-01
2.556694477135372789e-01
2.556694477135372789e-01
2.556694477135372789e-01
2.177108871930316103e-01
1.755770194387483996e-01
3.952345671233681995e-02
7.370854831461390311e-02
2.556694477135372789e-01
8.494302007734937099e-02
8.762551202461955902e-02
2.556694477135372789e-01
2.556694477135372789e-01
2.556694477135372789e-01
6.304114585304929075e-02
5.502909075001712752e-02
1.492977420153269730e-01
1.535444536639034852e-01
5.877273233976656325e-02
9.100432261604232687e-02
2.008507349947216136e-01
2.556694477135372789e-01
2.556694477135372789e-01
1.163537759495720803e-01
3.478878100711572247e-02
4.084656087020811094e-02
1.380754834450835522e-01
1.963979388621125977e-01
2.424833938891615692e-01
2.424833938891615692e-01
2.424833938891615692e-01
2.147257825732744596e-01
1.731696259518756553e-01
3.898153777230622258e-02
7.269790649083382461e-02
7.063080934418140833e-02
2.579378691519008601e-02
1.872844707606112769e-01
1.634498679606954663e-01
2.424833938891615692e-01
2.424833938891615692e-01
5.044538495507045611e-02
4.680209080452223808e-02
7.411821823525915898e-02
1.514391558357622014e-01
5.796688033537125001e-02
8.975653281847398302e-02
1.980968053927409656e-01
2.424833938891615692e-01
2.424833938891615692e-01
1.147584115716514669e-01
3.431178074204406514e-02
4.028650041973214774e-02
2.424833938891615692e-01
2.424833938891615692e-01
1.634537389634936055e-01
2.267450184644410338e-01
1.990603102909038469e-01
1.915910665404125524e-01
6.104114514309603307e-02
3.138747537521283798e-02
6.220654080341873199e-02
2.333471394559861675e-02
8.521644376276274122e-03
6.187426694143797340e-02
5.399988969010584283e-02
9.343782474307030239e-02
1.059781024676328398e-01
1.666593712760769050e-02
1.546228071177307636e-02
2.448686963573216968e-02
1.736260082067013488e-01
3.570308387488463908e-01
3.570308387488463908e-01
3.570308387488463908e-01
3.570308387488463908e-01
3.570308387488463908e-01
2.876115692211480557e-01
9.346759415890636136e-02
3.570308387488463908e-01
1.128363165579005373e-01
8.352176810037081900e-02
5.400116857596055225e-02
7.491107908270180915e-02
6.576471998112534689e-02
6.329706219940089973e-02
2.016652044697620286e-02
1.036966397745871411e-02
2.055153903333496734e-02
1.235091995039825641e-01
7.251077940063058169e-02
5.466415084659528856e-02
9.213005333261507779e-02
1.045477738953515534e-01
5.767694665954295474e-02
9.542099179279376134e-03
8.095347679434986704e-03
3.500849342816780146e-02
8.686102151436506102e-02
2.701167977914885054e-01
2.544923476971573395e-01
2.975175297751097014e-01
3.100588784675626375e-01
3.100588784675626375e-01
1.438853254758765132e-01
4.675964615547357345e-02
1.862699880723227563e-01
1.010182000056725204e-02
3.100588784675626375e-01
3.100588784675626375e-01
3.100588784675626375e-01
3.100588784675626375e-01
3.100588784675626375e-01
3.052085723217313334e-02
4.219908025708824645e-02
1.124093225810456897e-01
6.178875703094904165e-02
3.627544303180296748e-02
2.734719315264051709e-02
4.609050583664232870e-02
5.230280032005368840e-02
2.885442426755096060e-02
4.773688519734111541e-03
4.049912661198459829e-03
1.751392854248793110e-02
4.035484345172109244e-02
1.571574373932398128e-02
5.587005341703062122e-02
3.701579077893770581e-02
2.474947791779875603e-02
2.860971473239176319e-02
1.469820416957305122e-02
5.459340735385544152e-03
1.591429079716337458e-02
1.459926590507885577e-02
3.803016841093865286e-01
3.803016841093865286e-01
3.803016841093865286e-01
3.803016841093865286e-01
3.803016841093865286e-01
4.410909225846666032e-02
6.098659386015588962e-02
1.624552397962266137e-01
1.050577021366240656e-02
1.080208970081312191e-02
3.707224477480993569e-02
1.082998303964580605e-01
3.456105208161809883e-01
1.811819755416630984e-01
7.298435092730436169e-02
6.764546812564258688e-03
1.534117298873575487e-02
5.832128171719785231e-02
2.271257275754124533e-02
8.074404076892949256e-02
5.349564457079337976e-02
3.576822880565401486e-02
4.134708724004041575e-02
2.124201292308575129e-02
7.889901726406403290e-03
2.299951523839178710e-02
2.353746002326089631e-02
2.893051200454359925e-03
1.028269653866131870e-03
3.716179239769357850e-02
1.630268518714912684e-01
1.627348373275090687e-01
3.190183373012849682e-02
1.899962616153385089e-03
3.940185381406947386e-03
2.860337634988322636e-02
2.941014611910527932e-02
1.009341864387893056e-01
2.948608949613141239e-01
2.992167063751843825e-01
2.992167063751843825e-01
1.987097390071203840e-01
1.841739105092481815e-02
4.176841256958149784e-02
3.236459127306674094e-02
5.698019945966802113e-02
1.575035597400369358e-01
2.827333182957691426e-01
2.992167063751843825e-01
2.636331113180735430e-01
1.065063385176489019e-01
3.699347507876456914e-02
7.541074805876266107e-02
6.408390947768134727e-02
7.876722087302324288e-03
2.799602818311010093e-03
1.011779919196332811e-01
2.992167063751843825e-01
2.992167063751843825e-01
8.685704502156237072e-02
5.172904475853629808e-03
1.072768612491877167e-02
8.014596669735234158e-02
2.920303710700949268e-02
8.679849955413819484e-02
1.928097909936955234e-01
2.992167063751843825e-01
2.197538733147369472e-01
4.615344357928166663e-02
1.308527836075144661e-02
2.852193663758857342e-02
4.322997010245458599e-02
7.610948330199442113e-02
2.103803542934959414e-01
2.565575950760256019e-01
2.565575950760256019e-01
2.565575950760256019e-01
1.422624432668631311e-01
4.941285394732423258e-02
1.007275005106264137e-01
2.199480764426947274e-02
2.153527784742128789e-02
1.976872475027553200e-01
2.565575950760256019e-01
2.362927467432720530e-01
2.445901144605175381e-01
6.790227559521079537e-02
3.845241140439143585e-02
5.058095408599192627e-02
1.070524177155956769e-01
3.900702500412785156e-02
1.159383262097893053e-01
2.565575950760256019e-01
2.565575950760256019e-01
2.565575950760256019e-01
6.164798959528502292e-02
1.747824304484039623e-02
3.809726678467717509e-02
2.565575950760256019e-01
6.352907344595570827e-02
1.668802146615196158e-01
1.652753973958693279e-01
2.565575950760256019e-01
2.397670746083057913e-01
3.306531083242481711e-02
7.442243088026981833e-03
9.329181886272694402e-02
