3.685545472022858648e-01
3.685545472022858648e-01
3.685545472022858648e-01
3.685545472022858648e-01
3.685545472022858648e-01
2.809090925416743989e-01
2.418908945655307841e-01
2.504590737824325189e-02
0.000000000000000000e+00
2.696157530411364411e-01
4.629888516999096371e-02
7.454225157563536264e-02
8.527010138879971557e-02
1.947866448068284739e-01
9.547334740361348993e-02
5.390143853705163524e-02
2.513355857267089710e-02
1.917989939508252251e-02
5.884004348666265968e-03
2.954085573672899159e-02
6.594145380353845509e-02
1.032007193972892117e-01
1.297998093307547451e-01
5.892366293309365954e-02
3.860041214313728042e-03
1.020926251646643752e-03
4.726523926927869365e-03
6.260306215033968613e-02
1.539379455888529973e-02
2.345470806278558348e-02
2.521161034846598759e-02
2.343978788113874542e-02
2.228261487879870661e-02
1.008813111828791610e-02
6.519118537715340098e-03
3.697723654546125616e-02
3.358168328030814997e-01
1.255321200430012940e-01
2.021095505585386309e-01
2.311964222100899025e-01
3.358168328030814997e-01
2.588609134577120607e-01
1.461452436290907042e-01
6.814567738009627562e-02
5.200327015296592192e-02
3.358168328030814997e-01
3.358168328030814997e-01
3.358168328030814997e-01
2.916661482246861725e-01
8.241312818603765966e-02
1.418984592039960468e-01
1.321134877511176420e-01
5.352447255200099008e-02
4.104841901922198777e-02
1.697383227276841322e-01
4.173784442947672813e-02
6.359373918617672317e-02
6.835730245168718244e-02
6.355328546841057524e-02
6.041579350274174642e-02
2.735237537363587046e-02
1.767556103881015236e-02
1.002579409815237271e-01
2.358687099788750463e-02
6.737859898021986149e-02
1.353184595908263343e-01
7.444547027042490439e-02
5.528608190692164276e-02
5.786273999679118069e-02
2.969788914871503149e-02
2.055401003146935940e-02
4.039074620578089747e-02
3.034612296026401035e-01
3.034612296026401035e-01
3.034612296026401035e-01
2.309449693561690942e-01
6.525576409645056364e-02
1.123570065022061470e-01
1.046091415336765917e-01
4.238135878492308578e-02
3.250266076545335614e-02
3.034612296026401035e-01
6.789894861709042106e-02
2.611086255991181271e-01
2.262806469325921999e-01
2.937254742002824992e-01
2.653430134141442909e-01
1.914136880758122994e-01
1.990238456985427284e-01
3.034612296026401035e-01
1.867638473978378358e-02
5.335123246720149814e-02
1.071468790387459513e-01
5.894687112288510278e-02
4.377622349913834476e-02
4.581645417804398879e-02
2.351516671077429066e-02
1.627492681532357113e-02
3.198190705896036823e-02
4.772255525258235764e-02
1.380528858755599442e-01
1.999505091277807289e-01
7.091052794465449449e-02
4.908736109801684760e-02
6.175813689285204744e-02
3.251761505442261890e-02
2.495115396882973107e-03
3.134057485565494572e-02
3.592293510535279344e-01
5.075170349074650811e-02
1.951680816151442621e-01
1.691355835799586982e-01
2.195478498254608835e-01
1.983331143473145153e-01
1.430739494373948761e-01
1.487622328505115721e-01
2.710784516359985852e-01
3.592293510535279344e-01
3.592293510535279344e-01
3.592293510535279344e-01
3.592293510535279344e-01
5.701747273927426640e-02
1.400651673231302630e-01
7.074729250072703257e-02
1.382967856083491820e-02
5.200576475702147622e-02
3.567066977220027801e-02
1.031889193087555806e-01
1.494548760880618776e-01
5.300273659485738031e-02
3.669080665208850067e-02
4.616169639684284537e-02
2.430559516871368814e-02
1.864997314051595892e-03
2.342580547562983506e-02
3.159046388768081692e-02
6.337194550788619041e-02
1.533044635370669692e-02
1.648126915884913848e-02
2.717103182687327298e-02
2.965304796215958993e-02
2.226086059541941900e-02
2.373614493137441578e-02
3.497279734820880198e-02
3.121348424055380710e-01
3.121348424055380710e-01
3.121348424055380710e-01
3.121348424055380710e-01
4.086193887721672330e-02
1.003786038037176170e-01
5.070150259223988459e-02
9.911128166421494592e-03
3.727026608986407086e-02
3.121348424055380710e-01
3.121348424055380710e-01
3.121348424055380710e-01
3.121348424055380710e-01
3.121348424055380710e-01
1.648139138550576421e-01
1.773019021082324898e-01
1.372001909923947494e-01
6.913694232611251878e-02
2.263950930242100354e-02
4.541591269249430074e-02
1.098666306607658412e-02
1.181140763757433480e-02
1.947229486683028227e-02
2.125104770766737122e-02
1.595338904556029003e-02
1.701066106177129278e-02
2.506348035000585672e-02
1.028293350931850508e-01
5.437783333587766638e-02
6.179491418241255668e-02
3.606391342750741441e-02
2.514959024150608888e-02
3.036726112843418212e-03
5.459821825438073047e-03
8.084857791550022557e-03
3.024103612061830593e-02
3.128630880458523889e-01
3.128630880458523889e-01
3.128630880458523889e-01
3.128630880458523889e-01
3.128630880458523889e-01
1.735503533320414127e-01
1.867003036187075415e-01
1.444728850071111959e-01
7.280174645658772647e-02
3.128630880458523889e-01
3.128630880458523889e-01
3.128630880458523889e-01
3.615278710393393657e-02
1.571728501064737285e-02
1.560054499638935908e-02
2.322497119156056306e-02
1.006380454486309195e-01
1.289080619457296795e-01
1.082801022128236507e-01
5.726028809176797463e-02
6.507053281868151184e-02
3.797558574687046745e-02
2.648271720801382081e-02
3.197696587195263205e-03
5.749235515200960996e-03
8.513419125503986912e-03
3.184404994153518936e-02
1.792097980176979299e-01
1.239080322945748103e-01
1.012974607300280161e-01
9.139798920185285280e-02
6.987674084043808687e-02
3.660548717299330623e-02
1.020550667335085558e-02
1.018820791633866067e-02
4.094583660730331115e-02
3.263033503361781884e-01
3.263033503361781884e-01
3.263033503361781884e-01
3.296799821984773560e-02
1.433271030424866296e-02
1.422625420803735885e-02
2.117902574698222323e-02
9.177258986039260602e-02
1.175522303310439498e-01
3.263033503361781884e-01
7.474931695311579083e-02
3.263033503361781884e-01
3.263033503361781884e-01
3.263033503361781884e-01
3.263033503361781884e-01
1.920499635832492169e-01
1.156856692436186718e-02
9.259282189518974271e-04
1.634227614330692746e-01
1.129926657208642493e-01
9.237391561048599598e-02
8.334651313719786125e-02
6.372112504116314580e-02
3.338081881450807170e-02
9.306478221787336733e-03
9.290703355281359002e-03
3.733881607796880886e-02
2.881868763186460139e-02
3.905749195034319970e-02
6.608901153618561286e-02
4.259868118595987185e-02
8.316980093791316586e-02
6.019606457195893212e-02
1.617688062525538331e-02
1.179086470612011710e-02
1.562230044474775814e-02
1.222880382911065850e-02
6.139515002744718591e-02
1.370469929976545209e-01
2.144834160121938949e-01
2.697646553781968271e-01
1.224618256892983092e-01
8.022374557358099428e-03
2.121804491562959312e-03
9.823197005131413181e-03
1.301087696020579998e-01
3.199312622685428209e-02
4.874622905978637927e-02
5.239762224806159691e-02
4.871522024952007479e-02
4.631025233933032392e-02
2.096629593345782083e-02
1.354877002334474445e-02
7.685027832441439222e-02
7.494253748086833478e-02
7.213289515308096700e-02
2.658774953744995617e-01
3.355322205096311627e-01
3.355322205096311627e-01
3.355322205096311627e-01
1.863056571877361456e-01
4.889160659090609207e-02
8.369341938184905738e-02
5.816003862634540333e-02
5.628961060933364291e-02
4.842167972756480920e-02
3.268210923185163042e-01
3.355322205096311627e-01
3.355322205096311627e-01
6.539461075673889956e-02
8.681072369286146548e-03
2.561719503369317905e-02
2.123676425794745193e-01
5.222019097041044611e-02
7.956513447731630717e-02
8.552505375021744738e-02
7.951452091794139476e-02
7.558905634604212720e-02
3.422185033822371797e-02
2.211473030226598566e-02
1.254374512129290409e-01
2.951064974103559044e-02
8.430055155366095176e-02
1.693033240754573121e-01
9.314224842090965129e-02
6.917103158174277289e-02
7.239481036949957371e-02
3.715643354280962624e-02
2.571609396035401743e-02
5.053477267775859788e-02
9.493065173996376171e-02
9.187768006247966357e-02
7.903539480799622041e-02
4.333315803457480353e-01
4.333315803457480353e-01
4.333315803457480353e-01
1.067391488389827781e-01
1.416952046941769884e-02
4.181319472502328938e-02
1.357250076335780042e-01
7.691334457534387825e-02
7.971312423200328789e-02
6.810052156437861048e-02
1.730305743568177346e-01
3.126922419386866658e-01
2.891298591101342796e-01
2.943996279126675705e-02
3.578156188983106639e-02
5.205652421419374593e-02
1.487054247104842575e-01
2.743697247854257615e-01
1.643020995076668600e-01
1.220170857657772862e-01
1.277038029339427894e-01
6.554361897849808605e-02
4.536296149657980531e-02
8.914289046982538933e-02
1.330166618262765554e-01
2.743697247854257615e-01
2.743697247854257615e-01
1.976482957715564315e-01
1.368207732498965823e-01
1.721379160570593037e-01
9.063606469096432972e-02
6.954613373238412513e-03
8.735531081584693713e-02
2.394177088051143987e-01
1.356744571676961053e-01
1.406132436319138534e-01
1.201287155967205172e-01
2.743697247854257615e-01
2.743697247854257615e-01
2.743697247854257615e-01
5.193183306220083145e-02
6.311835758565369214e-02
2.743697247854257615e-01
1.743484593423658136e-01
1.864497032744489302e-01
6.901190448374289188e-02
4.673852597813808740e-02
8.337650671203834796e-02
5.199228607466584856e-02
2.809013892790225564e-02
2.357238759197400335e-01
1.375298629256162530e-01
2.764254455477043737e-01
2.764254455477043737e-01
2.043544218576539284e-01
1.414630462987452320e-01
1.779784853610868467e-01
9.371130940983514457e-02
7.190580569307241342e-03
9.031924089343483508e-02
1.217984466222536560e-01
2.443333706568528996e-01
5.910722167759686202e-02
6.354427048138079626e-02
1.047591286219613643e-01
1.143286528569989885e-01
8.582774379751827165e-02
9.151576854714954523e-02
1.348391845777172360e-01
2.764254455477043737e-01
1.802640314787333775e-01
1.927758656832515571e-01
7.135345026385227218e-02
4.832434510733518013e-02
8.620543758870796713e-02
5.375636314176159697e-02
2.904322588820792625e-02
2.437218909152676083e-01
2.764254455477043737e-01
2.764254455477043737e-01
2.764254455477043737e-01
2.129502252566387588e-01
1.559910359207593578e-01
1.278623120262021573e-01
4.656249604537445602e-02
3.768536681638267466e-02
1.867574510879865812e-01
8.510887328483970893e-02
1.707323735169250511e-01
4.130224300461970283e-02
4.440271131823528977e-02
7.320234083911308920e-02
7.988921943323806785e-02
5.997369238904591560e-02
6.394830283016915418e-02
9.422132541351541102e-02
2.778498175708088991e-01
2.044229874890635124e-01
2.323060738880979581e-01
1.355753341230293008e-01
9.454503895988104756e-02
1.141598673744736309e-02
2.052514821287755586e-02
3.039346516372584336e-02
1.136853487772692961e-01
2.778498175708088991e-01
2.778498175708088991e-01
2.778498175708088991e-01
1.488028315628283083e-01
1.090015651096580274e-01
8.934610919870629442e-02
3.253638848155532975e-02
2.633333345387840752e-02
1.305001556295956600e-01
2.778498175708088991e-01
2.778498175708088991e-01
2.778498175708088991e-01
2.778498175708088991e-01
2.633308021469591420e-01
1.765958408686462144e-01
7.404772096666681347e-02
3.275943922370260636e-02
9.312545166100111294e-02
2.593806031505907495e-01
1.612622199072059892e-01
1.832582217551551040e-01
1.069506889312560605e-01
7.458330910411616055e-02
9.005676838621067340e-03
1.619157906549103382e-02
2.397635277312918853e-02
8.968243708760112454e-02
2.593806031505907495e-01
2.593806031505907495e-01
2.593806031505907495e-01
2.574042696069597236e-01
1.967939513288893272e-01
1.030920786294526187e-01
2.874178101906837632e-02
2.869306250837994066e-02
1.153158100893445226e-01
2.593806031505907495e-01
2.593806031505907495e-01
2.593806031505907495e-01
2.593806031505907495e-01
2.077325561365046536e-01
1.393103470145750922e-01
5.841368433573494723e-02
2.584278782449605030e-02
7.346344581485814151e-02
1.372487340604286732e-01
1.121578888804471152e-01
1.618194038905983734e-01
1.350854789402810008e-01
1.493163745024633504e-01
1.711174937290017850e-01
7.402149202541037643e-02
1.048999296347249977e-01
1.723815429810924560e-01
2.448742025330919447e-01
2.448742025330919447e-01
2.448742025330919447e-01
2.448742025330919447e-01
2.190223334616215045e-01
1.147365936318644059e-01
3.198823898870096355e-02
3.193401759713022925e-02
1.283410269484118460e-01
9.905563042641062077e-02
1.342484618813082342e-01
2.271612359869152886e-01
1.464202421051023217e-01
2.448742025330919447e-01
2.069059910546147962e-01
5.560319502181931134e-02
4.052757542803053087e-02
5.369699130762121270e-02
1.527513310016847814e-01
1.248264104300172567e-01
1.800973210820660253e-01
1.503437306608810808e-01
1.661820424190954548e-01
1.904456540434762146e-01
8.238240962305540260e-02
1.167486460504062185e-01
1.918524809044331036e-01
9.827507965521134481e-02
1.701186224952125903e-01
1.803060030544630377e-01
2.448742025330919447e-01
2.448742025330919447e-01
2.418189803081300659e-01
5.033279421367178180e-02
1.807123289002108418e-02
4.236584660697764043e-02
6.439321903223065025e-02
6.197907721241803503e-02
2.284511356419135220e-01
3.129543437818002038e-01
3.129543437818002038e-01
3.129543437818002038e-01
1.600802614042281524e-01
4.200935860824803886e-02
7.191227928714777340e-02
4.997311583085004699e-02
4.836597941631103070e-02
4.160558120148503264e-02
2.808159810093376341e-01
3.129543437818002038e-01
3.129543437818002038e-01
5.618931031073173127e-02
7.459077491908955131e-03
2.201117958165062574e-02
9.601901881744765235e-03
3.601753965523501327e-02
6.607162954558382095e-02
3.129543437818002038e-01
3.129543437818002038e-01
1.550316971000168798e-01
2.499261694884583399e-02
8.403593384944526776e-03
3.621642286856180740e-03
4.678353573384392422e-02
1.004588794895595882e-01
1.165317011410166581e-01
1.577421322427100259e-01
1.200798146562931656e-01
1.505621698495219762e-01
5.112880945984742131e-02
4.986708149263489875e-02
9.552365469365164952e-02
6.816644465307082623e-02
6.597421041611779835e-02
5.675260589773057501e-02
3.429447083282824438e-01
3.429447083282824438e-01
3.429447083282824438e-01
7.664572135856680124e-02
1.017464659870757383e-02
3.002462083373094726e-02
9.745947227071508068e-02
5.522883441735174093e-02
5.723926014927710471e-02
4.890064851529105083e-02
1.242473200594037264e-01
2.245335728015960264e-01
2.076142339417235971e-01
2.113982741524276718e-02
2.569351219503729356e-02
6.381565860472755702e-02
1.370321728949933926e-01
1.589565033936403970e-01
2.151700999268503500e-01
1.637963513707121344e-01
2.053761837191233064e-01
6.974288279360242593e-02
6.802180720697413585e-02
1.303002186770608750e-01
3.429447083282824438e-01
1.669691151706828303e-01
9.602966593934504635e-02
4.595820443071074041e-02
7.390291407497757113e-03
7.480326288198450857e-02
2.152554504820622661e-01
1.286688333973139975e-01
2.907399856822993622e-01
1.301842179746900419e-01
7.377346142717655653e-02
7.645894387038018603e-02
6.532040998267600596e-02
1.659668354498654574e-01
2.781877258822023635e-01
2.773265241067709441e-01
2.823811617334443316e-02
3.432082807551970621e-02
2.453068974752396769e-01
9.480258560595279660e-02
1.013826793913359531e-01
3.752546484969183221e-02
2.541423725137437889e-02
4.533626763842935059e-02
2.827098771067243499e-02
1.527411145725255520e-02
1.281756834017395985e-01
2.781877258822023635e-01
2.230336690521237952e-01
1.282743141473060011e-01
6.138995793773462800e-02
9.871788601704355876e-03
9.992055213675191117e-02
2.781877258822023635e-01
1.718729956490672728e-01
2.781877258822023635e-01
1.057783711409849142e-01
1.934392694808507729e-01
2.781877258822023635e-01
2.781877258822023635e-01
2.781877258822023635e-01
2.299743741017265530e-01
5.337079380623058200e-02
2.389056819456356756e-02
6.189545905707521251e-02
2.300204888023779648e-01
8.889492022135907223e-02
9.506497252913040374e-02
3.518704877890280192e-02
2.383053772750433688e-02
4.251111790984000993e-02
2.650926850840494911e-02
1.432229839266488045e-02
1.201883585504271712e-01
2.073628012409188537e-01
2.188042679805051460e-01
2.642596641641607458e-01
1.050137020126649112e-01
7.692500039897866293e-02
6.305367706274062067e-02
2.296170421412787113e-02
1.858406055370070628e-02
9.209706772351607118e-02
9.918674478782073256e-02
1.813850151688105872e-01
2.745743433005897738e-01
2.745743433005897738e-01
2.745743433005897738e-01
2.156434184580540148e-01
5.004496899773971247e-02
2.240181678721337930e-02
5.803841593322121156e-02
2.745743433005897738e-01
2.745743433005897738e-01
2.745743433005897738e-01
2.745743433005897738e-01
7.269225434577074318e-02
8.017345607436873745e-02
6.063169222729318519e-02
1.141132880586249315e-01
2.616071606874934563e-01
1.926019477418594028e-01
2.032289684315914113e-01
2.454486808774048456e-01
9.753843710725935978e-02
7.144919348226370925e-02
5.856528240308910699e-02
2.132720492126919526e-02
1.726117817745368571e-02
8.554125676694843139e-02
2.530842665030841321e-01
2.530842665030841321e-01
2.530842665030841321e-01
2.526909184928364804e-01
1.726101218226518130e-01
1.157564149624212696e-01
4.853737592616710894e-02
2.147341195614993481e-02
6.104259518802555157e-02
2.530842665030841321e-01
2.530842665030841321e-01
2.530842665030841321e-01
2.530842665030841321e-01
6.751774999642193298e-02
7.446641203105407170e-02
5.631570343368438869e-02
1.059902808594101464e-01
2.429849924388761406e-01
2.530842665030841321e-01
1.304485735483093267e-01
6.688434345488269983e-02
2.110367696428036288e-01
1.366754341884492963e-01
9.791351838016121301e-02
6.004861342932227980e-02
5.699913802140694347e-02
1.566397372160432400e-01
2.629680472691560689e-01
2.629680472691560689e-01
2.629680472691560689e-01
2.629680472691560689e-01
2.078471032748889502e-01
1.393871650246868710e-01
5.844589459929491054e-02
2.585703796153871609e-02
7.350395476372224846e-02
1.373244152633459336e-01
1.122197345798281731e-01
1.619086337638327711e-01
1.351599672888464387e-01
1.493987100002364399e-01
1.712118507214669960e-01
7.406230869010725637e-02
1.049577731763433608e-01
1.724765969910463659e-01
2.629680472691560689e-01
1.570786107561814859e-01
8.053824940708552427e-02
2.541182451618576033e-01
1.645766353962386241e-01
1.179017832319171066e-01
7.230705954649493949e-02
6.863505802450750592e-02
1.886164918621932862e-01
2.583112579566854139e-01
2.629680472691560689e-01
2.629680472691560689e-01
6.964721912745927557e-02
4.075034105864754064e-02
2.045473152739640463e-02
7.668210151109466043e-03
4.227627353942744332e-03
1.184582674095614740e-01
1.689613245188501256e-01
1.380730073046414486e-01
1.992092750536287038e-01
1.662982292788502958e-01
1.838173049900849176e-01
2.106557746176990209e-01
9.112484294367545479e-02
1.291380293913215460e-01
2.122118941502571243e-01
1.087040454368078113e-01
1.881716355178361388e-01
1.994401023873625112e-01
2.651330506457935110e-01
2.651330506457935110e-01
2.651330506457935110e-01
5.567411767418838781e-02
1.998895475911037153e-02
4.686171642588451286e-02
2.651330506457935110e-01
2.651330506457935110e-01
2.651330506457935110e-01
8.569260149597808518e-02
5.013843741231460011e-02
2.516710903096673266e-02
9.434818574218765616e-03
5.201591544551417180e-03
1.457487783461178521e-01
9.587236843660862373e-02
6.201679972307256455e-02
2.014761802542423819e-01
2.651330506457935110e-01
1.638685824284506765e-01
1.775582861713431160e-01
8.462100942641719026e-02
7.064033105825948643e-03
3.215873771974820522e-02
1.459841952999468666e-02
5.475989661225300759e-02
1.004531580322249318e-01
2.719114145503160884e-01
2.719114145503160884e-01
2.357051532692663598e-01
3.799796247297308055e-02
1.277655024012974184e-02
5.506227218548583567e-03
7.112816712255859430e-02
1.527344151568525987e-01
1.771710107801476031e-01
2.398260107628326088e-01
1.825654472442951870e-01
2.289098293108411675e-01
7.773458006096443940e-02
7.581628986961030936e-02
1.452310597869678199e-01
6.639900873287987726e-02
4.878932731794783512e-02
2.016371415002036482e-01
1.669612201198617807e-01
2.719114145503160884e-01
1.859756636832929078e-01
3.093647590759157628e-02
2.218424009373608230e-02
1.116284588756074614e-01
2.067791421937338336e-01
2.623390177692496716e-01
2.719114145503160884e-01
2.719114145503160884e-01
1.780568414486027595e-01
1.887581236550639197e-01
1.267036432212778618e-01
2.583077463741421248e-02
6.681348381285404092e-02
8.140864145129234064e-02
1.748098080378284180e-01
2.027783348797932705e-01
2.503495261585481080e-01
2.089524535406168670e-01
2.503495261585481080e-01
8.896990900448491224e-02
8.677435969251690029e-02
1.662219589240439555e-01
2.503495261585481080e-01
2.129998988894347411e-01
1.225035487225133723e-01
5.862816537582138388e-02
9.427679609796920865e-03
9.542535704387627993e-02
2.503495261585481080e-01
1.641408261392137413e-01
2.503495261585481080e-01
2.366658628704721434e-01
2.503495261585481080e-01
2.503495261585481080e-01
2.503495261585481080e-01
2.037921986442083611e-01
2.160401853625191770e-01
1.450166914015995345e-01
2.956421282785259494e-02
7.647033753112551790e-02
1.429409579915603690e-01
9.146632419907645140e-02
7.779185710417703403e-02
7.066922136197914539e-02
8.269697167458650577e-02
5.316767325850427911e-02
4.704967362315698454e-02
4.786893920666807772e-02
8.733690162429284809e-02
2.781978051434483845e-01
2.240561615498766479e-01
1.288623846589351807e-01
6.167139872510753185e-02
9.917045579395405985e-03
1.003786355075961395e-01
2.781978051434483845e-01
1.726609432686547485e-01
2.781978051434483845e-01
1.062633095423295843e-01
1.943260871647258525e-01
2.781978051434483845e-01
2.781978051434483845e-01
2.781978051434483845e-01
2.310286860950402921e-01
5.361547092828981148e-02
2.400009393051998410e-02
6.217921730218589627e-02
1.503606459103337123e-01
9.621409971541632078e-02
8.182982711952339894e-02
7.433747415205457787e-02
8.698955324304989689e-02
5.592746687181352622e-02
4.949189802034185959e-02
5.035368951831200451e-02
9.187032971201505860e-02
1.626570009556750629e-01
1.314836006489986941e-01
2.488764131770187238e-01
2.086688960418761896e-01
1.651521456660642873e-01
1.193075560435685883e-01
6.694701107154212016e-02
6.349725176560248874e-02
2.187135446473702227e-01
7.152082670125940733e-02
1.307917329462228717e-01
2.137071865867744558e-01
3.002560138897765185e-01
3.002560138897765185e-01
1.554945229203595902e-01
3.608604720937211296e-02
1.615333237983617928e-02
4.184990138405297183e-02
3.002560138897765185e-01
3.002560138897765185e-01
2.276076002942954424e-01
2.194193775499883314e-01
5.241638019988870828e-02
5.781086848048324484e-02
4.371984141297082654e-02
8.228394547084651178e-02
1.886377100424432296e-01
1.094767632139606456e-01
8.849541630668543435e-02
1.675069870638094816e-01
1.404452017919614326e-01
1.111561275514248992e-01
8.030029439788702317e-02
4.505887871963685370e-02
4.273700827777111161e-02
1.472057814810630305e-01
3.002560138897765185e-01
3.002560138897765185e-01
2.786945755681948800e-01
7.632760476294855878e-02
2.231489239410613251e-02
2.466412833345102418e-02
2.158068987307272535e-02
1.371887587257029570e-02
1.272774119088908307e-01
2.987095114130328688e-01
2.987095114130328688e-01
2.101251569833009758e-01
2.025658681575451814e-01
4.839030025252654549e-02
5.337044017465072260e-02
4.036173892395176349e-02
7.596375049388164047e-02
1.741485274849683684e-01
2.026728820271371523e-01
9.349312798265647928e-02
4.793633469934056868e-02
1.512510806103540273e-01
9.795594932997596371e-02
7.017509548893983984e-02
4.303713369812815770e-02
4.085155982148772763e-02
1.122644625415224473e-01
2.987095114130328688e-01
2.987095114130328688e-01
2.572881633387578693e-01
7.046491379126364196e-02
2.060089496710246215e-02
2.276968708962997731e-02
1.992308623053038255e-02
1.266513483131039008e-02
1.175012878445353126e-01
6.172474841423095104e-02
2.144343724605806967e-01
2.987095114130328688e-01
2.987095114130328688e-01
2.614599698805222250e-01
1.600884310827188628e-01
2.000082245100058900e-02
4.406546771038907101e-03
1.504277393689009736e-02
2.672193509080408313e-01
1.232684546842467976e-01
6.320291158416169175e-02
1.994209347623864537e-01
1.291525779656712003e-01
9.252418616099536419e-02
5.674343215890383790e-02
5.386180523952531496e-02
1.480180106501317872e-01
2.027114286444082480e-01
2.850364740714968481e-01
2.850364740714968481e-01
5.465610520469392497e-02
3.197909343591401332e-02
1.605198272524238287e-02
6.017677460800437660e-03
3.317657880933768972e-03
9.296089071487591282e-02
8.138260551307710533e-02
2.827265949354637598e-01
2.850364740714968481e-01
2.850364740714968481e-01
2.850364740714968481e-01
2.110727701404219170e-01
2.637060636591590998e-02
5.809926597606062705e-03
1.983353790140478592e-02
1.231386466688020737e-01
9.864348556341556717e-02
1.132962134051326147e-01
8.184018755881793117e-02
2.850364740714968481e-01
2.850364740714968481e-01
1.204558931007970735e-01
2.239338314549873393e-02
4.387143704584376552e-02
2.685152147454366034e-01
2.790553356967334642e-01
2.790553356967334642e-01
7.239846280167981651e-02
4.236008398111450191e-02
2.126274585198328557e-02
7.971124107117161933e-03
4.394629470613198308e-03
1.231376726026567892e-01
8.099896582428438296e-02
5.239566648050504594e-02
1.702196629220774915e-01
2.790553356967334642e-01
1.384464150019649731e-01
1.500123318943624440e-01
7.149311488094568789e-02
5.968136444847901324e-03
2.716971052234237738e-02
1.631116724638994042e-01
1.306649402375940072e-01
1.500742078321057604e-01
1.084069886148917583e-01
2.790553356967334642e-01
2.790553356967334642e-01
1.595580486981392765e-01
2.966267923027781847e-02
5.811289683237400028e-02
7.413167812137737289e-02
3.209579854540444560e-02
3.401347923908217691e-02
2.790553356967334642e-01
2.790553356967334642e-01
2.790553356967334642e-01
2.790553356967334642e-01
2.496502709550779339e-02
5.007178661572339595e-02
6.859854173719748260e-02
5.040552216395824403e-02
2.083165717520943927e-01
1.724919760920201883e-01
3.230939119808518001e-01
1.921362919528639135e-01
3.196127734807345522e-02
2.291911504432726093e-02
1.153262622645972874e-01
2.136289063173114899e-01
2.710292578634213023e-01
3.230939119808518001e-01
3.154715216789245602e-01
1.839551508794905754e-01
1.950109236702361748e-01
1.309008270399946994e-01
2.668644466060159787e-02
6.902674671518169158e-02
1.835207787721984951e-01
2.176460486087321289e-01
8.466456225625645926e-02
4.059410076246520310e-02
6.450824817068971651e-02
8.875393585995566825e-02
2.166820352442944825e-02
2.871690389231930721e-02
1.357072372292289220e-01
6.457206668248631487e-02
3.230939119808518001e-01
3.230939119808518001e-01
3.488976796176050665e-02
3.864144258668266579e-02
4.208999233699821374e-02
4.028532611253302087e-02
3.041378260123572472e-02
6.611210644043881424e-02
2.209237932540548399e-01
2.802842216543532938e-01
3.292201516321585641e-01
3.262440763958029954e-01
1.902367541055269839e-01
2.016700535797964766e-01
1.353707592680079008e-01
2.759771926242719775e-02
7.138383556415299480e-02
1.334330953684998433e-01
8.538234898762951663e-02
7.261745292407535690e-02
6.596858651365232473e-02
7.719629882984792302e-02
4.963117161172315300e-02
4.392011691978563864e-02
4.468488822307591091e-02
8.152759913860113672e-02
6.677703947311104671e-02
3.292201516321585641e-01
3.292201516321585641e-01
3.608116531017088041e-02
3.996095013648875288e-02
4.352725914025907389e-02
4.166096812777723285e-02
3.145233636822997864e-02
6.836966769442283376e-02
2.510441784414279009e-01
1.240083369598806995e-01
7.779677569598469900e-02
1.728440378994599569e-01
1.374727164721337436e-01
1.343639666102001973e-01
6.404012333036214477e-02
7.656722617918709783e-02
3.292201516321585641e-01
2.107262596704499169e-01
1.348413824497675384e-01
1.146822248200492639e-01
1.041819006999532143e-01
1.219134373514389330e-01
7.838078797405791109e-02
6.936151737494779257e-02
7.056929416975711578e-02
1.287537097070519665e-01
2.279592589742030218e-01
1.842706062149367108e-01
2.466396950846088676e-01
2.466396950846088676e-01
2.314561348287426656e-01
1.672062186436506226e-01
9.382437242012883760e-02
8.898963078342757294e-02
2.466396950846088676e-01
2.466396950846088676e-01
1.958420655935523003e-01
1.228617496398571735e-01
2.466396950846088676e-01
2.171058931736950526e-01
2.121963523371647731e-01
1.011363456792544746e-01
1.209199647323061788e-01
2.466396950846088676e-01
7.664558459914085076e-02
6.262658613611571390e-02
1.116394146209485350e-01
1.188057368216151183e-01
2.466396950846088676e-01
1.723012660984165889e-01
7.485163779801577710e-02
4.871766568150056459e-02
1.074243826886078224e-01
1.264157819945538053e-01
1.021880527603743899e-01
1.934248523391012275e-01
1.621758763292485972e-01
1.283549894550392312e-01
9.272492365217530064e-02
5.203070699129210691e-02
4.934958033955832296e-02
1.699825007036280256e-01
3.240717268411036911e-01
3.240717268411036911e-01
3.218161706081648643e-01
8.813755139089564372e-02
2.576761030659988072e-02
2.848033663905070664e-02
2.491980678086525708e-02
1.584155733694574825e-02
1.469706729021520719e-01
4.250413673535672482e-02
3.472984118158707612e-02
6.191011483467984827e-02
6.588422945980554335e-02
1.660204544687005068e-01
9.555040400858620664e-02
4.150929586448637992e-02
2.701658985816003666e-02
5.957265084985804288e-02
3.108365824202583005e-01
3.240717268411036911e-01
3.240717268411036911e-01
1.152490989476056271e-01
9.245160206000466174e-02
1.404039837530218771e-01
6.094589726956786691e-02
9.205780341169843284e-02
3.019097200250416835e-01
2.913999671841513983e-01
2.913999671841513983e-01
2.285069472931894607e-01
6.258244504050161638e-02
1.829640182180540184e-02
2.022258474760043126e-02
1.769441530508091345e-02
1.124836548951110848e-02
1.043571544059774953e-01
5.481998724521714578e-02
1.904469417086345484e-01
2.913999671841513983e-01
2.913999671841513983e-01
2.322120799552823966e-01
1.421803405526414488e-01
1.776345566124517411e-02
3.913613971541296012e-03
1.336003299387890191e-02
2.207108437766583664e-01
2.913999671841513983e-01
2.913999671841513983e-01
8.183311525036195133e-02
6.564565515515591310e-02
9.969444871143341713e-02
4.327489482208123767e-02
6.536603674194012281e-02
2.143722869820061938e-01
2.300698459686767797e-02
2.690227483878648851e-01
2.913999671841513983e-01
1.334990436369199729e-01
7.538649154038601363e-02
3.461352630576185890e-02
4.136722974408809511e-02
2.156531030230185095e-02
4.396701535951356987e-02
7.233341961424018252e-02
2.512893424662605568e-01
2.905138429972358716e-01
2.905138429972358716e-01
2.905138429972358716e-01
1.876029300788840115e-01
2.343837634248811461e-02
5.163902726671061594e-03
1.762818492247367891e-02
1.094464762349354747e-01
8.767500854126927812e-02
1.006984538436916932e-01
7.274012168421994939e-02
2.905138429972358716e-01
2.905138429972358716e-01
1.070620264089228862e-01
1.990339298470279392e-02
3.899323503972627891e-02
3.035706417550806946e-02
2.905138429972358716e-01
2.905138429972358716e-01
1.761482048197956507e-01
9.947033919297129656e-02
4.567156704002433426e-02
5.458288733219039679e-02
2.845481579975727218e-02
5.801323077584092519e-02
9.956512726214943043e-02
1.078881774203898775e-01
2.905138429972358716e-01
2.532080233851500828e-01
1.503896621907135078e-01
9.657038305812894186e-02
2.688848230039537004e-02
1.818288527416551600e-02
4.614723864727692665e-02
1.457460428794913332e-01
1.167537411335747982e-01
1.340966075536056124e-01
9.686547487641905541e-02
2.617947319566239495e-01
2.617947319566239495e-01
1.425707544778799796e-01
2.650465201975965926e-02
5.192592673254082386e-02
6.623927383613943676e-02
2.867873010182855897e-02
3.039224556266589480e-02
2.617947319566239495e-01
2.617947319566239495e-01
2.617947319566239495e-01
2.559969599156723952e-01
2.230713384632140861e-02
4.474091062221887544e-02
1.325873961999631812e-01
1.436709108728993489e-01
2.617947319566239495e-01
2.617947319566239495e-01
2.002686510183273316e-01
1.285994001293052358e-01
3.580645105380698967e-02
2.421351210205055851e-02
6.145266301875933201e-02
6.508918120722873013e-02
1.206329426344828620e-01
2.245813487763532457e-01
2.617947319566239495e-01
2.617947319566239495e-01
2.253384136332890197e-01
2.757260761919653330e-02
1.763800740367319278e-02
3.814877338732756973e-02
1.975235587903225731e-01
2.342526136030154693e-01
9.112453506444032070e-02
4.369146263512784650e-02
6.943027833278905825e-02
9.552593109615899192e-02
2.332150452593157591e-02
3.090802628563096496e-02
1.460618063548703160e-01
6.949896624731896622e-02
3.663274761982853733e-01
3.663274761982853733e-01
3.755188474723011871e-02
4.158981510201473913e-02
4.530149191542523490e-02
4.335912823611928757e-02
3.273437817702492397e-02
7.115651225221553133e-02
2.639420952006473198e-01
1.469034820440078826e-01
2.222961450344402567e-01
7.405638343072049046e-02
1.163871037090188215e-01
6.780618736003996005e-02
2.069025876952557130e-02
1.122258976761546408e-02
1.469108940471354208e-01
3.663274761982853733e-01
3.663274761982853733e-01
2.866991440366468691e-01
1.131309630870201005e-01
1.504172880398987194e-02
4.405033984168323265e-03
8.563511097218728940e-03
3.702024808189480903e-02
1.455584848177396973e-01
6.643181765824765495e-02
3.545279152352300844e-01
3.545279152352300844e-01
3.589463404929072593e-02
3.975436128740779396e-02
4.330223330031479634e-02
4.144559057975298610e-02
3.128973507999667503e-02
6.801621236083352229e-02
2.497463382320347369e-01
1.233672426034781722e-01
7.739458439927256184e-02
1.719504742895309191e-01
1.367620143947555211e-01
1.336693360489861759e-01
6.370905073752752834e-02
7.617139136846179381e-02
3.545279152352300844e-01
3.545279152352300844e-01
3.545279152352300844e-01
2.740464540384863201e-01
1.081382345250176680e-01
1.437790285420273255e-02
4.210629743373241890e-03
8.185583735164704902e-03
3.538645972787258370e-02
1.391346554366327259e-01
1.549749928262687815e-01
1.492866967017267843e-01
1.268822395915173429e-01
5.386623743722408764e-02
5.531414604677023505e-02
6.388276952597536640e-02
4.483162569008087434e-02
3.184378557818233479e-02
1.110017078785665579e-01
2.521899881112378838e-01
1.883055609734908820e-01
1.181337146235634239e-01
2.521899881112378838e-01
2.087511019699405668e-01
2.040304928477728597e-01
9.724435988877717929e-02
1.162666545759784009e-01
2.521899881112378838e-01
7.369606606394749071e-02
6.021655459195776605e-02
1.073432438186148891e-01
1.142337875739792008e-01
2.521899881112378838e-01
1.656706717771325166e-01
7.197115493354948323e-02
4.684288504448851087e-02
1.032904171180026726e-01
2.365510677320634692e-01
2.278685538806513311e-01
1.936707897464178540e-01
8.222046504476027140e-02
8.443052694778320488e-02
9.750952115217226268e-02
6.843019465108991783e-02
4.860578691940484197e-02
1.694310290963715326e-01
2.196072271756361882e-01
1.725114316415449489e-01
1.911370794533885920e-01
1.822849541399726714e-01
2.521899881112378838e-01
2.168410574286024906e-01
8.305092800465799230e-02
7.759244366706526119e-02
1.818328613615773359e-01
5.020236936783420423e-02
4.102001473268179071e-02
7.312310497886753691e-02
7.781700034163846480e-02
1.960896236935054937e-01
1.128562310334985663e-01
4.902734564784636678e-02
3.190976049139257475e-02
7.036228593010844523e-02
2.749324962247620685e-01
2.749324962247620685e-01
2.749324962247620685e-01
1.361226995551451657e-01
1.091961825777667677e-01
1.658335680823571634e-01
7.198425097375986403e-02
1.087310601986930803e-01
2.749324962247620685e-01
1.495982584056892994e-01
1.175162131982439018e-01
1.302041584456062884e-01
1.241740175112333588e-01
2.749324962247620685e-01
1.477139207090988615e-01
5.657497864829607453e-02
5.285661399818587791e-02
1.238660481736321012e-01
2.704696236920428043e-01
2.749324962247620685e-01
2.749324962247620685e-01
2.749324962247620685e-01
2.021190082946618394e-01
1.356506824886189178e-01
1.326769313589416452e-02
3.405200585419901945e-03
2.931900856453982865e-02
2.699512681145153636e-01
2.699512681145153636e-01
2.699512681145153636e-01
1.058647867095411921e-01
8.492360653932130854e-02
1.289714013290543804e-01
5.598329595789394708e-02
8.456187347337867921e-02
2.699512681145153636e-01
2.976337280727343881e-02
2.699512681145153636e-01
2.699512681145153636e-01
1.727032844504566844e-01
9.752500345718290164e-02
4.477837081496619659e-02
5.351541292573613190e-02
2.789832659423483255e-02
5.687866933880948717e-02
2.103485246556418553e-01
2.483305332804482124e-01
2.699512681145153636e-01
2.699512681145153636e-01
1.571911648313294718e-01
1.054976915355961692e-01
1.031849580231153536e-02
2.648278610817904073e-03
2.280185889909425861e-02
1.764454794645918534e-01
1.818369076270920370e-01
2.699512681145153636e-01
1.648304118907105709e-01
7.889919217961197107e-02
4.058187421908557302e-02
1.239270746533768612e-02
1.066323481487636490e-02
8.831926545397378314e-02
3.747387907801483925e-02
2.828846444453872455e-01
2.828846444453872455e-01
2.174438374232522952e-01
1.227898534988731555e-01
5.637866595618105242e-02
6.737912822497689469e-02
3.512567355994805629e-02
7.161367062539561457e-02
1.229068633856620768e-01
1.331811433155965230e-01
2.828846444453872455e-01
2.828846444453872455e-01
1.856465428585528377e-01
1.192100407442423238e-01
3.319213374820671053e-02
2.244562386250880878e-02
5.696585252297065027e-02
2.221554863467164187e-01
2.289436191409258969e-01
2.828846444453872455e-01
2.075314166700354679e-01
9.933883522667490140e-02
5.109502397771209514e-02
1.560316513899216197e-02
1.342565490210518436e-02
1.111992748709079576e-01
1.495006774803927241e-01
2.828846444453872455e-01
2.245104259946287539e-01
3.102584549262319205e-02
1.510493497498388571e-01
2.121905203318063537e-01
8.745156064520132055e-02
5.003743903814081989e-02
1.839241774996001888e-01
1.435889226847513467e-01
1.555920992841872963e-01
2.452172895282704879e-01
2.452172895282704879e-01
2.168860741776754142e-01
1.392700200147481415e-01
3.877751490214312313e-02
2.622264420898699419e-02
6.655173818833289012e-02
7.048999886748762156e-02
1.306425404648048627e-01
2.432161340377383685e-01
2.452172895282704879e-01
2.452172895282704879e-01
2.440360168495702142e-01
2.986046288803200985e-02
1.910153267946750055e-02
4.131419297328806778e-02
1.746577906938457381e-01
2.452172895282704879e-01
2.452172895282704879e-01
3.624669613193477052e-02
1.764670646158703338e-01
2.452172895282704879e-01
1.021674057431810195e-01
5.845745117459991147e-02
2.148738790931297715e-01
9.625377951679735256e-02
1.315071658350132899e-01
2.005065782776326855e-01
2.188791746773734725e-01
1.992679508111184494e-01
1.859812827843109750e-01
6.682955410628357851e-02
2.281358561152556363e-02
2.344842217156419342e-02
2.643309065798709612e-01
1.471198846054214693e-01
2.226236080360551595e-01
7.416547540621656887e-02
1.165585527925102061e-01
6.790607221246303116e-02
2.072073745479385831e-02
1.123912169141750260e-02
1.471273075271224695e-01
3.114757340842302935e-01
3.114757340842302935e-01
2.871214786761078219e-01
1.132976155709951444e-01
1.506388667660106366e-02
4.411523011004340328e-03
8.576125949571761914e-03
3.707478236792819543e-02
1.457729060725102277e-01
1.033906073276769921e-01
1.978963824104706115e-01
1.590710379118432938e-01
1.924104599646969671e-01
1.854917154499640952e-01
1.580454442099883949e-01
3.053508138584578452e-02
1.284490064224157006e-02
6.985337345970067668e-02
3.114757340842302935e-01
3.114757340842302935e-01
3.114757340842302935e-01
1.051413444710652817e-01
2.551583798102882716e-02
1.850205844466738673e-03
2.313114456725029119e-03
1.822153199084405525e-02
1.418871421873155458e-01
3.183014026086489201e-01
3.183014026086489201e-01
2.838694374619546434e-01
1.120143659966301580e-01
1.489326767399798412e-02
4.361556513495614892e-03
8.478989660171283235e-03
3.665486003811088689e-02
1.441218296687506450e-01
1.605299517142636523e-01
1.546377630097749145e-01
1.314302354435818165e-01
5.579703110243296182e-02
5.729683887746975235e-02
6.617259804537953261e-02
4.643858067713192705e-02
3.298520147050779117e-02
1.149804783402880032e-01
3.183014026086489201e-01
3.183014026086489201e-01
3.183014026086489201e-01
1.039504757589509720e-01
2.522683641587052800e-02
1.829249747108169406e-03
2.286915289804434832e-03
1.801514836084721835e-02
1.402800773439637494e-01
8.909298072517307654e-02
6.719910764364606104e-02
3.183014026086489201e-01
3.183014026086489201e-01
1.829370920090896135e-01
3.833649703083757965e-02
1.187288588802622169e-02
7.311847079218407666e-03
4.471254667892878010e-02
1.978777569981860218e-01
1.906147317981935208e-01
1.620078989222584476e-01
6.877838835558824915e-02
7.062713119319262434e-02
8.156786404115509703e-02
5.724266458963668536e-02
4.065931380042518001e-02
1.417310533616331636e-01
1.837040346117862211e-01
1.443078464073565548e-01
1.598884203907316726e-01
1.524835132031232277e-01
3.226867047338792260e-01
1.813901010063828645e-01
6.947308041236124887e-02
6.490699391066766244e-02
1.521053322640066319e-01
1.098207468570080170e-01
8.283319437155749199e-02
3.226867047338792260e-01
3.226867047338792260e-01
2.254979899511986574e-01
4.725560534106683364e-02
1.463515065898629910e-02
9.012971623668148205e-03
5.511506327648746373e-02
3.226867047338792260e-01
3.226867047338792260e-01
2.081894867980812747e-01
7.652205187639277151e-02
3.169486464846399398e-02
1.082631169440567698e-02
9.976833755791857106e-03
9.905374059277018833e-03
2.047439455927592966e-01
1.495233905105038119e-01
1.174574010728482582e-01
1.301389965153063599e-01
1.241118734232816156e-01
2.843736049708956437e-01
1.476399958489370556e-01
5.654666515309429708e-02
5.283016139453360072e-02
1.238040582119137034e-01
2.703342645531514599e-01
2.843736049708956437e-01
2.843736049708956437e-01
2.843736049708956437e-01
2.020178558822656734e-01
1.355827947926882826e-01
1.326105319055230318e-02
3.403496419855196395e-03
2.930433558315925779e-02
2.843736049708956437e-01
2.843736049708956437e-01
1.694529899709326659e-01
6.228407922318332512e-02
2.579760229014473397e-02
8.811928571367340715e-03
8.120507602776034714e-03
8.062343958573390396e-03
1.666485387554102748e-01
2.543507260275338355e-01
1.090360221476100039e-01
2.043643222313663299e-01
2.753740281180666605e-01
3.775815785723186935e-02
5.770169379329580239e-02
6.686965366003444489e-02
2.030755388546744145e-02
6.931729961229458892e-02
2.593297808336709753e-01
2.593297808336709753e-01
2.593297808336709753e-01
2.593297808336709753e-01
2.316739722071750607e-01
1.554862786529050966e-01
1.520776891175580452e-02
3.903127926673396596e-03
3.360619682746841808e-02
2.593297808336709753e-01
2.593297808336709753e-01
2.593297808336709753e-01
2.429329683016302199e-01
1.162844570545790296e-01
5.981102061325049846e-02
1.826481639713675720e-02
1.571585762336610848e-02
1.301680986466227652e-01
2.593297808336709753e-01
1.250424535706790019e-01
2.343648985976790611e-01
2.593297808336709753e-01
4.330103582085577385e-02
6.617227247459593620e-02
7.668608408836309620e-02
2.328869224906224625e-02
7.949304319522242090e-02
1.867969952175836390e-01
1.572994511197256529e-01
9.856063537444927081e-02
1.571383276614590208e-01
1.271759990063250356e-01
3.308604973658227366e-02
3.602297145666498446e-02
4.485882171227041637e-02
1.329958178130548341e-01
2.553806684933120352e-01
2.553806684933120352e-01
2.553806684933120352e-01
2.553806684933120352e-01
1.277184222636362221e-01
6.569209144706904258e-02
2.006075095730466482e-02
1.726115932445005871e-02
1.429672082520969389e-01
1.922107362299058375e-01
2.553806684933120352e-01
2.553806684933120352e-01
3.988945538440475530e-02
1.942018404985010049e-01
2.553806684933120352e-01
1.124351350064815014e-01
6.433237065324645676e-02
2.364685041130635268e-01
2.051642852112223192e-01
1.727663200122946108e-01
1.082518607058371857e-01
1.725893536798997485e-01
1.396809027991243457e-01
3.633931978810479163e-02
3.956502181141743901e-02
4.926967953256070759e-02
1.460729701027270733e-01
2.553806684933120352e-01
2.553806684933120352e-01
1.211910188671362215e-01
5.225373909961635727e-02
7.766390642614016959e-02
7.425043479035789429e-02
1.203500938947729519e-02
5.230678658544886395e-02
1.756696082976329509e-01
1.786551135918730826e-01
2.602758224927661512e-01
2.602758224927661512e-01
3.707625974802331720e-02
1.805057956414629072e-01
2.535702322684748045e-01
1.045056702362040513e-01
5.979534344503487781e-02
2.197916114981647018e-01
9.845670121502610173e-02
1.345169176654851528e-01
2.050954920235943946e-01
2.238885746781603681e-01
2.038285165863749915e-01
1.902377619102914863e-01
6.835905534314662413e-02
2.333571100764321102e-02
2.398507681775346664e-02
2.602758224927661512e-01
2.602758224927661512e-01
1.126440471885271355e-01
4.856855489734905607e-02
7.218667539962250745e-02
6.901393814885889433e-02
1.118624282768753558e-02
4.861786122015421263e-02
1.632805453047862787e-01
1.001051398107150880e-01
5.145170760421863276e-02
2.338642416489956632e-01
2.602758224927661512e-01
2.602758224927661512e-01
2.602758224927661512e-01
1.879874681223748720e-02
3.755594578790752425e-02
7.755139022910735591e-02
1.095265690777008777e-01
2.096410143874383458e-01
1.685114873819799353e-01
2.038295168129280743e-01
1.965001629324329979e-01
1.674250273800973743e-01
3.234725849032499961e-02
1.360721185271603940e-02
7.399898821850013630e-02
2.930896206005390581e-01
2.930896206005390581e-01
2.930896206005390581e-01
1.113812078851168647e-01
2.703013613555266259e-02
1.960010715380573667e-03
2.450391741352147320e-03
1.930293218968712893e-02
1.503077724532963511e-01
1.749074608213853077e-01
2.497766089299050252e-01
2.930896206005390581e-01
2.594857763701795550e-01
1.036835304258691970e-01
9.326518247123209704e-02
7.896061953126719268e-03
1.755561853829331470e-02
1.463831479602364649e-01
2.390420688522234549e-01
2.380447677905452031e-01
2.578534388973779956e-01
1.497363423159836227e-01
9.312309932087658310e-03
2.098168061771647427e-02
1.306705983037091331e-02
3.893010031806666549e-02
1.206385966505647139e-01
2.998939154819612596e-01
2.998939154819612596e-01
2.998939154819612596e-01
1.141732301000011468e-01
2.770770771153746245e-02
2.009142822696182665e-03
2.511816359624205897e-03
1.978680389937086115e-02
1.540755771640535676e-01
9.785461119214029779e-02
7.380763891166794433e-02
2.998939154819612596e-01
2.998939154819612596e-01
2.009275912138417663e-01
4.210660571558696302e-02
1.304049570285828116e-02
8.030912729706674719e-03
4.910969231317632855e-02
2.450341996541779144e-01
2.440118989828526930e-01
2.643171192906482170e-01
1.534898228362609196e-01
9.545744069640680479e-03
2.150763395852324858e-02
1.339461527731172948e-02
3.990597144551778080e-02
1.236626762795830642e-01
2.867868159420154384e-01
2.544438862830959991e-01
1.203682138790625605e-01
1.134905281063181837e-01
1.415741960886264805e-01
1.167260913494241048e-01
4.948224829035942351e-02
2.768692970230813427e-02
1.034165383767921831e-01
9.831655140881330468e-02
7.415606108917814632e-02
2.952259364252479146e-01
2.952259364252479146e-01
2.018761058917924733e-01
4.230537748863535258e-02
1.310205569821377286e-02
8.068824091483569466e-03
4.934152341067411796e-02
2.952259364252479146e-01
2.952259364252479146e-01
1.863807428682757450e-01
6.850603790747354649e-02
2.837469129274310456e-02
9.692208992684964511e-03
8.931717520785557515e-03
8.867743534748047038e-03
1.832961369195901247e-01
2.881406444666119171e-01
2.556450342160221934e-01
1.209364335891246617e-01
1.140262804689822912e-01
1.422425224354357531e-01
1.172771177678263166e-01
4.971583810506762652e-02
2.781763081235169924e-02
1.039047346668121180e-01
1.177059258501200606e-01
2.080553380228786220e-01
2.220125226794774920e-01
2.864373147369319028e-01
1.942841153641798047e-01
2.123666313132300254e-01
5.857712909400682871e-02
5.866611769086828299e-02
1.211131069953148148e-01
2.804230982649141835e-01
2.804230982649141835e-01
1.823371119327316658e-01
6.701976239482577979e-02
2.775908703163689970e-02
9.481931280978029772e-03
8.737939082526433726e-03
8.675353046687157843e-03
1.793194281770050247e-01
2.736899290464537282e-01
1.173264241512583517e-01
2.199028786930787016e-01
2.804230982649141835e-01
4.062904677438159556e-02
6.208896167427406521e-02
7.195399459404175357e-02
2.185161044682436618e-02
7.458774389551769968e-02
1.151522321812371713e-01
2.035414650326363706e-01
2.171958410257328331e-01
2.802229024047360739e-01
1.900690164914027869e-01
2.077592224852569947e-01
5.730626662358900836e-02
5.739332456475264993e-02
1.184854926902670219e-01
1.862486962489379450e-01
2.804230982649141835e-01
2.804230982649141835e-01
1.811805251643053838e-01
8.514740107118841383e-02
7.690610896893936010e-02
2.943417160000087393e-02
3.002118804520425080e-02
1.393315009298604912e-01
2.492310337313168589e-01
1.534552051102084924e-01
2.492310337313168589e-01
2.492310337313168589e-01
5.314010676876248368e-02
8.120825651791936661e-02
9.411106729625053069e-02
2.858046162544572097e-02
9.755583723780957006e-02
2.292419126187598688e-01
1.930417937749175361e-01
1.209560600042891010e-01
1.928440590645825736e-01
1.560735450666773660e-01
4.060402210313268645e-02
4.420828539194581602e-02
5.505186031052822920e-02
1.632157712721649667e-01
2.436009798401679860e-01
2.492310337313168589e-01
2.492310337313168589e-01
2.369721471713802374e-01
1.113671706139717360e-01
1.005881054624305493e-01
3.849795025120744674e-02
3.926572894772355216e-02
1.822363905503517900e-01
2.446510210634378624e-01
2.104874552915273200e-01
1.501833222337493334e-01
1.734989333675199530e-01
2.492310337313168589e-01
1.669166469653587670e-01
9.467271416375602766e-02
4.420221275543522593e-02
7.766118746903986902e-02
2.329683649081516483e-01
1.961797933935001959e-01
1.229222667139163588e-01
1.959788443976290817e-01
1.586106056446635604e-01
4.126406262275777309e-02
4.492691517664348239e-02
5.594675831825256240e-02
1.658689326315953283e-01
2.485669765813761367e-01
2.485669765813761367e-01
1.376149531969579065e-01
5.933522077608123502e-02
8.818900070180384076e-02
8.431293180009494237e-02
1.366600651879644468e-02
5.939545731298220138e-02
1.994765383605685283e-01
2.485669765813761367e-01
2.139090436507372073e-01
1.526246340277978564e-01
1.763192531339565772e-01
2.485669765813761367e-01
1.696299680771752028e-01
9.621167075510664302e-02
4.492074382611516842e-02
7.892361241801582050e-02
6.745410187628773924e-02
2.485669765813761367e-01
2.485669765813761367e-01
2.485669765813761367e-01
2.485669765813761367e-01
2.236631188369915813e-01
1.158057639525485877e-01
4.549334517940530759e-02
5.091933284994216297e-02
2.578426517113524552e-01
2.578426517113524552e-01
1.139613244691910221e-01
4.913652325002975524e-02
7.303083778408862858e-02
6.982099804276063748e-02
1.131705651825247287e-02
4.918640616876204102e-02
1.651899737927775558e-01
1.012757851279029453e-01
5.205339200006570827e-02
2.365990870311783234e-01
2.578426517113524552e-01
2.578426517113524552e-01
2.578426517113524552e-01
1.901858232684100480e-02
3.799513095015100150e-02
7.845828843618017634e-02
5.585990920404881876e-02
2.578426517113524552e-01
2.435486168565151044e-01
2.390583310484821478e-01
2.296895776791543498e-01
1.852192996868096408e-01
9.590075740032788509e-02
3.767382650458746263e-02
4.216718080310528916e-02
1.422675827064429355e-01
1.846263579669486787e-01
1.591248821389997792e-01
1.458423663668568238e-01
2.470087160688876349e-01
2.578426517113524552e-01
1.306543151357318910e-01
2.037001099913577501e-02
6.171746853547244865e-02
2.449750533632954475e-01
2.720793967103121158e-01
2.720793967103121158e-01
2.720793967103121158e-01
1.452189533807846655e-01
1.306270352650049371e-01
1.105920919121021646e-02
2.458836557370132694e-02
2.050239556085397263e-01
2.720793967103121158e-01
2.720793967103121158e-01
2.720793967103121158e-01
2.097204331766151231e-01
1.304280338777747544e-02
2.938690153546764938e-02
1.830169887673025603e-02
5.452542366157764331e-02
1.689661865386349049e-01
2.091858073793639028e-01
1.260160709110930977e-01
2.333534788948902761e-01
1.422782826248414345e-01
8.723648728970699595e-02
8.780498725703160534e-02
1.784990742895514737e-02
1.145795636709439139e-02
7.164342974265781872e-02
8.180784473920728328e-02
5.139000985361559526e-02
1.697769072954926906e-01
2.280743912429405162e-01
2.720793967103121158e-01
1.101002411463069541e-01
5.642279211594761895e-02
2.570182986789515747e-02
5.127540962848826933e-02
2.651910756330453367e-01
2.651910756330453367e-01
2.651910756330453367e-01
1.849396366268489800e-01
1.150165142516006329e-02
2.591451299827080695e-02
1.613915005156453183e-02
4.808263976073824664e-02
1.490009564989010771e-01
2.651910756330453367e-01
2.651910756330453367e-01
1.450314641379447378e-01
1.367445517932619203e-01
1.705825174370021458e-01
1.406430766557313916e-01
5.962108007682628136e-02
3.335993633871284919e-02
1.246064180360249019e-01
7.214134002171081195e-02
4.531770988940340278e-02
1.497158816013724192e-01
2.011248708648122330e-01
2.651910756330453367e-01
9.709067581878762232e-02
4.975581307620113164e-02
2.266487344325988917e-02
4.521665095264947032e-02
1.619202625339127566e-01
2.651910756330453367e-01
2.651910756330453367e-01
2.651910756330453367e-01
2.651910756330453367e-01
6.116018537748435513e-02
1.983667580368102257e-02
5.639049437740469885e-03
1.148115410661153801e-01
2.477535705517017739e-01
2.477535705517017739e-01
1.279025159142150869e-01
1.205943297606410225e-01
1.504358608034267464e-01
1.240324191519864561e-01
5.257952947434837293e-02
2.941995941240097695e-02
1.098897708893519370e-01
1.244859270895204428e-01
2.200395727967096315e-01
2.348007078796512936e-01
2.477535705517017739e-01
2.054751113437896515e-01
2.245992017051778589e-01
6.195124135717015867e-02
6.204535580298658343e-02
1.280893659186035927e-01
1.427966619428154560e-01
2.477535705517017739e-01
2.477535705517017739e-01
2.477535705517017739e-01
2.477535705517017739e-01
5.393685866757665093e-02
1.749386422971122013e-02
4.973049225826197371e-03
1.012517183469735793e-01
1.221745113696282858e-01
1.316734770821181011e-01
2.228890916958416457e-01
2.477535705517017739e-01
2.223826409435685492e-01
1.223582277812007568e-01
2.695007590244374515e-02
2.814329088382550720e-02
8.213919731217222964e-02
1.186504272543199429e-01
2.097248254126988509e-01
2.237940059642505308e-01
2.676705980944040775e-01
1.958430990640222802e-01
2.140707135846353915e-01
5.904716643735805764e-02
5.913686910068716163e-02
1.220849484620711023e-01
1.919067217968984662e-01
2.676705980944040775e-01
2.676705980944040775e-01
1.866845853849599390e-01
8.773408318121674043e-02
7.924242991026234084e-02
3.032834857009501783e-02
3.093319791351957157e-02
1.435642349450460542e-01
1.164473632683776932e-01
1.255010480230452641e-01
2.124407680317238756e-01
2.676705980944040775e-01
2.119580580616461929e-01
1.166224676455257236e-01
2.568674303290374022e-02
2.682402393410466060e-02
7.828877595463203110e-02
1.550071435225789107e-01
2.676705980944040775e-01
2.676705980944040775e-01
2.676705980944040775e-01
8.658543724651418527e-02
2.115755216616511253e-02
3.021296915073802894e-02
1.739089817774652769e-02
4.943848167485255518e-02
1.837043368215900141e-01
2.638769665359911309e-01
2.638769665359911309e-01
1.787054024572046762e-01
8.398419511596343090e-02
7.585548801256912499e-02
2.903206885509607149e-02
2.961106601825107959e-02
1.374280813352148911e-01
1.844961937619138403e-01
1.587327703236854071e-01
1.132562259425887730e-01
1.308389913474311550e-01
2.638769665359911309e-01
1.258751584471194396e-01
7.139457395435720721e-02
3.333376649639036016e-02
5.856584382434685404e-02
1.483819026076687586e-01
2.638769665359911309e-01
2.638769665359911309e-01
2.638769665359911309e-01
8.288464405437702409e-02
2.025324622848292955e-02
2.892162092749159599e-02
1.664758475659791279e-02
4.732540582479950741e-02
2.638769665359911309e-01
2.638769665359911309e-01
1.791601578630889202e-01
2.621292111725456175e-01
2.638769665359911309e-01
1.147229093052211241e-01
4.634040087490774729e-02
3.253149474638770272e-02
9.865477088758166369e-02
2.072238720857973449e-01
1.782867094582299694e-01
1.272080100900815636e-01
1.469567575025595707e-01
2.357875640850548571e-01
1.413814409986491050e-01
8.018951371880186918e-02
3.744007951459311923e-02
6.578044067898035363e-02
5.622095100672529211e-02
2.357875640850548571e-01
2.357875640850548571e-01
2.357875640850548571e-01
2.311741404069303507e-01
1.864164357151752993e-01
9.652059697441985053e-02
3.791732540082181496e-02
4.243972179337662104e-02
2.357875640850548571e-01
2.357875640850548571e-01
2.012305017186544198e-01
2.357875640850548571e-01
2.357875640850548571e-01
1.288553709343963627e-01
5.204897243407956980e-02
3.653897768094153259e-02
1.108078340599464029e-01
1.165980613611662109e-01
1.808393424971863062e-01
2.357875640850548571e-01
2.357875640850548571e-01
2.357875640850548571e-01
1.322312487377192425e-01
2.548778159224036541e-02
2.196689751678373298e-02
3.935529180698177365e-02
6.631934114720716700e-02
2.416027941683366875e-01
2.416027941683366875e-01
2.416027941683366875e-01
2.416027941683366875e-01
2.199004992669410519e-01
1.138575972810014630e-01
4.472802387042432160e-02
5.006273172915235575e-02
1.689063316811340032e-01
2.191965327771956684e-01
1.889200590182942285e-01
1.731504720759284022e-01
2.416027941683366875e-01
2.416027941683366875e-01
1.551185496236587025e-01
2.418417301197708230e-02
7.327369322414419017e-02
1.375413697215682185e-01
2.133216502594003638e-01
2.416027941683366875e-01
2.416027941683366875e-01
2.416027941683366875e-01
1.559825854654963151e-01
3.006588917891292109e-02
2.591258497543110634e-02
4.642427736561934720e-02
6.554209157533248675e-02
4.658471143983779900e-02
8.249719027572217922e-02
1.475118226402152843e-01
2.416027941683366875e-01
1.437241442785210099e-01
3.609541574188050023e-02
6.586111143434206228e-02
1.413449566960070236e-01
2.571635734592455091e-01
1.785902148645775178e-01
2.571635734592455091e-01
2.016370521698017948e-01
1.236317153555078763e-01
1.244373945881720872e-01
2.529692268614682979e-02
1.623823750981756228e-02
1.015332046053358112e-01
1.159382328297692694e-01
7.283001949906101058e-02
2.406081552434468918e-01
2.571635734592455091e-01
2.571635734592455091e-01
1.560342707148303365e-01
7.996248807309420947e-02
3.642468206899275585e-02
7.266760784250764216e-02
4.825427589805580952e-02
4.117738687910007384e-02
1.973496540112719688e-01
1.706293657384147788e-01
1.869541538947530057e-01
2.571635734592455091e-01
1.496518603025142891e-01
1.447186462024797546e-02
3.117873896875970191e-02
2.571635734592455091e-01
1.191825592075803353e-01
1.954799476946327275e-01
1.856626044990973001e-01
2.292871397599855476e-01
1.564891716204391270e-01
9.927422916412637077e-02
9.381246078041334535e-02
2.479145778967730973e-01
8.372478408058459109e-02
5.259419182364798856e-02
1.737551569840108945e-01
2.334186803478304484e-01
2.915214874128353451e-01
1.126801341189344746e-01
5.774490334259354402e-02
2.630408077642620163e-02
5.247690626093748367e-02
1.879191461489838622e-01
2.915214874128353451e-01
2.915214874128353451e-01
2.915214874128353451e-01
2.915214874128353451e-01
7.098042971640616816e-02
2.302177084650671932e-02
6.544488866612078320e-03
1.332463672400151233e-01
2.553395199732423904e-01
8.606767407329309061e-02
1.411658260898961126e-01
1.340762326121512360e-01
1.655796867030598918e-01
1.130086407657114461e-01
7.169087537962513801e-02
6.774665984810188113e-02
1.790314894251773814e-01
2.874923226904549725e-02
2.926422878795106874e-02
9.336066647392032847e-02
2.915214874128353451e-01
2.915214874128353451e-01
1.615082140276564715e-01
5.402634943242467375e-02
1.672438883971702483e-02
1.836811613403247639e-02
1.606433759137556871e-01
2.768314522755756513e-01
2.768314522755756513e-01
2.768314522755756513e-01
2.768314522755756513e-01
6.067788241445352254e-02
1.968024580828863987e-02
5.594580470949195479e-03
1.139061490025604223e-01
1.374438708160438671e-01
1.481300164092402838e-01
2.507457503363028639e-01
2.768314522755756513e-01
2.501760034145450451e-01
1.376505480882169452e-01
3.031829396568287358e-02
3.166063684815722395e-02
9.240494680721295095e-02
2.457638735207249778e-02
2.501663402771050690e-02
7.980971043811785348e-02
2.768314522755756513e-01
2.768314522755756513e-01
1.380658930763474790e-01
4.618462428644792839e-02
1.429690554881764969e-02
1.570205189527387052e-02
4.079966829770169390e-02
1.131919021001017572e-01
1.810048782326193206e-01
2.768314522755756513e-01
2.382307234202356017e-01
1.097273125693361828e-01
4.487666974582871227e-02
1.771981515985435532e-02
2.689773214948696853e-02
1.272452555401520080e-01
1.371384673557990153e-01
2.321399047313908448e-01
2.887021699793179685e-01
2.316124341921674545e-01
1.274365969375956253e-01
2.806861477561381837e-02
2.931135308099494866e-02
8.554831146595909264e-02
1.693805942400052056e-01
2.887021699793179685e-01
2.887021699793179685e-01
2.887021699793179685e-01
9.461430279959302803e-02
2.311944260844303947e-02
3.301454727963244046e-02
1.900351558497723192e-02
5.402279671833547930e-02
3.777224977491304425e-02
1.047928323197518247e-01
1.675739474446990840e-01
2.887021699793179685e-01
2.205535183136345945e-01
1.015853223917606157e-01
4.154672940812150633e-02
1.640496876836160592e-02
2.490186561605851195e-02
2.887021699793179685e-01
1.282037936217594598e-01
2.887021699793179685e-01
1.908017593812947887e-01
1.234313787323206429e-01
6.011394848728190965e-02
5.691520639476341237e-02
5.582362416069800576e-02
1.617413966932313707e-01
1.368481969417774113e-01
2.654458394804700139e-01
2.654458394804700139e-01
2.654458394804700139e-01
7.644203163368988585e-02
1.867896407767518155e-02
2.667354715773976107e-02
1.535357019514386676e-02
4.364680828891721182e-02
2.654458394804700139e-01
2.654458394804700139e-01
1.652340624866794616e-01
2.417539422552149320e-01
2.654458394804700139e-01
1.058055127372599935e-01
4.273836764351166689e-02
3.000282596210608957e-02
9.098634859378028350e-02
2.654458394804700139e-01
1.035800947384430820e-01
2.654458394804700139e-01
1.541550663569584423e-01
9.972430254685127338e-02
4.856805172072328064e-02
4.598368194798142100e-02
4.510175647584697967e-02
1.306762360093653985e-01
7.942108038708745044e-02
1.061027683420814605e-01
1.252194166874380510e-01
2.253729043436838442e-01
2.654458394804700139e-01
2.654458394804700139e-01
2.447944607586726232e-02
1.625674159989837567e-02
8.211291449148078181e-02
2.535283288853244499e-01
2.535283288853244499e-01
1.938528765612084481e-01
2.535283288853244499e-01
2.535283288853244499e-01
1.241312032850667296e-01
5.014072390729432116e-02
3.519936525308421660e-02
1.067453352974788300e-01
1.123232780481957793e-01
1.742093094193551406e-01
2.535283288853244499e-01
2.535283288853244499e-01
2.535283288853244499e-01
1.273833127689870115e-01
2.455333429386159089e-02
2.116153483882625766e-02
3.791242609609783709e-02
9.317694342761223547e-02
1.244799440543813557e-01
1.469076276456819652e-01
2.535283288853244499e-01
2.535283288853244499e-01
2.535283288853244499e-01
2.871932679627974341e-02
1.907243624725753553e-02
9.633500766999128495e-02
9.430948587518890591e-02
2.368787085222951172e-01
2.535283288853244499e-01
1.135807210482451396e-01
1.412557463014897097e-01
6.340998456783482340e-02
2.596107108830895960e-02
2.605831015236114573e-02
6.066890308830260453e-02
1.635974739906549402e-01
2.537337180849905116e-01
2.569332050481473728e-01
2.569332050481473728e-01
2.569332050481473728e-01
1.855322294691750806e-01
3.576162963121783112e-02
3.082151541118440669e-02
5.521898265395772804e-02
7.795851272598715298e-02
5.540980967085672171e-02
9.812561826129739817e-02
1.754567488788970064e-01
2.569332050481473728e-01
1.709515253703872695e-01
4.293340141928349979e-02
7.833796832681820532e-02
1.681216198704118259e-01
1.373606070855415695e-01
2.569332050481473728e-01
2.569332050481473728e-01
1.654289242658778247e-01
2.057372584129253112e-01
9.235586319545469047e-02
3.781198097082593551e-02
3.795360847252088332e-02
8.836351170922383813e-02
1.482910984502375518e-01
1.130000047508970124e-01
1.999422581032822555e-01
2.569332050481473728e-01
2.569332050481473728e-01
1.701460355017541670e-01
5.587244557103214493e-02
5.958581210522972960e-02
8.875884805411990430e-02
2.604311143649348445e-02
2.222367355426868932e-02
1.065107482335273525e-01
9.208965430652704676e-02
1.009002367724385341e-01
2.945808179820386674e-01
8.076797344904233789e-02
7.810548930320819136e-03
1.682734552121766675e-02
1.908304806068208404e-01
6.432351564630056640e-02
1.055016569343309313e-01
1.002031801031423586e-01
1.237475937746845001e-01
8.445810986213249383e-02
5.357887492406661345e-02
5.063112697820870006e-02
1.338009297359913363e-01
1.391106462606185590e-01
1.410114151817011274e-01
2.183430664499476093e-01
2.947483543259857841e-01
2.947483543259857841e-01
2.947483543259857841e-01
3.989552047100373977e-02
5.284821465497340637e-02
2.179393740759769382e-01
2.456455718601790461e-01
2.947483543259857841e-01
2.947483543259857841e-01
7.580718767803150404e-02
2.895061421725738660e-01
1.611671777833466046e-01
9.577445488725860878e-02
2.390587701352681754e-02
9.418965895186257042e-02
2.544493028390449885e-01
8.576760725179757849e-02
1.406736647622585656e-01
1.336087884829679218e-01
1.650024087548850327e-01
1.126146468068736639e-01
7.144093190971009810e-02
6.751046751333229790e-02
1.784073130365640136e-01
2.864900078445742002e-02
2.916220181661174221e-02
9.303517332282534857e-02
2.895715500852116819e-01
2.895715500852116819e-01
1.609451308846470696e-01
5.383799166482206022e-02
1.666608083668773971e-02
1.830407743094743592e-02
2.895715500852116819e-01
2.895715500852116819e-01
2.895715500852116819e-01
1.010796912187533758e-01
2.895715500852116819e-01
2.148968859539893972e-01
1.277036205031780169e-01
3.187558780182850326e-02
1.255904873201488525e-01
9.479433676937726316e-02
1.092014760190454514e-01
2.029205833277122617e-01
2.324707907534686868e-01
1.973002130047899205e-01
1.055673108069594829e-01
3.035700584146891479e-02
3.935432774159849934e-02
8.855265038492850238e-02
3.615874980408361611e-02
3.680647597996242887e-02
1.174224392839782471e-01
2.837284746288760151e-01
2.837284746288760151e-01
2.031336018881560734e-01
6.795051894510634183e-02
2.103475272042852617e-02
2.310211658688175046e-02
6.002774032375390173e-02
1.665369937921636345e-01
2.663088765477151787e-01
2.837284746288760151e-01
2.837284746288760151e-01
1.614396121378890714e-01
6.602615144910914391e-02
2.607081153795982528e-02
3.957409822516238379e-02
1.196427314123818808e-01
1.378264072564611142e-01
2.561120598183686536e-01
2.837284746288760151e-01
2.490184244821199155e-01
1.332396200369287687e-01
3.831447341850349048e-02
4.967025905100227318e-02
1.117649147293902773e-01
7.232193603496035739e-02
6.574899579668000427e-02
1.324279560690179158e-01
2.179467409607389328e-01
2.491934385076817193e-01
1.950310602524034931e-01
1.485369804653696169e-01
4.445644573924146387e-02
7.347599572443686000e-02
4.687330500910979331e-02
1.300421982106712560e-01
2.079501432126171223e-01
2.592416217733338191e-01
2.592416217733338191e-01
1.260618530612453436e-01
5.155722868726882874e-02
2.035767287695544603e-02
3.090185914985153770e-02
2.592416217733338191e-01
1.590939262968889267e-01
2.592416217733338191e-01
2.367745929101146285e-01
1.531716193102594104e-01
7.459813645036623975e-02
7.062867170729236754e-02
6.927407759905748752e-02
2.007122653529765655e-01
5.647335962227720274e-02
5.134080872274505297e-02
1.034077901829619645e-01
1.701860508107711223e-01
1.945853698047209090e-01
1.522920956903561218e-01
1.159866947003886511e-01
3.471429258402060347e-02
5.737451951155167484e-02
2.592416217733338191e-01
2.592416217733338191e-01
2.269033717013585194e-01
1.955976392248582052e-01
2.565621523726183684e-01
2.592416217733338191e-01
6.864535954158595965e-02
3.027823953681020239e-02
3.360601709530097042e-02
2.643699800787880916e-01
1.364329661810056715e-01
2.643699800787880916e-01
2.030489835717804725e-01
1.313542185026528586e-01
6.397255548590911889e-02
6.056849185096014471e-02
5.940684290269723777e-02
1.721232881003526560e-01
1.046113502972965820e-01
1.397557652508463755e-01
1.649357097544906503e-01
2.643699800787880916e-01
2.643699800787880916e-01
2.643699800787880916e-01
3.224368009154758574e-02
2.141295084265937634e-02
1.081569631127410058e-01
2.276669115175543878e-01
2.334142760186573018e-01
1.945837956121457268e-01
1.677371771418244839e-01
2.200180501715605641e-01
2.643699800787880916e-01
5.886767794857869496e-02
2.596547917886665030e-02
2.881925602417642271e-02
1.651408918137224069e-01
1.936005346856680687e-01
1.504572844234177975e-01
6.420210417970655115e-02
8.718844031295235053e-02
1.897064899072841149e-01
1.046597832579488352e-01
4.047733833364539069e-02
1.355616942095378696e-01
1.088551014565456859e-01
1.454252140162959894e-01
1.716266291191963778e-01
2.903266228042781782e-01
2.903266228042781782e-01
2.903266228042781782e-01
3.355170407152768819e-02
2.228160643981237990e-02
1.125445485543412061e-01
1.101782079944906428e-01
2.767364425204855150e-01
2.903266228042781782e-01
1.326920637058632557e-01
1.650237497532256181e-01
7.407948843967074315e-02
3.032933817402949997e-02
3.044293889748704920e-02
7.087718654417075881e-02
1.718401347647239286e-01
2.014542952113534124e-01
1.565608599281290980e-01
6.680658020706456424e-02
9.072539919551803056e-02
1.974022813694264467e-01
1.089054991890160001e-01
4.211937575108196802e-02
1.410610027961928803e-01
2.338274631772830625e-01
2.903266228042781782e-01
2.903266228042781782e-01
1.024649699695225902e-01
1.308128153518157699e-01
7.381329082747779824e-02
1.355001744995410970e-02
1.222084097406652900e-02
6.094192504131269034e-02
1.212158726595640029e-01
2.809073436525233447e-01
2.809073436525233447e-01
1.459851688449040341e-01
1.815558466597224363e-01
8.150077951746853566e-02
3.336773451729989348e-02
3.349271577338779060e-02
7.797767067545673114e-02
1.308616443075033553e-01
9.971850355819104894e-02
1.764419640517460586e-01
2.595463277096032861e-01
2.685079057488676257e-01
1.501478525066972658e-01
4.930545511712093598e-02
5.258236961610293636e-02
7.832654100340144532e-02
2.572523234560478711e-01
2.809073436525233447e-01
2.809073436525233447e-01
1.127299216239999874e-01
1.439176571896835788e-01
8.120791420000508798e-02
1.490745964783378799e-02
1.344512613038055700e-02
6.704709361224898967e-02
2.162709760954259833e-02
7.402773363910190862e-02
1.001636844680725419e-01
2.786131443506175143e-01
2.809073436525233447e-01
2.809073436525233447e-01
6.647723533663789375e-02
3.604419536741737540e-02
2.584484744338770221e-02
1.090913433691884787e-01
1.105819369406310648e-01
1.712258484497882205e-01
2.758412994076808178e-01
2.758412994076808178e-01
2.758412994076808178e-01
3.128628929263235076e-02
4.144386419263153959e-02
1.709092706423510077e-01
1.926366252135352231e-01
2.758412994076808178e-01
2.758412994076808178e-01
5.944841867345858344e-02
2.270323286692846887e-01
1.263881982006395122e-01
7.510686079718542629e-02
1.874712186253808463e-02
7.386405500046383521e-02
6.204907451290184867e-02
1.381951930851898491e-01
1.697306524010500361e-01
2.002550088549214791e-01
2.401752502836144998e-01
1.775468698182486593e-01
1.879014407439203935e-02
6.158048133029424449e-03
2.562615471388142094e-02
5.065026495633089682e-02
1.100132578841566122e-01
1.639089897142251839e-01
2.758412994076808178e-01
2.758412994076808178e-01
1.968218307841262671e-01
5.601575684340013607e-03
0.000000000000000000e+00
0.000000000000000000e+00
2.326674965096986458e-01
2.743940162900011526e-01
2.743940162900011526e-01
7.180210268364985160e-02
2.742108022277481294e-01
1.526523091396443654e-01
9.071444878673944057e-02
2.264286921390947296e-02
8.921338161921393839e-02
6.733729219466104421e-02
7.757142408910427944e-02
1.441449255042769328e-01
1.651359574546561182e-01
1.401524874370370100e-01
7.498988965245047267e-02
2.156414235457130429e-02
2.795540278643042498e-02
6.290350137781512696e-02
6.117564783892612962e-02
1.328745728721585639e-01
1.979701121215610982e-01
2.743940162900011526e-01
2.743940162900011526e-01
2.377224091017795526e-01
6.765611625205208285e-03
0.000000000000000000e+00
0.000000000000000000e+00
1.659945171146128828e-01
1.314880415156484128e-01
2.570528024978235293e-01
2.743940162900011526e-01
2.625127098925066904e-01
1.972678504833104141e-01
1.528199694862896751e-01
1.666455327592546859e-02
2.143201947034930471e-02
9.899636447971740805e-02
1.140421410195131685e-01
2.119156134444996065e-01
2.427757175864641292e-01
2.060461042737919968e-01
1.102468811318845915e-01
3.170266618465111819e-02
4.109881988456610957e-02
9.247799765168354669e-02
5.984156876959089572e-02
5.440289999422338874e-02
1.095752834422146493e-01
1.803363626909220141e-01
2.061909166836981555e-01
1.613751683674327919e-01
1.229044245586707468e-01
3.678473780998336301e-02
6.079647603643504455e-02
2.440379347361967544e-01
1.933080119256623264e-01
2.539327159996404015e-01
2.539327159996404015e-01
2.539327159996404015e-01
2.539327159996404015e-01
2.246692866013927092e-01
2.449950296822282769e-02
3.150842485453137637e-02
7.243857629687951161e-02
1.403303538269890238e-01
2.539327159996404015e-01
2.539327159996404015e-01
2.539327159996404015e-01
1.546939934631921809e-01
1.012651674291297488e-01
4.443098657157584785e-02
7.903486373364711215e-02
6.945981021613699402e-02
6.314699274271834417e-02
1.271871468072758027e-01
2.093215432872336523e-01
2.393316591729936493e-01
1.873127459535293415e-01
1.426586598596479016e-01
4.269709099655461665e-02
7.056819822956604538e-02
2.519694639201737751e-01
2.519694639201737751e-01
2.519694639201737751e-01
2.405767071439416371e-01
2.519694639201737751e-01
2.519694639201737751e-01
8.443084806479561610e-02
3.724093600898410739e-02
4.133395967891125011e-02
8.408151499639919535e-02
1.628854313949605337e-01
2.519694639201737751e-01
2.519694639201737751e-01
2.519694639201737751e-01
1.795577162908512103e-01
1.175413588874196918e-01
5.157230932330867518e-02
9.173801336216050317e-02
1.882770467630512090e-01
1.333948436616241295e-01
1.059203253667995587e-01
1.413649986189613461e-01
8.357290934827209250e-02
1.112129192623791119e-01
6.461548044499815235e-02
3.580201806740077042e-02
1.888820703064929274e-01
2.396246403358172905e-01
2.396246403358172905e-01
2.396246403358172905e-01
2.313906912397167281e-01
2.396246403358172905e-01
2.396246403358172905e-01
8.120699849790313785e-02
3.581895366277937365e-02
3.975569212548642206e-02
2.278091581117499542e-01
2.396246403358172905e-01
2.075533619797903240e-01
8.856575219830849222e-02
1.202750267763769837e-01
2.396246403358172905e-01
1.443764584912478888e-01
5.583782591409011675e-02
1.870051390113127154e-01
1.810880052033000120e-01
1.283013864854723463e-01
1.018759363444743798e-01
1.359672145149601608e-01
8.038181872462228650e-02
1.069664414664707602e-01
6.214824727819057149e-02
3.443497837650618537e-02
1.816699269429201125e-01
1.404745381082690703e-01
2.396246403358172905e-01
2.396246403358172905e-01
1.453366745264752513e-01
2.046225744255550372e-01
9.727882969971836380e-02
1.254809615253455468e-01
3.807039925727127155e-02
2.329120126724208359e-02
1.916962416643014089e-01
2.247323147879350669e-01
1.746514484584452964e-01
7.452607251311334224e-02
1.012087081582322412e-01
2.202120912340334857e-01
1.214895165189003728e-01
4.698626455212963349e-02
1.573605846995573543e-01
2.608461984178134796e-01
2.758786626194101865e-01
2.758786626194101865e-01
1.143047849228946006e-01
1.459282204288464557e-01
8.234240770280321087e-02
1.511572033621989136e-02
1.363295767844434347e-02
6.798375714848088613e-02
1.182061389809198892e-01
2.758786626194101865e-01
2.758786626194101865e-01
1.222975165425367744e-01
1.721852571783396291e-01
8.185792968775211509e-02
1.055893842205937183e-01
3.203537784331902949e-02
1.959901780852432371e-02
1.895448948368597120e-01
1.461650694704183795e-01
2.758786626194101865e-01
2.758786626194101865e-01
2.276329885184291413e-01
9.467574500007340521e-02
7.190218707466154713e-02
3.879131705377527467e-02
5.261677807349194463e-02
2.261948577582390263e-01
2.742246729543950656e-01
2.742246729543950656e-01
9.912030431552022736e-02
1.265428181933653529e-01
7.140387443167944825e-02
1.310771723760374013e-02
1.182192779348254126e-02
5.895265628307178041e-02
1.901610917170137166e-02
6.509054011915398064e-02
8.807115930545801608e-02
2.449768371741486150e-01
2.742246729543950656e-01
2.742246729543950656e-01
5.845159565177206196e-02
3.169266475269021804e-02
2.272466002523497453e-02
1.643653646726711826e-01
1.267482037255045491e-01
2.742246729543950656e-01
2.742246729543950656e-01
1.973937583576938215e-01
8.209882606433435703e-02
6.235055399123914932e-02
3.363819943114124827e-02
4.562705802967746693e-02
1.996414773382700902e-01
2.742246729543950656e-01
1.777744652836975858e-01
1.700995876479911850e-01
2.415976741886892987e-01
2.307824652950633271e-01
3.222650812534591513e-02
1.334220505400522151e-02
3.584463229627653236e-02
8.466995501657061107e-02
1.885762337937262056e-01
2.316083973297927701e-01
2.732608459464384576e-01
2.746516672711328821e-01
2.422741289673587262e-01
2.564036073097024013e-02
8.403052946503871204e-03
3.496853714427054088e-02
6.911554586584851834e-02
1.501201697108487110e-01
2.236643639709613440e-01
2.746516672711328821e-01
2.746516672711328821e-01
2.685760535446168329e-01
7.643710481392703218e-03
0.000000000000000000e+00
0.000000000000000000e+00
1.367078126800445326e-01
1.453714689924249792e-01
1.683150422064345619e-01
1.883194456480665746e-01
2.746516672711328821e-01
2.327974643487984718e-01
2.028671313418649660e-02
1.897489840148857895e-02
6.346476613519423660e-02
1.035264241275329899e-01
1.853922805047547862e-01
1.645806914890097505e-01
1.897759487042112725e-01
1.497720466966420416e-01
1.294643016988547279e-01
3.400293322687551745e-02
2.582830419157323976e-02
7.230648707034172118e-02
6.743193722001061818e-02
1.464633424012531937e-01
2.182160490914371032e-01
2.659215087393292931e-01
2.659215087393292931e-01
2.620337198315850213e-01
7.457514787044388152e-03
0.000000000000000000e+00
0.000000000000000000e+00
1.829703853142724546e-01
1.449350137494350432e-01
2.659215087393292931e-01
2.659215087393292931e-01
2.659215087393292931e-01
2.174419688098971348e-01
1.684485077378514717e-01
1.836879787951672602e-02
2.362382160999455111e-02
1.010045894150921192e-01
1.808762480779076698e-01
1.605716155038948989e-01
1.851531330408486831e-01
1.461236994317194060e-01
1.263106375710964513e-01
3.317464442950810583e-02
2.519914391077814064e-02
7.054514922287569156e-02
9.744398373483274811e-02
2.659215087393292931e-01
1.777530194033428712e-01
1.997101264561898515e-01
2.191763940968256552e-01
1.420403596520785905e-01
2.945860541112910527e-02
1.016590512392295982e-02
7.198894175163136899e-02
1.823466169316239616e-01
1.444409125922431480e-01
2.323960932433447590e-01
2.323960932433447590e-01
2.323960932433447590e-01
2.167006825904278233e-01
1.678742462088574638e-01
1.830617640487303827e-02
2.354328511786040606e-02
5.412654117630547046e-02
1.048556868866739322e-01
2.323960932433447590e-01
2.323960932433447590e-01
2.319485985565192532e-01
1.155882850678457141e-01
7.566594395939796325e-02
3.319910118490101980e-02
5.905532693948354478e-02
9.711178529720741748e-02
2.323960932433447590e-01
1.771470376580802641e-01
1.990292902522099450e-01
2.184291950097947965e-01
1.415561267241169929e-01
2.935817742863991789e-02
1.013124831218582475e-02
7.174352265996872258e-02
2.323960932433447590e-01
2.323960932433447590e-01
2.323960932433447590e-01
2.323960932433447590e-01
2.323960932433447590e-01
1.579400004758536313e-01
2.302548057635608186e-02
1.870393712156909541e-02
6.525286986694646407e-02
6.869344952471517773e-02
1.330751730665218902e-01
2.482615944312205059e-01
2.482615944312205059e-01
2.482615944312205059e-01
1.466962021477246358e-01
9.602968505200198956e-02
4.213387243944662075e-02
7.494870413147403099e-02
1.538197760712800288e-01
1.089817656154205977e-01
8.653545936389528404e-02
1.154932733741645817e-01
6.827792565577560369e-02
9.085943630028112117e-02
5.278996512674382496e-02
2.924975984437552801e-02
1.543140720439971914e-01
2.482615944312205059e-01
2.482615944312205059e-01
2.482615944312205059e-01
2.482615944312205059e-01
2.482615944312205059e-01
2.004459035223003227e-01
2.922225683333768906e-02
2.373766977625398414e-02
8.281417258766458900e-02
3.863354725591516825e-02
2.482615944312205059e-01
2.482615944312205059e-01
2.036648354818110518e-01
2.430358999601217596e-01
2.258805179992283974e-01
5.991295204890425413e-02
3.722852161934293858e-02
1.409709216769101658e-01
1.416839338907407708e-01
1.003834855902801387e-01
7.970811437170098601e-02
1.063812581679193653e-01
6.289103619762746733e-02
8.369094465560467100e-02
4.862502156839761114e-02
2.694205612541078834e-02
1.421392316405467593e-01
1.099078050383297395e-01
2.710085385607700070e-01
2.710085385607700070e-01
1.137119587925858599e-01
1.600974690450408522e-01
7.611132090538018369e-02
9.817677453205310434e-02
2.978642304610815833e-02
1.822312315428679941e-02
3.558549554015316002e-02
2.400059018023928958e-01
2.710085385607700070e-01
1.875963925009332678e-01
2.238612177349013077e-01
2.080593353911689702e-01
5.518602974277124484e-02
3.429132151070556078e-02
1.298488091552838231e-01
2.710085385607700070e-01
1.547371937889876203e-01
2.710085385607700070e-01
2.710085385607700070e-01
2.710085385607700070e-01
2.235502595769789935e-01
1.785978257084571974e-01
4.796426788359019200e-02
1.408944482230160833e-01
8.367156945645846944e-02
2.242488201079820553e-01
2.336495841923998118e-01
8.656762870321789427e-02
1.218803932653709232e-01
5.794268815882903240e-02
7.474086855255590578e-02
2.267606712637675048e-02
1.387305764304685649e-02
1.341683179079165289e-01
1.034621456020677482e-01
2.492677822937996446e-01
2.492677822937996446e-01
1.611287668610452695e-01
6.701570867562352263e-02
5.089557016036118375e-02
2.745822177388236932e-02
3.724449879766287413e-02
2.364234057618575802e-01
1.177996763114095569e-01
2.492677822937996446e-01
2.492677822937996446e-01
2.151759510806375286e-01
1.701862853569073020e-01
1.359645056447643108e-01
3.651465489871624781e-02
1.072613506057206734e-01
1.875904175911496108e-01
2.492677822937996446e-01
2.492677822937996446e-01
2.492677822937996446e-01
2.492677822937996446e-01
2.492677822937996446e-01
1.309467904538012539e-01
1.922874737089453126e-02
6.286069659143862787e-02
1.448003837863387488e-01
1.116609243086702091e-01
2.449076731441655330e-01
2.449076731441655330e-01
1.738972929250847954e-01
7.232631732480850062e-02
5.492875074503700272e-02
2.963412758649463033e-02
4.019591065852667205e-02
1.758774580996606274e-01
2.449076731441655330e-01
1.566133525256651615e-01
1.498520422619326331e-01
2.128394629493721435e-01
2.033116259768737166e-01
2.839047480554479294e-02
1.175403599306593105e-02
3.157792107551003064e-02
2.024558769565916183e-01
2.449076731441655330e-01
2.449076731441655330e-01
2.449076731441655330e-01
2.449076731441655330e-01
2.449076731441655330e-01
1.413235688496390363e-01
2.075251476989555671e-02
6.784204448150002453e-02
8.847288728980931549e-02
7.168395201313647325e-02
1.569008657121024608e-01
1.683818120315579980e-01
2.449076731441655330e-01
2.449076731441655330e-01
1.472643870080699857e-01
3.212176434509444317e-02
6.813088692885735376e-02
1.646188456174116632e-01
1.750513225403509399e-01
2.026791842022773737e-01
2.267677987245045601e-01
2.739655130734002242e-01
2.739655130734002242e-01
2.442856214324353251e-02
2.284891996532309455e-02
7.642208834842775800e-02
1.246629588804820388e-01
2.232430071461967147e-01
1.981824075208173941e-01
2.285216696045978546e-01
1.803503468427394285e-01
1.558964588527921025e-01
4.094516257468625020e-02
3.110155547747116972e-02
8.706898456511884266e-02
1.412665654662571268e-01
6.032993954662014408e-02
4.972062434524255475e-02
2.478177548135826122e-02
2.008767085602867764e-01
2.081223837893655948e-01
2.049501458942141474e-01
1.348523950203040778e-01
1.911955356643943726e-01
1.053445926759786211e-01
1.263540675124484036e-01
2.195876233206436601e-01
2.739655130734002242e-01
2.739655130734002242e-01
1.599691672670891518e-01
5.737923665533428697e-02
2.410346045458667749e-02
8.244400220279037017e-02
1.236456832083426827e-01
2.214212977773152291e-01
1.965651978570372715e-01
2.266568852521880506e-01
1.788786505028434060e-01
1.546243113248670920e-01
4.061104153221241353e-02
3.084776031620552542e-02
8.635848354226977053e-02
1.192869355066724923e-01
2.595616664170942722e-01
2.175979690996902860e-01
2.444769606242310767e-01
2.595616664170942722e-01
1.738799931175776248e-01
3.606201870149661204e-02
1.244468485796180329e-02
8.812591524673867027e-02
1.044849588899440379e-01
1.253229920421517207e-01
2.177957426440334243e-01
2.595616664170942722e-01
2.595616664170942722e-01
1.586637855914526940e-01
5.691101015036771626e-02
2.390677120418686560e-02
8.177124199793184278e-02
2.595616664170942722e-01
2.595616664170942722e-01
1.598498687504108784e-01
8.497135108001749315e-02
1.078529916197952798e-01
6.110222138526191782e-02
2.104901823529885946e-02
3.754458990977069949e-02
2.344186633011194898e-01
1.196755485425187032e-01
2.401312574738404260e-01
2.183068598680433514e-01
2.401312574738404260e-01
2.401312574738404260e-01
1.744464594427567461e-01
3.617950156336079831e-02
1.248522715827541686e-02
8.841301189580001718e-02
2.401312574738404260e-01
2.401312574738404260e-01
2.401312574738404260e-01
2.401312574738404260e-01
2.401312574738404260e-01
1.946370992553154711e-01
2.837541303557689770e-02
2.304976608223192197e-02
8.041426662480451182e-02
2.401312574738404260e-01
2.401312574738404260e-01
1.603706277296809979e-01
8.524817078841979978e-02
1.082043551477494675e-01
6.130128023146848293e-02
2.111759173702608058e-02
3.766690269283001075e-02
2.351823525351292576e-01
1.023434239828515252e-01
4.894255787284967907e-02
7.973092224752902080e-02
1.008991785058317575e-01
1.282753513445144822e-01
1.370827874797128365e-01
2.401312574738404260e-01
1.530174318421927970e-01
1.569444569334068340e-01
2.389994588772884621e-01
2.389994588772884621e-01
2.389994588772884621e-01
2.389994588772884621e-01
2.389994588772884621e-01
1.931137662433479174e-01
2.815333202650571048e-02
2.286936640649931199e-02
7.978490198953505641e-02
3.722036560901884755e-02
2.389994588772884621e-01
2.389994588772884621e-01
1.962149524639635045e-01
2.341458575551239596e-01
2.176180045853438050e-01
5.772138823297929405e-02
3.586673459147732973e-02
1.358143276437447089e-01
1.015424301491612280e-01
4.855950749662080179e-02
7.910690582723207964e-02
1.001094881020679755e-01
1.272714005146240723e-01
1.360099049905093838e-01
2.389994588772884621e-01
1.518198363877622803e-01
1.557161265009933682e-01
7.057451327537518637e-02
9.048287873418341121e-02
1.215283763680327228e-01
2.389994588772884621e-01
2.389994588772884621e-01
2.389994588772884621e-01
9.963134703193826658e-02
5.872912741291213407e-02
9.649693552201071833e-02
3.002778604509055010e-02
2.025220039650527937e-01
2.542355607237301029e-01
1.582977629324480717e-01
1.888987815935333492e-01
1.755648224923628264e-01
4.656712710166199809e-02
2.893573490820204250e-02
1.095691432798824028e-01
2.542355607237301029e-01
1.305704832203507526e-01
2.542355607237301029e-01
2.542355607237301029e-01
2.385034389714717484e-01
1.886363885906164328e-01
1.507045839066835646e-01
4.047325327232623865e-02
1.188896847427069886e-01
5.693647416391491717e-02
7.299768497479719453e-02
9.804385379552216229e-02
2.238167249081974564e-01
2.134256384333447221e-01
2.451971265273389378e-01
8.037827471888912834e-02
4.738012761869469375e-02
7.784956666733340580e-02
8.100490446811317580e-02
1.537969301227884444e-01
2.542355607237301029e-01
2.542355607237301029e-01
2.542355607237301029e-01
1.057250353681353644e-01
5.872592885845234062e-02
5.287554377357057966e-02
1.212611437117328966e-01
2.309874417578194894e-01
1.150911678282808964e-01
2.498272772734854430e-01
2.498272772734854430e-01
2.102285190747421040e-01
1.662732780207683281e-01
1.328383424117710321e-01
3.567509187402472665e-02
1.047951445249889063e-01
1.832772458294877338e-01
2.498272772734854430e-01
2.498272772734854430e-01
2.498272772734854430e-01
2.498272772734854430e-01
2.498272772734854430e-01
1.279359970128668145e-01
1.878663049074006872e-02
6.141537233160618975e-02
7.140165851511835748e-02
1.355640866118614507e-01
2.305414325280887300e-01
2.498272772734854430e-01
2.297642915731650526e-01
9.319118294653358503e-02
5.176388696297930248e-02
4.660707330144225891e-02
1.068854636803637098e-01
1.565611845380118217e-01
1.446102046246669492e-01
1.924800172440016000e-01
8.387177008973004111e-02
1.313953984230985528e-01
7.198296644121314480e-02
2.587549694420405652e-02
9.967691743686122111e-03
1.056578017866237618e-01
2.196984079458305372e-01
2.429469439562302879e-01
2.429469439562302879e-01
2.429469439562302879e-01
2.429469439562302879e-01
2.429469439562302879e-01
1.533596532154300474e-01
2.251994125513057804e-02
7.361993827213766939e-02
9.600784514696776573e-02
7.778904899820761332e-02
1.702636195128202079e-01
1.827223619608684402e-01
2.429469439562302879e-01
2.429469439562302879e-01
1.598064321922774700e-01
3.485747409812903208e-02
7.393338052328649046e-02
1.876732860832881211e-01
1.733473873691770695e-01
2.307299695524420990e-01
1.005389091096203641e-01
1.575065126841748153e-01
8.628754243211267383e-02
3.101751915640254056e-02
1.194848818832646743e-02
1.266542976162653433e-01
6.046968226919308825e-02
1.208830618531691881e-01
1.938931783386323160e-01
2.427905775794038934e-01
2.429469439562302879e-01
1.994125177360500933e-01
4.161885443638078941e-02
2.097761048096658670e-02
7.397236738699412839e-02
1.104140171947781829e-01
4.715391048458351247e-02
3.886166449415111301e-02
1.936944793047583671e-02
1.570053344172493703e-01
1.626685577474886457e-01
1.601891350451307150e-01
1.054006984128555008e-01
1.494385249102396507e-01
8.233738555695763184e-02
9.875840144412678656e-02
1.716297946160325327e-01
2.940396751115223473e-01
2.940396751115223473e-01
1.250319799802994958e-01
4.484763965043529060e-02
1.883927657122860116e-02
6.443827275605110150e-02
2.940396751115223473e-01
2.940396751115223473e-01
2.940396751115223473e-01
1.710537988630866924e-01
2.940396751115223473e-01
1.638147444720813861e-01
4.466239330186717177e-02
5.704915838809997142e-02
1.318468885362659992e-01
1.884183406943152339e-01
4.642187648250430815e-02
7.971907975047404227e-02
6.563553944807369589e-02
1.581823986238777568e-01
2.940396751115223473e-01
2.187241803693330822e-01
1.259037381557059909e-02
7.899900176788338807e-03
9.851623598976748386e-02
1.181638925845107657e-01
2.053541199407151741e-01
2.616442848205050575e-01
2.616442848205050575e-01
1.496000870404878558e-01
5.365995800692496126e-02
2.254109240915558657e-02
7.710004444113299771e-02
2.616442848205050575e-01
2.460303977139507714e-01
1.507184149762292036e-01
8.011734669088378669e-02
1.016918692173671007e-01
5.761174551286368795e-02
1.984658911533723064e-02
3.539984815982918226e-02
2.210274531332717673e-01
2.254415244190739465e-01
5.554352385253481100e-02
9.538344726955144681e-02
7.853256755534328282e-02
1.892643834492092614e-01
2.616442848205050575e-01
2.616442848205050575e-01
1.506431409770856572e-02
9.452187786236080497e-03
2.616442848205050575e-01
1.464743239281438014e-01
2.471603929030807001e-01
2.010423483868180317e-01
1.630316385390230827e-01
1.587034779351807756e-01
1.836499960489149791e-02
8.122739138588229435e-02
2.256165758117344433e-01
2.680674286953907415e-01
2.089132202863002441e-01
1.279804029164708368e-01
6.803050782955107068e-02
8.635020742369345359e-02
4.892019601334280515e-02
1.685244946278859762e-02
3.005927863155513982e-02
1.876823247647532167e-01
8.167301470724619428e-02
3.905757784329434018e-02
6.362758379508445805e-02
8.052046501235546327e-02
1.023674433512518633e-01
1.093960323216943281e-01
2.206794603450190073e-01
1.221123397572324298e-01
1.252462194492406922e-01
3.312132859253953954e-01
1.243765932397712382e-01
2.098727396630222508e-01
1.707122567197673635e-01
1.384360019420808052e-01
1.347608057953173510e-01
1.559437875833242886e-02
6.897308652734061851e-02
1.915791131533213232e-01
3.312132859253953954e-01
3.312132859253953954e-01
3.312132859253953954e-01
2.536791218720170216e-01
1.327177376171775058e-01
8.794883524568299082e-02
6.297521805210650261e-03
5.816723334856407782e-04
2.272274233837040525e-02
7.351169324646894543e-02
3.515467981264071284e-02
5.726948415855721841e-02
7.247431413262313271e-02
9.213819424979377559e-02
9.846443894888703974e-02
1.986276722223166979e-01
1.099100467151708643e-01
1.127307678972653965e-01
5.109245429026286478e-02
6.550512545143852283e-02
8.798052903781171385e-02
2.008439397537525595e-01
1.915194053750667591e-01
2.200298343577737903e-01
7.212816366503750631e-02
4.251698125275219647e-02
6.985900488001015041e-02
3.237263355156579925e-01
3.237263355156579925e-01
3.237263355156579925e-01
2.283297837961992538e-01
1.194556813049011540e-01
7.916039123986534642e-02
5.668230722436177517e-03
5.235476895572520849e-04
2.045213183919165206e-02
2.767452356139409320e-01
1.275364134576285613e-01
3.237263355156579925e-01
3.237263355156579925e-01
6.265810673364115291e-02
6.245734748863014663e-02
5.886679126511202426e-02
8.954683975827437692e-02
2.028768673745707241e-01
5.419773061406150949e-02
6.948636921781162212e-02
9.332777370576775255e-02
2.130507507116405075e-01
2.031594935900603860e-01
2.334027177835509004e-01
7.651193974351019889e-02
4.510106097797932090e-02
7.410486695243308219e-02
7.710842751065626055e-02
1.463990299797550687e-01
2.489674288802550262e-01
2.563465116308970004e-01
2.481281750276907172e-01
1.006394770696200092e-01
5.590110942184293302e-02
5.033213804672568431e-02
1.154282715491142669e-01
2.563465116308970004e-01
1.352877695166316563e-01
2.563465116308970004e-01
2.563465116308970004e-01
6.646631555893348087e-02
6.625335465050706529e-02
6.244457306700103988e-02
9.498928101961252868e-02
2.152072347772725769e-01
2.563465116308970004e-01
8.250063947655213170e-02
2.414694826855770804e-01
2.164758092400824729e-01
1.573047768655054246e-01
1.305756199096522741e-01
7.729885017671882241e-02
9.267675759945090408e-02
2.563465116308970004e-01
9.087629450887013682e-02
1.725388753701988520e-01
2.476675913170824639e-01
2.476675913170824639e-01
2.476675913170824639e-01
1.186088609592452492e-01
6.588236652199805365e-02
5.931904394968023908e-02
1.360382248554800888e-01
1.992628828323561030e-01
1.840523009934936227e-01
2.449784934678319870e-01
1.067475999600304010e-01
1.672331871910166523e-01
9.161615281735670246e-02
3.293297844568925797e-02
1.268635644200136713e-02
1.344757210406813674e-01
2.476675913170824639e-01
9.723129691894116799e-02
2.476675913170824639e-01
2.476675913170824639e-01
1.853918656051725400e-01
1.538901631595062103e-01
9.110071753033395503e-02
1.092243816873446904e-01
2.476675913170824639e-01
2.245880597643873378e-01
2.473703880908939209e-02
1.579522536162241697e-01
2.476675913170824639e-01
2.169712244078771390e-01
8.126257421834000294e-02
8.033871910257418814e-02
2.465849508448940755e-02
7.526907474831927292e-02
2.249070463973976142e-01
2.077389366785264424e-01
2.410967355299492576e-01
1.204854967255495068e-01
1.887552847581670801e-01
1.034067059532598337e-01
3.717129254584090881e-02
1.431902879431701942e-02
1.517820920861882861e-01
7.246666757738601250e-02
1.448658622027037268e-01
2.323609447398537475e-01
2.410967355299492576e-01
2.410967355299492576e-01
2.389753028504008336e-01
4.987589774271636300e-02
2.513949913817497064e-02
8.864824084046082908e-02
2.410967355299492576e-01
2.792057535296629811e-02
1.782799401859762600e-01
2.410967355299492576e-01
2.410967355299492576e-01
9.172067216086889074e-02
9.067792138645180966e-02
2.783192343314189535e-02
8.495583846868137723e-02
2.410967355299492576e-01
2.410967355299492576e-01
2.410967355299492576e-01
4.213248581396891040e-02
2.221141534631352610e-01
1.678077002474157864e-01
3.350846183302789993e-02
4.777664902424566540e-02
9.730422937635703484e-02
