2.229951475972014874e-01
2.450402954234919828e-01
1.342031863653536383e-01
8.392818154949353848e-02
1.479633828891651626e-01
1.011877499325601198e-01
9.293294365448285035e-03
4.039191003428656800e-03
6.896048986241991308e-02
1.417206352478444786e-01
1.211336123172066237e-01
1.370684247964638336e-01
1.863857676726667634e-01
1.983162055055908979e-01
2.073716573668431817e-01
5.037502225430088437e-02
2.638896155879097774e-02
5.738932669602506836e-02
3.737764295724070596e-02
1.862480667308884230e-01
2.537532698099401740e-01
2.537532698099401740e-01
2.537532698099401740e-01
2.365613058003392388e-01
5.261835980728241796e-02
2.173181319066035122e-02
4.401038985802804143e-02
1.165356514753796563e-01
1.884348685447551630e-01
2.537532698099401740e-01
2.414987378864129342e-01
2.149354247976216770e-01
2.391257219888082430e-01
8.757187463405760597e-02
1.157713550695390892e-01
2.537532698099401740e-01
1.520695357612474319e-01
1.299791816339654071e-01
1.470776058114003082e-01
1.999962610449648737e-01
2.127978981495994848e-01
2.225146084807430313e-01
5.405356979085766678e-02
2.831596913497312629e-02
6.158008149662053815e-02
2.253458480875122905e-01
2.162508268146226542e-01
9.353567481410779427e-02
1.560059190329427248e-01
1.793401853779083288e-01
2.253458480875122905e-01
1.256774595445022125e-01
2.483718210439270213e-02
1.091816121773851317e-01
1.250454627761418691e-01
2.021949939098120208e-01
2.253458480875122905e-01
2.253458480875122905e-01
2.253458480875122905e-01
2.253458480875122905e-01
9.396665699426327845e-02
1.242253549674454949e-01
2.253458480875122905e-01
1.463308005820094515e-01
1.091951037223679727e-01
2.253458480875122905e-01
2.175422424261697907e-01
2.253458480875122905e-01
1.572285254221585937e-01
5.735923364013933295e-02
4.802452698238714179e-02
8.310456150405727549e-02
2.742747305590364504e-01
2.074799425828816046e-01
8.974197567585855129e-02
1.496784988077369538e-01
1.720663542105619892e-01
2.339935524158593960e-01
1.205801266721100995e-01
2.382981463167990407e-02
1.047533318570347399e-01
2.742747305590364504e-01
2.742747305590364504e-01
1.674348306897841532e-01
4.475572310360934059e-02
1.154932423841486915e-02
8.151005277620033962e-03
1.625738322591479624e-03
5.842746957381927432e-03
2.742747305590364504e-01
1.403957920072537724e-01
1.047662762005067555e-01
2.742747305590364504e-01
2.087189798660274709e-01
2.742747305590364504e-01
1.508515176912828826e-01
5.503280925004756796e-02
4.607670753285632304e-02
7.973393629619840439e-02
2.259242873826702025e-01
1.723481275263413492e-01
1.600154377716997700e-01
2.237558330811851293e-01
1.665191839980935673e-01
9.445917863548014548e-02
1.211641425068754885e-01
3.456462868053344906e-02
1.302328590383944329e-01
2.791812361689670063e-01
2.791812361689670063e-01
1.585711601278542437e-01
4.238644316515772364e-02
1.093792573285608770e-02
7.719507092733798523e-03
1.539674933916672503e-03
5.533443427204848622e-03
2.621995102519398269e-01
2.791812361689670063e-01
2.791812361689670063e-01
2.447532541174670673e-01
1.829810676695177718e-01
1.575748270339473733e-01
5.178223249349590829e-02
1.496037329008091492e-02
9.983362337909187575e-03
7.716540248620219755e-02
2.139643000428260722e-01
1.632243566952332747e-01
1.515445352755569186e-01
2.119106394463173004e-01
1.577039859707780323e-01
8.945869553691498943e-02
1.147499511544832484e-01
3.273484523310183497e-02
1.233385876726396102e-01
3.370483181983968679e-02
2.211901797287648408e-01
2.791812361689670063e-01
2.791812361689670063e-01
2.197126459478188354e-01
7.906354258673149726e-02
4.272763790897603220e-02
2.653606871190384783e-03
1.520398220211796776e-02
2.544837933733464230e-01
2.544837933733464230e-01
2.544837933733464230e-01
1.939289638839979124e-01
1.670026485804805005e-01
5.488040278134647537e-02
1.585546378329794059e-02
1.058067448685992215e-02
8.178226710791988707e-02
2.089730137080592909e-01
2.544837933733464230e-01
2.544837933733464230e-01
1.736862441209600927e-01
5.171175347571775605e-02
2.420746598044063239e-02
2.404295571669420872e-02
1.539981396874081504e-02
1.909584774641918600e-02
3.572141749938418515e-02
2.344241561295710430e-01
2.544837933733464230e-01
2.544837933733464230e-01
2.328582203806334738e-01
8.379397437190387599e-02
4.528406492776580750e-02
2.812374185152578029e-03
1.611364800151213889e-02
2.115944236568886305e-01
1.927634045117135320e-01
1.265872425315192895e-01
2.544837933733464230e-01
2.544837933733464230e-01
1.896330333785762878e-01
2.796374714409882722e-02
3.327367675059230562e-02
8.778475206037834877e-02
2.407085639365342811e-01
2.522132438512276753e-01
2.522132438512276753e-01
2.000629921349230123e-01
5.956492513990122722e-02
2.788371698957628833e-02
2.769422348208186446e-02
1.773849665815688259e-02
2.199582619128392924e-02
1.557184955338325738e-01
3.558955599854505408e-02
9.320304322618895576e-02
1.502848478608315164e-01
2.522132438512276753e-01
2.522132438512276753e-01
1.225522941952757738e-01
1.543939579538265022e-02
5.538596332722561105e-02
2.437280725949736715e-01
2.220372930274793211e-01
1.458113314335220678e-01
2.522132438512276753e-01
2.522132438512276753e-01
2.184315301269235954e-01
3.221044333860222098e-02
3.832676193641281620e-02
1.011161260922345956e-01
2.522132438512276753e-01
2.522132438512276753e-01
2.296719972580113511e-01
2.117571834010565368e-01
1.153599185948027128e-01
3.543361931027080164e-02
1.140267838330949815e-02
1.560651505086875328e-02
9.593406323060593710e-02
2.016006311884455116e-01
4.607594575343390564e-02
1.206651289473911898e-01
1.945659703616932912e-01
2.636239924579617533e-01
2.636239924579617533e-01
1.586620765803103961e-01
1.998858213243595583e-02
7.170532394029456580e-02
2.636239924579617533e-01
2.636239924579617533e-01
1.866148045874496952e-01
9.020412871408332867e-02
2.480344842631557190e-01
9.402197130685061022e-02
3.793559398909902847e-02
2.951972744895722117e-02
2.045059536726811233e-01
2.636239924579617533e-01
2.636239924579617533e-01
2.636239924579617533e-01
2.636239924579617533e-01
1.493504822457458747e-01
4.587406263946113005e-02
1.476245420579848019e-02
2.020494273413738287e-02
1.242008384004735233e-01
1.091147763493868772e-01
1.396716968115690183e-01
1.689458334904875292e-01
1.442218137917581633e-01
1.400337145554388651e-01
7.887650611548825685e-02
2.403424055349330166e-02
3.191623745275472268e-02
1.096360686274745477e-01
3.453592962773782693e-02
1.720881686755516005e-01
2.514780615386350004e-01
2.514780615386350004e-01
2.514780615386350004e-01
2.185762387187562827e-01
4.861793916513577202e-02
2.007960672893098833e-02
4.066440809991534594e-02
1.076757853104978874e-01
1.741087143166961670e-01
2.400958937982937136e-01
2.231382922238809019e-01
1.985945104620523982e-01
2.209456898134257441e-01
8.091404006375467473e-02
1.069695961343361118e-01
2.511750139170762508e-01
1.043928352749908944e-01
1.595209741291812866e-01
2.321659704137176150e-01
1.446793316881337110e-01
2.181230300546087575e-01
2.013665812851243297e-01
4.486111665023972961e-02
2.775124474959075882e-02
8.268683696354968415e-02
1.148903826146000784e-01
2.514780615386350004e-01
2.514780615386350004e-01
1.620795590764763927e-01
1.231528175269791525e-01
1.128218234484590632e-01
5.972555042610788040e-02
5.947463074156495236e-03
4.711207133409930914e-02
1.211299562600609558e-01
1.958637300750728505e-01
2.328990985382469181e-01
2.328990985382469181e-01
2.234090449991944505e-01
2.328990985382469181e-01
9.102431067007840659e-02
1.203355282113298813e-01
2.328990985382469181e-01
1.417487934426707730e-01
1.057759141679698728e-01
2.328990985382469181e-01
2.107304153607815478e-01
2.328990985382469181e-01
1.523052814904186092e-01
5.556316325030490055e-02
4.652075112233956117e-02
8.050233632242304038e-02
1.292460229630790214e-01
2.328990985382469181e-01
2.328990985382469181e-01
1.823315227743173561e-01
1.385408553773683493e-01
1.269189957619912823e-01
6.718830319983909449e-02
6.690603091061614674e-03
5.299876033933086789e-02
8.690972828822747520e-02
2.328990985382469181e-01
2.328990985382469181e-01
1.323841154943498910e-01
1.181976059407819218e-01
1.592656544009097008e-01
9.451259216521011586e-02
8.476520893618587349e-02
2.193120046455227234e-01
1.678681248082231903e-01
1.252667054865204965e-01
2.395441783470297348e-01
2.395441783470297348e-01
2.395441783470297348e-01
1.803698033770256837e-01
6.580150558399082417e-02
5.509289402689426102e-02
9.533609361261768944e-02
2.395441783470297348e-01
2.060728214743119402e-01
1.913268987272376542e-01
2.395441783470297348e-01
1.991032833869493535e-01
1.129427382527516815e-01
1.448732693895457835e-01
4.132815747778176979e-02
1.557165319745437704e-01
1.029241432043475901e-01
2.395441783470297348e-01
2.395441783470297348e-01
1.567778651422504776e-01
1.399772794124356790e-01
1.886127289079767289e-01
1.119279482541410964e-01
1.003844641460721054e-01
2.395441783470297348e-01
1.049143964894647674e-01
2.395441783470297348e-01
2.283006906371383982e-01
1.346624098952927673e-01
8.110977472363070651e-02
6.995638129568261532e-02
2.137660115603676886e-02
1.861192122675453878e-02
7.622463806552919052e-02
2.584821484084707244e-01
2.230627208312024878e-01
2.071010543407035276e-01
2.584821484084707244e-01
2.155185715465886831e-01
1.222544259477982981e-01
1.568175046789087868e-01
4.473550266347752630e-02
1.685547519179792786e-01
4.606108820468148013e-02
2.584821484084707244e-01
2.584821484084707244e-01
2.584821484084707244e-01
2.584821484084707244e-01
1.080483898667129322e-01
5.839167241726346547e-02
3.626424270792594131e-03
2.077779141630186829e-02
1.135641787591131768e-01
2.584821484084707244e-01
2.471231910002787968e-01
1.457647996956991931e-01
8.779695889258397334e-02
7.572401173371236249e-02
2.313901843957325011e-02
2.014640144699238189e-02
8.250906179488637360e-02
2.584821484084707244e-01
1.199460744436974952e-01
1.067748494461870923e-01
9.498126335393641817e-02
3.470213364257938166e-02
1.125741438184650473e-01
6.032357293160287015e-02
5.705554658582655259e-02
2.584821484084707244e-01
3.854824652583130340e-02
2.529754078837564979e-01
2.538828475330091039e-01
2.538828475330091039e-01
2.512855511669926933e-01
9.042504490542756235e-02
4.886763798097767952e-02
3.034932569907519782e-03
1.738880814579844489e-02
2.283390351672787977e-01
2.080178155977202015e-01
1.366047758943028101e-01
2.538828475330091039e-01
2.538828475330091039e-01
2.046397212609095129e-01
3.017666974484748896e-02
3.590680280884053083e-02
9.473163442326383576e-02
2.538828475330091039e-01
1.003821452701030154e-01
8.935922661922279797e-02
7.948924564770311341e-02
2.904200605687241518e-02
9.421262105369720974e-02
5.048443385343313883e-02
4.774944234237514518e-02
2.235261316457455849e-01
2.538828475330091039e-01
2.538828475330091039e-01
2.538828475330091039e-01
2.538828475330091039e-01
1.328335948414635648e-01
5.345441426089867637e-02
3.948866452867309806e-02
1.401137400259900613e-02
4.599713379138460623e-02
2.194938854743416767e-01
1.999598472507325697e-01
1.313131283638222790e-01
2.514848044711081032e-01
2.514848044711081032e-01
1.967126098655774258e-01
2.900771866763915754e-02
3.451588405679142241e-02
9.106202319574631387e-02
2.514848044711081032e-01
2.464190632427071814e-01
2.068354232899016765e-01
1.907019017831399488e-01
1.038895375932135795e-01
3.191041022079782463e-02
1.026889580883881201e-02
1.405473973825541005e-02
8.639521932633181800e-02
2.514848044711081032e-01
2.514848044711081032e-01
2.514848044711081032e-01
2.514848044711081032e-01
1.276880312291667763e-01
5.138375518353354571e-02
3.795899550526495025e-02
1.346861660517931387e-02
4.421534675031737333e-02
1.165331439728045093e-01
2.514848044711081032e-01
2.514848044711081032e-01
2.514848044711081032e-01
1.060791793518913312e-01
5.836725936182607377e-02
3.990428539118792695e-02
5.503285272221079133e-03
3.599315530781330846e-02
2.632245429727068098e-01
2.632245429727068098e-01
2.410441136434721965e-01
2.222422549981347417e-01
1.210719184734976722e-01
3.718810069052299466e-02
1.196727740813228330e-02
1.637926535412208284e-02
1.006841997096431518e-01
8.845458754320960348e-02
1.132257494930656583e-01
1.369570146090375307e-01
1.169143307670375831e-01
1.135192214799832788e-01
6.394174142789385562e-02
1.948350999012497461e-02
2.587310091508445917e-02
8.887717644446031795e-02
1.358066618967933015e-01
2.632245429727068098e-01
2.632245429727068098e-01
2.632245429727068098e-01
1.236237069849725201e-01
6.802067109631755593e-02
4.650408982030818789e-02
6.413478404569157056e-03
4.194609453451043912e-02
2.632245429727068098e-01
2.632245429727068098e-01
2.632245429727068098e-01
2.632245429727068098e-01
2.632245429727068098e-01
1.773058716181204753e-01
4.549949178913229725e-02
3.137398781316438207e-02
1.313100066652019560e-01
1.360850435534931568e-01
2.079493162043268562e-01
2.570741608969646652e-01
1.886019581919212706e-01
2.570741608969646652e-01
2.570741608969646652e-01
5.848032575343559136e-02
3.617613546431226734e-02
1.077894070013918071e-01
1.497694998014001411e-01
2.570741608969646652e-01
2.570741608969646652e-01
2.112846518437007937e-01
1.605402946739326875e-01
1.470729549333950337e-01
7.785739423192375441e-02
7.753029883203826737e-03
6.141463887351765460e-02
1.069605362577746022e-01
2.570741608969646652e-01
2.570741608969646652e-01
2.570741608969646652e-01
1.752184303952127042e-01
1.193535950657492739e-01
4.094137880149562037e-02
1.021796420370403753e-02
8.161225472703667258e-03
1.425722810477560165e-01
9.253718215233140698e-02
2.012339107242688829e-01
1.796187865550485097e-01
1.314200247972716618e-01
1.528647076378333303e-01
4.163701011839370664e-02
5.339525138496314938e-02
1.677724179495362344e-01
1.695400820916629914e-01
2.492860481685511553e-01
2.492860481685511553e-01
2.391756483515650178e-01
1.817326944012659651e-01
1.664875751467131682e-01
8.813509444197208109e-02
8.776482024714652580e-03
6.952178467613924495e-02
1.140049196930367770e-01
2.492860481685511553e-01
2.492860481685511553e-01
1.736565140960340536e-01
1.550471833084000883e-01
2.089187079220700127e-01
1.239780711779656097e-01
1.111918196946240084e-01
2.492860481685511553e-01
1.613927820075835573e-01
1.047527131988910537e-01
2.277981417382017315e-01
2.033296756557848306e-01
1.487683528499674501e-01
1.730438782008540677e-01
4.713337577333538697e-02
6.044378404892693235e-02
1.899195066391966280e-01
2.492860481685511553e-01
2.408974319417728494e-01
9.510590993833087370e-02
7.196331015245920060e-02
4.691057549996694581e-02
3.746422296521773748e-02
2.412847155117211345e-02
4.534068302253731197e-02
1.625378053997933725e-01
1.246887917049867983e-01
2.510914928444751282e-01
2.510914928444751282e-01
1.899305834575928664e-01
1.695772954012861322e-01
2.284973431454558612e-01
1.355965684175607644e-01
1.216120644839876336e-01
2.510914928444751282e-01
1.270999099283897926e-01
2.510914928444751282e-01
2.510914928444751282e-01
1.631385276104630744e-01
9.826149133613569508e-02
8.474956782971351799e-02
2.589696145066436653e-02
2.254765399858476432e-02
9.234332900562154667e-02
2.510914928444751282e-01
2.510914928444751282e-01
1.040186776688556969e-01
7.870728924823235106e-02
5.130675933131415706e-02
4.097515007490099698e-02
2.638965030197338441e-02
4.958974574414169029e-02
1.777698946348046649e-01
2.117149170054388463e-01
9.474765091540204853e-02
1.817930683215736032e-01
2.510914928444751282e-01
1.580808972569938131e-01
2.284878434583020590e-01
7.443428279330345509e-02
3.657311019025677457e-02
1.831401599759215071e-01
1.339988320993057980e-01
2.537841087592755951e-01
2.537841087592755951e-01
1.719936086698952149e-01
1.035950779728853077e-01
8.934973373703303245e-02
2.730263610151192205e-02
2.377152984681015976e-02
9.735568062862433314e-02
2.537841087592755951e-01
1.415290813174843454e-01
1.259878359506045320e-01
1.120721208026412008e-01
4.094640960089287324e-02
1.328306510123298256e-01
7.117815150178613548e-02
6.732207894097744227e-02
2.537841087592755951e-01
2.232067011905369547e-01
9.989050797887880084e-02
1.916607089065998082e-01
2.537841087592755951e-01
1.666614525657979518e-01
2.408900540492253106e-01
7.847453997466791176e-02
3.855828107584650249e-02
1.930809200500619993e-01
2.416240197794548572e-01
2.016872742079136027e-01
2.537841087592755951e-01
2.467675315461616559e-01
1.732847834502702078e-01
8.223394791338274612e-02
2.862670557117149087e-02
4.092910113295247787e-02
1.806549884925077454e-01
2.616626245810174112e-01
1.229164282503012184e-01
1.094190300246094261e-01
9.733338665991277117e-02
3.556149994731735986e-02
1.153619385684574034e-01
6.181743052816333905e-02
5.846847452677902957e-02
2.616626245810174112e-01
2.616626245810174112e-01
2.616626245810174112e-01
2.616626245810174112e-01
2.616626245810174112e-01
1.626527405409332883e-01
6.545412690157471902e-02
4.835327624428125554e-02
1.715671689068325526e-02
5.632279904135616133e-02
2.098477656627145693e-01
1.751631476612519334e-01
2.616626245810174112e-01
2.143148482519724729e-01
1.504959012915093597e-01
7.141926637508386189e-02
2.486197443399008541e-02
3.554646773600140391e-02
1.568968421499609411e-01
1.198899653985369962e-01
2.285380452317417321e-01
2.616626245810174112e-01
2.616626245810174112e-01
1.824321629097027941e-01
8.581289622915004578e-02
5.938407394386831933e-02
2.224652507273771826e-02
5.210055433429482130e-02
2.641258748119549304e-01
2.641258748119549304e-01
2.641258748119549304e-01
2.641258748119549304e-01
1.411118549545169742e-01
5.678572172096375131e-02
4.194961905509099476e-02
1.488457026498445079e-02
4.886369957569884626e-02
1.287842560605477471e-01
2.641258748119549304e-01
2.641258748119549304e-01
2.641258748119549304e-01
1.172312676944072124e-01
6.450340065449544635e-02
4.409941697729554549e-02
6.081844834095948872e-03
3.977711037016431334e-02
1.040123600226879746e-01
1.982716515140085234e-01
2.641258748119549304e-01
2.399336345216417365e-01
1.582717931830616986e-01
7.444828120106236624e-02
5.151955510314067815e-02
1.930031064257514695e-02
4.520062706487708304e-02
1.003634610591358362e-01
1.376057173580934323e-01
2.170745715700362344e-01
2.641258748119549304e-01
2.641258748119549304e-01
1.237037263758575950e-01
1.602258439584497082e-02
1.563723641398771791e-02
3.900940236846989206e-02
1.067519381717995375e-01
2.615980607770370669e-01
2.615980607770370669e-01
2.327606298412291941e-01
9.717542674495309452e-02
5.346820526961100495e-02
3.655492044275460845e-02
5.041367194718628965e-03
3.297207094081625739e-02
2.615980607770370669e-01
2.212100438251153878e-01
2.242640486025912760e-01
2.615980607770370669e-01
2.615980607770370669e-01
1.393727316474270006e-01
3.576524793763773136e-02
2.466177991900704927e-02
1.032173055215431373e-01
8.319335233536240271e-02
1.140642302160830845e-01
1.799376100135995082e-01
2.558477960235477355e-01
2.615980607770370669e-01
1.025405818510001371e-01
1.328145218289353800e-02
1.296202925658092309e-02
3.233570187181804972e-02
2.615980607770370669e-01
2.615980607770370669e-01
2.615980607770370669e-01
1.265009389129444495e-01
1.326308965311927268e-01
4.811399425467337981e-02
5.276013617148246106e-03
1.102083722843958877e-02
8.276465762862823816e-02
1.175996689704618681e-01
2.514507723700912245e-01
2.514507723700912245e-01
2.514507723700912245e-01
1.926470278939272918e-01
1.312254384770480120e-01
4.501372901353798556e-02
1.123432295638178771e-02
8.973004881634469992e-03
1.567536368289389748e-01
1.017416550936795089e-01
2.212502116647284411e-01
1.974850779435427806e-01
1.444920898208910121e-01
1.680698287838749694e-01
4.577855326979964751e-02
5.870636131005600722e-02
1.844603767289483276e-01
8.432564639918614657e-02
2.263531311977461935e-01
2.514507723700912245e-01
2.514507723700912245e-01
2.514507723700912245e-01
9.025928932464818977e-02
8.856797815497067031e-03
7.884797538315108448e-03
3.775664571650818452e-02
2.178535834466457377e-01
2.431404354946201385e-01
2.514507723700912245e-01
1.728712263140836924e-01
2.370187880982891071e-01
9.340932617464861587e-02
3.198987136688514338e-02
2.523222376385694798e-02
6.602318824885632098e-02
1.841720832402901631e-01
1.195377214205644023e-01
2.423343408610091065e-01
2.320280342421930375e-01
1.697658168090666608e-01
1.974676385387099664e-01
5.378587504560589094e-02
6.897494106455154261e-02
2.167251270510065775e-01
2.423343408610091065e-01
2.423343408610091065e-01
1.085293489827988123e-01
8.212035620665346369e-02
5.353162829440456794e-02
4.275199860027606436e-02
2.753401246144104170e-02
5.174015804130556451e-02
1.854787175325984527e-01
2.423343408610091065e-01
2.423343408610091065e-01
2.423343408610091065e-01
2.031088689655887736e-01
2.423343408610091065e-01
1.097479493533562722e-01
3.758535604923498447e-02
2.964569951538613066e-02
7.757158537397884635e-02
2.037461906984704141e-01
2.423343408610091065e-01
2.423343408610091065e-01
2.423343408610091065e-01
1.399407880105875135e-01
5.042724352836084473e-02
1.105833701724484239e-02
5.142839877542502817e-03
4.258351127186715823e-02
2.658038508011655310e-01
2.412827921595439851e-01
9.525804951852373526e-02
7.207842884280118989e-02
4.698561768470392586e-02
3.752415395329068010e-02
2.416706952615465046e-02
4.541321387246219365e-02
1.627978148302801631e-01
1.938839302698866784e-01
8.676784424616361402e-02
1.664821500560739742e-01
2.658038508011655310e-01
1.447670579583617279e-01
2.092442126194073160e-01
6.816530218517918849e-02
3.349286127863377455e-02
1.677157873834429769e-01
1.788314857195133778e-01
2.658038508011655310e-01
2.658038508011655310e-01
2.397740794077099225e-01
1.228284020766269302e-01
4.426084654638988425e-02
9.706089873884615055e-03
4.513957747949152999e-03
3.737626976875214196e-02
1.393224577732043445e-01
2.658038508011655310e-01
2.658038508011655310e-01
2.658038508011655310e-01
2.658038508011655310e-01
1.604669909200622246e-01
3.904217453759392664e-02
1.932817452353577034e-02
5.452554202987230925e-02
1.745723302916756259e-01
7.812542660628413183e-02
1.498998748725656471e-01
2.750654666233935952e-01
1.303476911267590355e-01
1.884026682673979325e-01
6.137577070435119159e-02
3.015684091718173407e-02
1.510106370830996136e-01
1.889767106558969401e-01
1.577417580245317474e-01
2.833471569527335476e-01
1.929995058058963653e-01
1.355278685167206898e-01
6.431604355851716637e-02
2.238925029346282985e-02
3.201108444958326166e-02
1.412921841133772116e-01
1.254453944768698093e-01
2.833471569527335476e-01
2.833471569527335476e-01
2.833471569527335476e-01
2.833471569527335476e-01
1.444838491813847381e-01
3.515342080797854291e-02
1.740301252486987915e-02
4.909458416342982190e-02
8.022916493578460817e-03
4.627547768730033012e-02
1.592842299491936953e-01
2.833471569527335476e-01
2.833471569527335476e-01
1.041587607658210068e-01
1.709987585982344904e-02
7.230551733689256043e-03
4.641788701424435365e-02
2.030082101592718680e-01
1.694540658094468022e-01
2.805771190465750631e-01
2.073296973965315926e-01
1.455907975050895753e-01
6.909150255617969860e-02
2.405164960861281773e-02
3.438790386821887618e-02
1.517831128862225099e-01
1.159823990250780368e-01
2.210893185794735039e-01
2.805771190465750631e-01
2.675458813986743012e-01
1.764861624846159882e-01
8.301600170507972276e-02
5.744857242219641308e-02
2.152144542982039124e-02
5.040244412566724508e-02
8.618617140523506318e-03
4.971142669886986082e-02
1.711110661009627720e-01
2.805771190465750631e-01
2.805771190465750631e-01
1.118925370331991659e-01
1.836953971841277788e-02
7.767419386365914322e-03
4.986440990231622017e-02
2.676414702511048516e-01
2.252292092285736458e-01
1.513601381770777188e-01
1.046133020732987751e-01
1.420059790316840487e-01
2.349889983886040146e-01
7.354606365097172971e-02
6.290838667888150326e-02
2.344633096955462404e-01
1.101481875634906238e-01
2.099679601032445886e-01
2.621605319217539254e-01
2.540876389336331753e-01
1.676084568962302179e-01
7.884008438733039470e-02
5.455876222259067876e-02
2.043886165286784573e-02
4.786707220991298639e-02
1.062840351940039924e-01
1.457232617552547405e-01
2.298800894369208425e-01
2.621605319217539254e-01
2.621605319217539254e-01
1.310011738237507051e-01
1.696777797273733152e-02
1.655969780059656643e-02
4.131061892917960165e-02
2.541784194221813897e-01
2.138996036590122829e-01
1.437463359070520474e-01
9.935098528108810001e-02
1.348627149032928796e-01
2.231684504496938282e-01
6.984650845023511467e-02
5.974393385089209890e-02
2.226692052430965241e-01
8.920552026648100041e-02
1.453644386149232082e-01
2.621605319217539254e-01
2.621605319217539254e-01
2.621605319217539254e-01
1.563700151559936080e-01
3.913559832071199923e-02
5.337336198468792432e-03
5.999574142426422792e-03
9.100026004768971277e-02
1.247680772612766720e-01
1.968230494858565216e-01
2.798566870693911524e-01
2.837616334103751359e-01
1.121630437041069850e-01
1.452779060497758762e-02
1.417839286412844735e-02
3.537010105444732266e-02
2.837616334103751359e-01
2.837616334103751359e-01
2.837616334103751359e-01
1.383718532094984910e-01
1.450770492580149840e-01
5.262903665017039379e-02
5.771117495544916820e-03
1.205503836037831282e-02
9.053133640537008864e-02
7.637765659839369781e-02
1.244608533304041170e-01
2.837616334103751359e-01
2.837616334103751359e-01
2.837616334103751359e-01
1.338838144118503215e-01
3.350785108794621797e-02
4.569820680368828596e-03
5.136827992460338797e-03
1.408770658159578248e-01
1.447709066348728812e-01
1.743989247951891475e-01
2.837616334103751359e-01
1.610726723532051319e-01
5.857088033761319312e-02
1.335337303723192412e-02
3.283860005202662163e-02
8.411159269023840701e-02
7.642736367930495767e-02
2.051519770877978377e-01
2.743309937754587757e-01
2.604972263337648752e-01
2.417084523688335373e-01
8.180523749554170776e-02
8.027234140307771756e-03
7.146275359050355963e-03
3.422020484522597661e-02
1.974485315190812051e-01
2.203669142448609619e-01
2.292052605003371823e-01
1.566794047524955880e-01
2.148186452204994823e-01
8.466022909321677115e-02
2.899357001590339294e-02
2.286887114874826613e-02
5.983918813590329011e-02
1.073069826141074268e-01
1.551090726088119320e-01
2.743309937754587757e-01
1.936064622006452851e-01
1.257213262916003216e-01
1.227935566263868294e-01
4.379777653699849782e-02
5.137842209718858702e-03
4.365899421979868578e-02
2.743309937754587757e-01
2.743309937754587757e-01
2.743309937754587757e-01
2.743309937754587757e-01
8.583615208606558411e-02
5.432273685441144778e-02
1.864635709547097717e-02
1.458258702199384180e-02
1.571793340007786310e-01
1.745175214125358754e-01
1.947742400486044967e-01
2.025861304183357026e-01
1.384831842679700720e-01
1.898703283769801464e-01
7.482807408034757024e-02
2.562635405362483770e-02
2.021295716750626248e-02
5.288966555725974766e-02
1.389177213879989325e-01
2.709163647350572024e-01
2.242461280638899934e-01
1.862584131939001852e-01
9.541408029778572497e-02
3.438217785973161911e-02
7.539767862701675892e-03
3.506478304219425197e-03
2.903418382600643846e-02
2.709163647350572024e-01
2.709163647350572024e-01
2.709163647350572024e-01
2.672506152125239121e-01
7.586742932145836005e-02
4.801387642258123784e-02
1.648083173188944275e-02
1.288901428276786366e-02
1.389250534103777246e-01
1.893893314526865768e-01
2.709163647350572024e-01
2.709163647350572024e-01
2.709163647350572024e-01
2.153875985296657969e-01
9.561520934160015750e-02
3.657351042086760123e-02
2.032006519857230617e-02
6.523716198158809043e-02
1.355339770759707296e-01
2.534273303527437293e-01
2.187839627422228928e-01
1.817215489269434492e-01
9.308999343349508293e-02
3.354470012394966671e-02
7.356114932287039637e-03
3.421067847593710354e-03
2.832697200742763377e-02
1.055906163393292435e-01
2.534273303527437293e-01
2.534273303527437293e-01
2.534273303527437293e-01
2.534273303527437293e-01
1.216157735384545968e-01
2.958953881909683753e-02
1.464856343531129729e-02
4.132417473242083056e-02
1.847762045840707912e-01
2.534273303527437293e-01
2.534273303527437293e-01
2.534273303527437293e-01
2.101412084066189290e-01
9.328622339567189947e-02
3.568265642023318862e-02
1.982511103182730064e-02
6.364812155116297832e-02
2.534273303527437293e-01
2.534273303527437293e-01
1.828204459756774813e-01
1.801321108535840210e-01
1.055385102558581562e-01
1.584698245465824551e-01
6.720272222319580158e-02
1.512462531252753949e-02
1.396506018781079606e-01
1.039021702161217892e-01
2.649180702508013296e-01
2.649180702508013296e-01
2.649180702508013296e-01
2.559337470318752139e-01
1.196710772342679807e-01
2.911638747441629843e-02
1.441432566873338331e-02
4.066338076188961981e-02
6.645109919114828255e-03
3.832841037767048542e-02
1.319297311945283602e-01
2.649180702508013296e-01
2.649180702508013296e-01
8.627117269407694189e-02
1.416324783919848534e-02
5.988821033432025452e-03
3.844636319841934768e-02
2.649180702508013296e-01
2.649180702508013296e-01
1.798970567205309956e-01
1.772517094052346032e-01
1.038508973346688458e-01
1.559358137587186777e-01
6.612811749277072715e-02
1.488277508133052131e-02
1.374175197585100483e-01
2.011835406829821093e-01
2.649180702508013296e-01
1.955288389772639746e-01
2.649180702508013296e-01
1.726342942246407441e-01
9.628068005462686596e-02
5.143747027245450243e-02
1.823335488664106635e-02
6.200418532599426963e-02
8.481149562438235201e-03
4.891852578216409481e-02
1.683818319956572052e-01
2.758428902705816754e-01
2.758428902705816754e-01
1.101078428275071297e-01
1.807654420713079163e-02
7.643528475143531419e-03
4.906906889224945528e-02
2.633725690908932382e-01
2.216367867550036175e-01
1.489459328266598825e-01
1.029447122012760174e-01
1.397409732084960998e-01
2.312409065591991275e-01
7.237299851964486275e-02
6.190499327864139312e-02
2.307236026395085293e-01
2.567704249895289559e-01
2.758428902705816754e-01
2.495533327997945250e-01
2.758428902705816754e-01
2.203330398965285819e-01
1.228829707041666081e-01
6.564961058646692771e-02
2.327121924255783764e-02
7.913590228721820163e-02
1.379369644179513354e-01
1.065819228144691683e-01
6.986074905321305872e-02
1.163442833072385885e-01
2.331507719551946523e-01
1.806656741422904833e-01
1.032344052669645490e-01
6.784140127720961200e-02
9.645816034141983797e-02
2.554206315965370511e-01
2.324004130770216670e-01
1.561793816895633569e-01
1.079441458701419637e-01
1.465273900281643671e-01
2.424709498431203425e-01
7.588773956635801177e-02
6.491136340732803212e-02
2.419285234418779018e-01
9.692116957696536583e-02
1.579374388868538537e-01
2.554206315965370511e-01
2.554206315965370511e-01
2.554206315965370511e-01
1.698949202965571170e-01
4.252055197937088665e-02
5.798978193678508766e-03
6.518495056254734396e-03
1.446357708874274894e-01
1.117579949216922081e-01
7.325348456609644121e-02
1.219944572181534265e-01
2.444735664369148687e-01
1.894395687387351868e-01
1.082479076649110888e-01
7.113606866163231512e-02
1.011425794255676608e-01
2.554206315965370511e-01
1.627969013679055610e-01
2.098139291572516940e-01
2.102421459833440365e-01
8.116866828507061926e-02
6.723969024731199506e-02
1.847974063457540408e-02
4.646781825283369943e-02
2.554206315965370511e-01
9.191728573411163394e-02
1.497833833582518093e-01
2.745539648965538704e-01
2.745539648965538704e-01
2.745539648965538704e-01
1.611235192665708416e-01
4.032528438233846241e-02
5.499586291836400416e-03
6.181955657957304354e-03
1.695396021388403951e-01
1.742256752012455168e-01
2.098817444270524857e-01
2.745539648965538704e-01
1.938441621284027749e-01
7.048758214721237425e-02
1.607022079024145525e-02
3.951986901040669548e-02
1.012247513629850881e-01
2.732762754953745321e-01
1.543919596201212552e-01
1.989815740102998387e-01
1.993876826915289835e-01
7.697806070624761687e-02
6.376821336464982837e-02
1.752566139693219338e-02
4.406875965724613153e-02
2.745539648965538704e-01
9.297044704947046712e-02
1.114002531307494714e-01
1.036498111768088953e-01
2.745539648965538704e-01
2.549940980790211253e-01
1.755510335816544976e-01
8.289623502163426250e-02
3.590906840361104968e-02
7.427631902633885508e-02
8.369146481701450480e-02
1.209735394361327043e-01
2.485881583687632179e-01
1.509986398357803516e-01
9.805328320450405755e-02
9.576984063665457125e-02
3.415900796774223175e-02
4.007134764718727447e-03
3.405076808312148401e-02
2.831004574372445459e-01
2.831004574372445459e-01
2.831004574372445459e-01
2.358233321699621798e-01
6.694581403125234031e-02
4.236769415616029044e-02
1.454277159607633013e-02
1.137333320685322835e-02
1.225881893333428951e-01
4.504550781982971652e-02
7.077671229291608579e-02
1.735990105502482894e-01
2.761123539416767692e-01
2.831004574372445459e-01
2.831004574372445459e-01
8.181247843983389945e-02
4.645761803993087025e-02
3.798052916566459214e-02
1.227175234560915901e-01
1.639976155486062015e-01
1.578444569809518416e-01
2.705698481931201327e-01
2.798584922132269504e-01
1.492302019877419506e-01
7.074468349012145996e-02
4.011976830767897267e-02
1.538135209022748751e-01
2.747290420045133685e-01
2.418080641135723075e-01
2.747290420045133685e-01
1.998007166109980748e-01
5.671967016355543290e-02
3.589592079657101531e-02
1.232132613710995757e-02
9.636027546872143190e-03
1.038625306981665192e-01
1.415904098579277848e-01
2.590487340360780877e-01
2.413939015748136074e-01
2.747290420045133685e-01
1.610271186883033556e-01
7.148341765339014109e-02
2.734292523614259215e-02
1.519159679025760927e-02
4.877231696257752769e-02
1.039721087037424052e-01
1.389465614262918314e-01
1.337333135261545292e-01
2.292396136755132097e-01
2.371093936268211799e-01
1.264349079575624035e-01
5.993825262191306708e-02
3.399137135575804741e-02
1.303181132161515543e-01
8.148859090858390219e-02
2.747290420045133685e-01
2.747290420045133685e-01
2.747290420045133685e-01
1.943529123434514505e-01
1.023948713531250831e-01
4.572085467225681793e-02
1.402248160157941806e-02
4.145177797335008324e-02
1.523468437754710580e-01
2.787283196229708992e-01
2.597322731706921961e-01
2.800308770534690739e-01
1.732601333595731596e-01
7.691391721166079831e-02
2.942013066771106619e-02
1.634568206439681107e-02
5.247748460027164968e-02
2.489641420025244523e-01
2.800308770534690739e-01
1.507343328363806023e-01
1.485178170691929533e-01
8.701585234114753153e-02
1.306573952943168859e-01
5.540823098336437880e-02
1.247016051031501691e-02
1.151410619964034349e-01
8.767917008708485394e-02
2.800308770534690739e-01
2.800308770534690739e-01
2.800308770534690739e-01
2.091176429519868429e-01
1.101736726738528904e-01
4.919420680415047958e-02
1.508775075970037426e-02
4.460081406260505560e-02
6.187203488828438291e-02
2.800308770534690739e-01
2.720138609930489171e-01
1.286713139764799896e-01
4.850723260974498796e-02
3.347044823266248637e-02
9.322822827808135981e-03
4.512148890968781245e-02
7.254068959837321751e-02
2.240474867198603837e-01
3.005177551460789243e-01
1.356486446712617810e-01
1.336539606861748830e-01
7.830719261419943900e-02
1.175810331624310145e-01
4.986290312960173915e-02
1.122213062032443968e-02
1.036175946907576945e-01
1.516993947611241789e-01
2.432341364147252716e-01
1.474355527818051459e-01
2.380440753715688251e-01
1.301722688644732229e-01
7.259898519477551992e-02
3.878564360625508245e-02
1.374858445864009932e-02
4.675331468309101846e-02
5.567980112904400564e-02
3.254224400501706804e-01
2.447903598416197313e-01
1.157937214471635445e-01
4.365256565276303541e-02
3.012068222193694383e-02
8.389782588384856604e-03
4.060567158772247082e-02
6.528072299374036713e-02
9.742652668557141848e-02
2.076026592562601469e-01
3.254224400501706804e-01
3.254224400501706804e-01
3.254224400501706804e-01
1.839529094260440034e-01
7.980187953717181315e-02
2.742752060080186002e-02
2.959404319567493849e-02
1.457607834955279569e-01
2.337121934632413744e-01
1.416638591235795941e-01
2.287253089392039529e-01
1.250763849714355280e-01
6.975693594317868007e-02
3.726729305234414980e-02
1.321036544543540553e-02
4.492305186814588014e-02
7.830263164994669123e-02
6.050332539867255693e-02
3.965782865373244925e-02
6.604512139893188583e-02
1.323526227530379129e-01
1.025584243777370591e-01
5.860304120313407361e-02
3.851150615965152901e-02
5.475637245401597519e-02
9.361254792940094938e-02
1.994755899758037521e-01
3.134723929793954422e-01
3.134723929793954422e-01
3.134723929793954422e-01
1.767516623678279386e-01
7.667785691610959353e-02
2.635380911313391084e-02
2.843551834728566194e-02
1.513072351999710241e-01
2.529154977461174347e-01
3.134723929793954422e-01
2.785795623924785525e-01
2.762908007084632911e-01
1.379565969865163277e-01
9.663743809288101450e-02
4.379224742852010771e-02
1.570027988471406344e-01
1.049099814014271131e-01
8.106244462734543688e-02
5.313361733592369962e-02
8.848735108408910255e-02
1.773262392191994608e-01
1.374079282817487202e-01
7.851644105874758250e-02
5.159777276722905121e-02
7.336266859383828998e-02
2.090087559383595195e-01
1.180829596297435086e-01
1.521862487446456469e-01
1.524968511563830065e-01
5.887480965405887667e-02
4.877157711402913681e-02
1.340407863408446185e-02
3.370492595821213827e-02
2.186321745440508724e-01
2.027216569386033340e-01
2.950670703121084371e-01
2.950670703121084371e-01
2.950670703121084371e-01
2.950670703121084371e-01
1.848344521645391703e-01
1.294749821222977160e-01
5.867291770973148690e-02
2.103525815155248280e-01
4.707662947952336030e-02
7.341047405405366766e-02
1.230568811830167197e-01
2.950670703121084371e-01
2.950670703121084371e-01
2.464852547780448933e-01
2.658830280258493717e-02
1.622524440676954144e-02
4.067820822532359354e-02
2.341085935216205560e-01
1.322635287391612513e-01
1.704622779413502709e-01
1.708101805611701995e-01
6.594507880822821078e-02
5.462855022860358539e-02
1.501377290339058791e-02
3.775254665959777711e-02
2.448876873664383447e-01
7.964533532365207502e-02
9.543366518413227972e-02
8.879406552726890056e-02
2.450000930626790585e-01
2.184467332533014394e-01
1.503899505676757342e-01
7.101502299814892172e-02
3.076235389772551468e-02
6.363056781163461961e-02
5.273005652662696857e-02
8.222632948266719866e-02
1.378347679625891997e-01
3.120113130014003922e-01
3.120113130014003922e-01
2.760856408184375055e-01
2.978128904358368079e-02
1.817373215088460489e-02
4.556324959619713344e-02
5.161756864925082927e-02
1.296484435941199220e-01
3.120113130014003922e-01
3.120113130014003922e-01
2.907256536842344752e-01
1.630474156569584332e-01
2.312419947990893357e-02
4.323475158364153970e-02
7.958521859877495941e-02
4.648997371765110215e-02
7.304629592544929773e-02
1.791657776436137994e-01
2.680485665571023524e-01
2.680485665571023524e-01
2.680485665571023524e-01
8.443594392711971375e-02
4.794736581280756998e-02
3.919844371067194438e-02
1.266526833927142937e-01
1.692564964992101240e-01
1.629060257433923020e-01
2.680485665571023524e-01
2.680485665571023524e-01
1.540155390419597481e-01
7.301324006100913533e-02
4.140628143526382116e-02
1.587458303892902434e-01
1.467667991733059285e-01
1.166204643832364635e-01
9.673742296333838475e-02
1.277137099472274440e-01
2.680485665571023524e-01
1.061896963436843727e-01
2.861003360831297290e-02
3.512744096929042853e-02
8.439294427550432520e-02
1.425262177945492981e-01
6.421289786357303742e-02
5.481239413714204811e-02
2.215479451329835925e-01
2.680485665571023524e-01
2.680485665571023524e-01
1.854792562690661950e-01
1.103325210736325057e-01
2.075633233268076583e-01
7.903700883967013091e-02
1.056237171738377140e-01
1.016607358944966455e-01
1.742622478120610108e-01
1.802446586271587714e-01
9.611266966181139515e-02
4.556356758917987776e-02
2.583939435115888486e-02
9.906458563404479944e-02
6.194559829815383251e-02
3.476830526725169790e-01
3.476830526725169790e-01
2.618817834611080198e-01
1.477422459005305888e-01
7.783803226819169252e-02
3.475585558416557919e-02
1.065954144929496909e-02
3.151060974857181757e-02
8.894281300604922613e-02
4.007175560842486661e-02
3.420541566030483455e-02
1.382559487002047449e-01
2.217710120171154098e-01
1.984714031603622697e-01
1.157474537815985222e-01
6.885248863113643814e-02
1.295289115170528971e-01
4.831049481090289588e-02
1.940712942332316060e-01
3.476830526725169790e-01
3.476830526725169790e-01
1.960589435806711078e-01
2.631175007515090258e-01
2.199224160759035568e-02
3.663350316365432662e-03
1.358238973045424944e-03
5.216748421462377716e-02
3.204615633721099588e-01
3.248880322539677290e-01
2.205437380562362548e-01
1.244211290647699725e-01
6.555129712532431485e-02
2.926964299910132794e-02
8.976932591961035712e-03
2.653665929158975645e-02
3.681271618054090394e-02
2.817224561581981312e-01
1.618432152747300290e-01
7.655705151036397427e-02
2.886090606184578758e-02
1.991429752470932901e-02
5.546907118559214755e-03
2.684645119357929530e-02
4.316036837235621287e-02
4.068468211927096095e-02
1.634371360769542592e-01
3.248880322539677290e-01
3.248880322539677290e-01
1.651110349302299940e-01
2.215843973445759119e-01
1.852076577557819001e-02
3.085090386596949300e-03
1.143840920625117724e-03
1.304635105110490967e-01
1.670538877540965472e-01
3.248880322539677290e-01
1.957758021942447857e-01
1.727293947065828561e-01
2.434513290349452630e-01
3.157107679788689197e-02
2.430887422137831613e-02
8.163934382166036785e-02
4.295399575640183182e-02
3.056624875262303753e-01
1.888427017452162238e-01
8.932867788324365399e-02
3.367562530367516904e-02
2.323649923501839437e-02
6.472269627246144026e-03
3.132510910056161141e-02
5.036059471457581677e-02
7.515936711257531488e-02
1.601543749059766153e-01
3.056624875262303753e-01
3.056624875262303753e-01
2.656594751673587718e-01
1.419098547523804654e-01
6.156289220660551148e-02
2.115886873886351979e-02
2.283022532526094925e-02
1.522280792694973572e-01
1.949226444060356556e-01
3.056624875262303753e-01
2.284360908175233629e-01
2.015449675282123820e-01
2.840650850910336200e-01
3.683792014016890742e-02
2.836420097411696678e-02
9.525882336073532297e-02
6.312685680294191637e-02
1.866039751878306729e-01
3.056624875262303753e-01
1.768859391716710583e-01
1.006961666610672046e-01
1.067374579448120975e-01
1.227283596717085312e-01
3.414246211153449534e-02
4.007969067433100191e-02
8.064619352650524708e-02
1.718460547098306646e-01
2.894072758395286882e-01
2.894072758395286882e-01
2.850532976735510315e-01
1.522696378288673491e-01
6.605714110802565764e-02
2.270352038170376716e-02
2.449689028217827760e-02
1.303495401182741542e-01
2.178839549636891748e-01
2.794241406778219527e-01
2.399932679770265809e-01
2.380215246393241890e-01
1.188481102685427504e-01
8.325210355583605171e-02
3.772654563087517871e-02
1.352562063536443815e-01
6.773527912794580219e-02
2.002265435959886541e-01
2.894072758395286882e-01
1.897990660457468948e-01
1.080472448864849833e-01
1.145295659162660351e-01
1.316878444499186285e-01
3.663494934429121358e-02
4.300561080780783418e-02
1.566261358132877701e-01
1.800910406594601054e-01
2.170666882713030155e-01
2.569552481887547035e-01
5.263166951584857117e-02
2.723353750460198383e-02
2.787580077038514723e-02
1.781119541925242633e-02
6.683421755191573665e-02
1.586744168207586680e-01
2.652300073870147434e-01
2.677514261845767018e-01
2.677514261845767018e-01
2.677514261845767018e-01
1.446737331792584402e-01
1.013427356079466546e-01
4.592450131553343223e-02
1.646472986792220095e-01
3.684784764171812610e-02
5.745989025035567327e-02
9.631915579404642935e-02
2.677514261845767018e-01
2.677514261845767018e-01
1.929290863514774579e-01
2.081121230541069927e-02
1.269983302671090844e-02
3.183967152271974937e-02
1.906609009629963158e-01
2.192247155253080060e-01
2.642351491337079361e-01
2.677514261845767018e-01
6.406849965985708661e-02
3.315136883174293891e-02
3.393319551905667197e-02
2.168155747589196880e-02
8.135725284569075844e-02
2.677514261845767018e-01
2.677514261845767018e-01
1.656652889300022635e-01
5.713853855716222174e-02
5.003631406356850303e-02
2.377875054432466995e-02
9.662219526448734969e-03
2.415842289315172156e-02
1.250287947507702779e-01
4.383601798914806696e-02
6.835712107692645811e-02
1.145860210653677630e-01
2.955872659508942402e-01
2.955872659508942402e-01
2.295179621389393798e-01
2.475804518804793769e-02
1.510834810301875560e-02
3.787804452540959738e-02
4.291117470587293287e-02
1.077804933280703537e-01
2.955872659508942402e-01
2.955872659508942402e-01
2.416886274031111725e-01
1.355460228307047987e-01
1.922381448375775140e-02
3.594229691788447534e-02
6.616148936621188414e-02
2.955872659508942402e-01
2.955872659508942402e-01
1.970836032629225409e-01
6.797482524405609738e-02
5.952566849299366358e-02
2.828837512453081723e-02
1.149465317743468724e-02
2.874005208745664813e-02
1.487404243837324447e-01
1.027833745035099527e-01
2.407704280556552112e-01
2.955872659508942402e-01
1.495871108347071043e-01
1.385382631154608302e-01
1.377931587207945063e-01
3.215382631978869893e-02
2.989919349458916575e-02
1.246151879628569631e-01
1.464262325674742515e-01
1.163498511658792173e-01
9.651294756439872391e-02
1.274173552882726101e-01
2.393281919832124238e-01
1.059432873147911486e-01
2.854364514652463908e-02
3.504592911913188835e-02
8.419711375559149613e-02
1.421954912916227332e-01
6.406389435052245451e-02
5.468520412459192820e-02
2.210338518085538384e-01
2.393281919832124238e-01
2.393281919832124238e-01
1.850488589236478632e-01
1.100764987823067420e-01
2.070816807692352213e-01
7.964132975040320861e-02
2.393281919832124238e-01
2.393281919832124238e-01
2.266188456372885685e-01
2.393281919832124238e-01
2.191946096988075243e-01
9.722582993401464313e-02
2.956298653870428894e-02
4.917196165644351080e-02
1.034438113334311404e-01
2.393281919832124238e-01
2.393281919832124238e-01
2.393281919832124238e-01
2.393281919832124238e-01
1.917499578490942380e-01
1.929772865895559159e-02
2.458292858708712239e-02
1.182711923109884961e-01
9.155772781932750015e-02
4.124986347114122098e-02
3.521105338505713112e-02
1.423206675466326954e-01
2.282910700732939668e-01
2.043064537349473520e-01
1.191504238616224037e-01
7.087674878625867259e-02
1.333370558518932880e-01
4.973082124592628772e-02
1.997769817977574636e-01
3.517302081494387833e-01
3.517302081494387833e-01
2.018230679491000712e-01
2.708531437685686161e-01
2.263881254922418818e-02
3.771052655483492135e-03
1.398171139462814913e-03
6.660605224983059958e-02
1.781932421474715089e-01
1.993948523828989461e-01
2.219658221832133405e-01
2.111700142368435340e-01
1.234651696101224660e-01
1.242554297635444470e-02
1.582861076771066924e-02
7.615319962760860872e-02
7.344519921368439230e-02
1.580294492010284602e-01
3.517302081494387833e-01
1.910309617570995488e-01
1.510869768792827417e-01
1.580527308895152971e-01
4.292064431616064019e-02
1.064368009367486038e-02
3.916331365510259538e-02
4.068194623725528147e-02
1.634261455837761057e-01
3.298980971846620092e-01
3.298980971846620092e-01
1.650999318740544175e-01
2.215694966808353650e-01
1.851952032821661473e-02
3.084882926617768355e-03
1.143764001901890126e-03
1.304547373622000073e-01
1.670426540488455791e-01
3.298980971846620092e-01
1.957626370552187911e-01
1.727177793462078559e-01
2.434349579075797132e-01
3.156895376934819308e-02
2.430723954689299401e-02
8.163385390258273699e-02
6.008132524134349867e-02
1.292748721061173500e-01
3.298980971846620092e-01
1.562715258093611004e-01
1.235956317744481975e-01
1.292939175265549190e-01
3.511092921437397596e-02
8.706987145781242346e-03
3.203727146814733251e-02
9.242472795708063515e-02
2.672769953831225509e-01
3.298980971846620092e-01
3.628303757721774297e-02
1.639525675069163774e-02
1.549732546343282613e-02
3.275894997210407247e-03
2.750868313694353889e-02
9.239863656510600987e-02
1.601137831385397170e-01
2.050200079051535118e-01
2.803821894521768554e-01
2.402695145448212610e-01
2.119853799531078997e-01
2.803821894521768554e-01
3.874619442682353254e-02
2.983352050069334321e-02
1.001934114836420808e-01
6.639694798007725329e-02
1.962704158088956208e-01
2.803821894521768554e-01
1.860489670545613372e-01
1.059124195025100967e-01
1.122666611583469920e-01
1.290859219910167055e-01
3.591110654864201196e-02
4.215589483677767424e-02
1.134376040915358597e-01
2.803821894521768554e-01
2.803821894521768554e-01
4.453203101483869941e-02
2.012273863686884004e-02
1.902066156164316374e-02
4.020673773706554335e-03
3.376281624780316792e-02
1.134055807893478290e-01
2.803821894521768554e-01
1.954425990912481148e-01
2.288872935980612588e-01
1.714185728272283604e-01
4.954282619309022945e-02
1.461354852481058786e-02
2.836196171660374313e-02
1.235446444255537332e-02
2.668719643631105587e-01
8.137614577857903153e-02
2.405491585799909016e-01
2.543724528012534791e-01
2.280217438537814889e-01
1.298063352518006863e-01
1.375940982594144879e-01
1.582077960730241539e-01
4.401267724608712989e-02
5.166629412986575159e-02
1.881682843087172097e-01
2.163586681386231170e-01
2.543724528012534791e-01
2.543724528012534791e-01
6.323089631034900515e-02
3.271796243512578584e-02
3.348956786463724161e-02
2.139810234176561451e-02
8.029362395080306969e-02
2.543724528012534791e-01
2.395345858331616451e-01
2.543724528012534791e-01
2.100907224791429273e-01
6.071972235503080018e-02
1.791037526987157222e-02
3.476044007187419765e-02
1.514164024218884672e-02
2.543724528012534791e-01
8.070933568330389274e-02
2.412266871504820942e-01
2.543724528012534791e-01
2.543724528012534791e-01
1.025738773680364563e-01
9.582310870047493212e-02
2.060514261843620146e-02
2.052873694620183445e-02
1.137184450141237313e-01
2.020756324418370720e-01
2.323495421080393475e-01
2.742951361748056649e-01
2.742951361748056649e-01
6.790423481150942298e-02
3.513611752147979828e-02
3.596475161216571015e-02
2.297961678107899100e-02
8.622805325835612711e-02
2.742951361748056649e-01
2.742951361748056649e-01
1.755835510327684867e-01
6.055938190484985023e-02
5.303195232155318017e-02
2.520236729529388986e-02
1.024068968381691876e-02
2.560477035550387873e-02
1.325141790744294168e-01
8.667448986996265092e-02
2.590555339698369930e-01
2.742951361748056649e-01
2.742951361748056649e-01
1.101550201050388034e-01
1.029053082156115712e-01
2.212805011998428273e-02
2.204599737344611898e-02
1.221232726915327110e-01
1.299388147017229989e-01
2.742951361748056649e-01
2.742951361748056649e-01
2.660612885241888659e-01
2.571556079167922407e-02
6.959865786121796107e-03
5.424346048931710275e-03
4.970587674808692180e-02
1.667063182221570350e-01
2.808840343311974630e-01
2.808840343311974630e-01
2.018200945319437722e-01
6.960845767694902320e-02
6.095624315487248313e-02
2.896822692130048005e-02
1.177090307095177493e-02
2.943075899320491545e-02
1.523150886875111742e-01
1.052535574506267835e-01
2.465568405803071905e-01
2.808840343311974630e-01
1.531821234724732583e-01
1.418677398593802819e-01
1.411047284425090420e-01
3.292657613310590037e-02
3.061775793421416675e-02
1.276100527816521335e-01
1.493549009131061867e-01
2.808840343311974630e-01
2.808840343311974630e-01
2.808840343311974630e-01
2.955810427225084858e-02
7.999842597001581915e-03
6.234878073317164093e-03
5.713316928087348173e-02
1.916163826552810534e-01
1.810946067182012467e-02
1.483712566606232020e-01
2.808840343311974630e-01
2.273682534283801848e-01
1.302274335739279920e-01
2.408249151646144337e-01
8.436854551816894143e-02
1.571293713349510013e-02
9.651927837304462993e-03
7.945416393241715169e-02
2.466864750737070566e-01
2.466864750737070566e-01
2.260862666139637489e-01
2.466864750737070566e-01
2.186794784403141290e-01
9.699733862119998273e-02
2.949351029345614536e-02
4.905640217929451569e-02
1.032007070856179182e-01
2.466864750737070566e-01
2.466864750737070566e-01
2.466864750737070566e-01
2.466864750737070566e-01
1.912993245181077162e-01
1.925237689020629916e-02
2.452515602161245423e-02
1.179932420994281583e-01
9.456758793396015383e-02
1.010682450018416945e-01
1.224983133545238384e-01
1.538432248277141479e-01
2.466864750737070566e-01
2.165381850376855710e-01
6.319898395820094938e-02
6.892565875856021540e-02
7.622325139534211202e-02
3.887440557964077364e-02
1.359778812002533921e-01
2.466864750737070566e-01
2.313691608201303151e-01
2.466864750737070566e-01
1.092063255173101738e-01
4.514974383781285294e-02
3.848369852506137306e-02
5.595070269100146237e-02
9.844375080383466203e-02
2.633696268185248823e-01
2.641490090468412988e-01
2.641490090468412988e-01
2.641490090468412988e-01
1.824815310245772315e-01
1.836495355975231378e-02
2.339468804040050962e-02
1.125544354278111836e-01
1.085520105892228415e-01
2.335675391548650282e-01
2.641490090468412988e-01
2.641490090468412988e-01
2.233065644818585660e-01
2.336019494923985695e-01
6.343671589410085354e-02
1.573136006991208979e-02
5.788338086236211738e-02
3.708252010671233417e-02
1.297100865850238094e-01
2.641490090468412988e-01
2.207043794048136331e-01
2.641490090468412988e-01
1.041725449275216486e-01
4.306860153137492819e-02
3.670982238976350231e-02
5.337169859158829438e-02
1.415694680590046106e-01
7.494966904408610631e-02
1.362264876772981137e-01
1.613527851095168386e-01
1.362150503524292289e-01
1.007117559646534127e-01
8.188444376884120024e-02
5.031072524931490264e-02
1.235960650727731952e-01
9.656647545536153898e-02
2.077786852084961555e-01
3.313333603751029144e-01
2.511694008216940333e-01
1.986506538295238211e-01
2.078092962031410640e-01
5.643248830772570196e-02
1.399441602071478490e-02
5.149231273541769738e-02
1.485508215387081055e-01
3.313333603751029144e-01
3.313333603751029144e-01
5.831637440705710052e-02
2.635148529497735592e-02
2.490827379351047421e-02
5.265223970538814545e-03
4.421368144398100247e-02
1.485088858165416192e-01
1.259383818719035097e-01
6.667426367183079683e-02
1.211853350965565179e-01
1.435373668194342145e-01
1.211751605991406577e-01
8.959188556377244150e-02
7.284335026554340786e-02
4.475577549009254752e-02
1.099494732473814268e-01
2.506080534756677802e-01
3.313333603751029144e-01
3.313333603751029144e-01
1.025926434064222126e-01
1.086330252620056475e-01
2.253125204026815848e-02
2.031585964234814898e-02
3.126435176089024937e-02
1.061935559823909414e-01
9.867548231720769947e-02
2.762941168407175851e-01
2.762941168407175851e-01
3.873688689165408205e-02
1.750408038355510953e-02
1.654542132318850139e-02
3.497446257243763158e-03
2.936911621432789637e-02
9.864762634463054847e-02
2.762941168407175851e-01
1.700088157282982348e-01
1.991012087477105064e-01
1.491111390029459527e-01
4.309560581000967255e-02
1.271182480095415547e-02
2.467109803896920181e-02
1.074672501595003334e-02
2.321427714501199391e-01
1.664674102313493942e-01
2.762941168407175851e-01
2.762941168407175851e-01
6.814757714206344519e-02
7.215992515068415936e-02
1.496647503699403449e-02
1.349489170192866641e-02
2.076747174728224565e-02
7.053949784324399508e-02
2.762941168407175851e-01
2.762941168407175851e-01
2.762941168407175851e-01
2.762941168407175851e-01
2.506636763218464958e-01
1.821532396762744199e-01
2.958057157983673760e-02
5.623550675917142298e-03
5.314353364368699928e-02
2.616505186812779216e-01
1.455569932252170073e-01
1.704651206978507194e-01
1.276649622943258899e-01
3.689730309603039826e-02
1.088352382496271357e-02
2.112273316376715726e-02
9.201058037130572728e-03
1.987544214486508531e-01
4.904430893102385003e-02
1.465852254494902085e-01
2.616505186812779216e-01
1.994023460008578774e-01
6.233064474264549126e-02
5.822843300653458842e-02
1.252104197848630598e-02
1.247461285896227928e-02
6.910281817103448854e-02
2.404655995379219591e-01
2.616505186812779216e-01
2.616505186812779216e-01
2.616505186812779216e-01
2.146115239958928111e-01
1.559547236414138560e-01
2.532609287700401945e-02
4.814733425026074091e-03
4.550006970756556579e-02
1.121882224137583789e-01
2.616505186812779216e-01
2.616505186812779216e-01
2.321912495147490929e-01
2.616505186812779216e-01
2.616505186812779216e-01
3.055227622566429255e-02
1.520090162998492811e-02
3.426903870502940458e-02
6.208705295701495708e-02
1.855678029432166476e-01
2.862701765944491439e-01
2.524310013893762972e-01
7.890672996176169296e-02
7.371358435828281874e-02
1.585086248209997481e-02
1.579208609671568786e-02
8.747988145368748580e-02
9.307834498548871183e-02
2.862701765944491439e-01
2.862701765944491439e-01
1.905861959521916171e-01
1.842068395311818180e-02
4.985521764073426627e-03
3.885591491827294474e-03
3.560553291474088944e-02
1.194158053108424905e-01
1.420233306978106458e-01
2.862701765944491439e-01
2.862701765944491439e-01
2.862701765944491439e-01
2.862701765944491439e-01
2.862701765944491439e-01
3.867728658686939852e-02
1.924339857296357773e-02
4.338247734018461227e-02
8.809365821902082061e-02
2.500908877016422283e-01
2.160824524340685948e-01
1.058027185396514247e-01
5.051524474888824390e-02
6.535081660059850750e-02
4.157890779758099259e-02
1.194942486839174062e-02
2.952093507116580751e-02
1.594459004224869636e-01
2.795845947170393919e-01
2.795845947170393919e-01
2.795845947170393919e-01
3.155516505757479523e-02
8.540343157933508872e-03
6.656130748617699634e-03
6.099330898608532753e-02
2.045627326681856428e-01
1.933300645195361669e-02
1.583957973286232723e-01
2.795845947170393919e-01
2.427301392437602734e-01
1.390261068030506919e-01
2.570959855206293443e-01
9.006881344527449540e-02
1.677456443822799778e-02
1.030404971931410049e-02
1.509069876396325061e-01
2.795845947170393919e-01
2.795845947170393919e-01
1.812431208067971922e-01
8.653407712937434548e-02
1.119478413357236635e-01
7.122587314377415435e-02
2.046971084379101136e-02
5.057021667574392032e-02
1.478345298603581104e-01
6.480828106079003503e-02
5.419990085593562323e-02
1.031490004594057819e-01
2.607824675487706023e-01
2.795845947170393919e-01
4.513701960825814569e-02
2.508964437120786428e-02
9.175442081940107797e-02
1.042192620191363106e-01
1.113833834380648924e-01
1.350006286013428203e-01
1.695446368938281212e-01
2.455423797926064300e-01
2.386383150572732315e-01
6.964914314069799162e-02
7.596028879383460997e-02
8.400268191961478281e-02
4.284197101201347307e-02
1.498559362591827537e-01
2.455423797926064300e-01
2.455423797926064300e-01
2.455423797926064300e-01
1.203520455780649617e-01
4.975777733081125642e-02
4.241138795725298699e-02
6.166109415818414596e-02
2.455423797926064300e-01
2.211633834623444317e-01
1.507186037954861002e-01
2.455423797926064300e-01
2.455423797926064300e-01
1.605928044270047983e-01
4.730380171217899582e-02
1.708205013532278493e-01
2.455423797926064300e-01
2.455423797926064300e-01
1.937190738684755609e-01
7.765199759240454247e-02
7.141209205565214602e-02
9.923591228348321858e-02
1.816721295898659494e-01
1.146060758368169369e-01
4.536016830033041264e-02
1.735653057055904502e-01
5.343029452343475011e-02
1.868925873687737604e-01
2.582919813077659277e-01
2.582919813077659277e-01
2.582919813077659277e-01
1.500968580537685726e-01
6.205533113477040147e-02
5.289329356644792424e-02
7.690053337147298440e-02
2.039801597127542943e-01
1.079911203428325916e-01
1.962817342927452302e-01
2.324849229709564646e-01
1.962652548400395658e-01
1.451103853696741885e-01
1.179830802994663447e-01
7.249013443592584871e-02
1.780832084705193663e-01
2.582919813077659277e-01
2.415964281544668024e-01
9.684356260200524535e-02
8.906147455256414880e-02
1.237619067321023697e-01
2.265721011753690506e-01
1.429307812289759561e-01
5.657086017913624809e-02
2.164616889428180035e-01
1.107188340584768921e-01
1.275624450948470434e-01
1.182720451800959444e-01
1.636799453654489145e-01
2.365339943051041338e-01
2.401906553298416569e-01
6.059745496528094050e-02
1.927610290331724374e-02
6.437793462029295366e-02
1.558269475648840774e-01
8.249785994301023218e-02
1.499458749353438647e-01
1.776026450436991311e-01
1.499332857560027321e-01
1.108544499816198209e-01
9.013103673052420828e-02
5.537752492019504952e-02
1.360434408307153176e-01
3.100840857873752854e-01
3.160881851389966135e-01
3.160881851389966135e-01
1.269406373737282101e-01
1.344145643266666801e-01
2.787852422799266816e-02
2.513735962118155212e-02
3.868422342800664770e-02
1.313961433665870315e-01
8.458164741890140947e-02
9.744901891946232408e-02
9.035178621599070092e-02
1.250403289212156932e-01
1.806958597336043304e-01
1.834892996768161255e-01
4.629232789472040310e-02
1.472562959358596733e-02
4.918035683734523628e-02
2.466909408827646366e-01
3.160881851389966135e-01
3.142444393109553036e-01
1.798616476594313840e-01
6.030547786850339737e-02
4.619571579593746008e-02
3.478296003167430372e-02
5.665353837886141775e-02
2.940858979260883577e-01
1.739584961467488533e-01
2.714216122724534275e-01
2.714216122724534275e-01
7.121423958721134762e-02
7.540714452053755290e-02
1.563997112969464642e-02
1.410216608084563505e-02
2.170201451987849306e-02
7.371379747365515434e-02
2.714216122724534275e-01
2.714216122724534275e-01
2.714216122724534275e-01
2.714216122724534275e-01
2.619436207421220741e-01
1.903501928594047432e-01
3.091170662196434174e-02
5.876612228351654234e-03
5.553500940353400805e-02
1.383946711745097369e-01
2.034079724174029380e-01
1.762924722376633668e-01
1.009031523235462136e-01
3.383163058103322990e-02
2.591599381141498903e-02
1.951338909663220822e-02
3.178287693402195163e-02
1.649834444463176564e-01
2.328445670294168324e-01
2.681747516387340546e-01
1.928459202724295829e-01
1.194792675633354756e-01
7.810240861929772238e-02
5.020006481159422496e-02
1.381618280291849882e-02
9.694199051653099031e-02
2.714216122724534275e-01
2.039476038262595936e-01
2.547306763234932769e-01
2.547306763234932769e-01
2.547306763234932769e-01
1.820198238607581287e-01
1.322708622487887287e-01
2.147997870161760109e-02
4.083550191724664817e-03
3.859026076335862754e-02
9.515090384146686342e-02
2.547306763234932769e-01
2.471748184271264359e-01
1.969298272141844219e-01
2.547306763234932769e-01
2.547306763234932769e-01
2.591249450913488128e-02
1.289243646239387683e-02
2.906481568569602505e-02
1.617994244622335820e-01
1.863497225811061586e-01
1.340050975122253074e-01
8.302395444972777983e-02
5.427193309655385656e-02
3.488310549009553813e-02
9.600612349674462684e-03
6.736321345997479948e-02
2.547306763234932769e-01
5.739577270062532627e-02
2.547306763234932769e-01
2.547306763234932769e-01
2.547306763234932769e-01
2.162497793454522810e-01
1.822207978637676445e-02
3.353093320867779614e-02
7.358988297397514936e-03
1.430467208465043862e-02
1.304438167923742675e-01
2.971660992544671309e-01
2.971660992544671309e-01
2.699740860568264900e-01
2.971660992544671309e-01
2.971660992544671309e-01
3.552383161819144819e-02
1.767443662658020609e-02
3.984539651589515119e-02
8.091116408009385585e-02
2.297003582193707649e-01
1.984647149089222296e-01
9.717636085219752418e-02
4.639661173181811038e-02
6.002260266673167810e-02
3.818887646505734340e-02
1.097515866335587766e-02
2.711402011938655529e-02
7.868473505297716997e-02
2.971660992544671309e-01
2.971660992544671309e-01
2.971660992544671309e-01
2.964601013704324939e-01
2.498092546961468152e-02
4.596806474521321351e-02
1.008854863682973578e-02
1.961049185401376321e-02
6.813023305428114740e-02
1.574952029162896838e-01
1.504550811067487670e-01
1.438875031743976907e-01
2.848289978700892233e-02
1.903807259288854692e-02
1.917455546163669353e-02
8.372732527120398463e-03
2.951630023779450857e-02
1.812291385931983079e-01
2.545384900921988658e-01
2.545384900921988658e-01
2.176607934033956693e-01
1.039216043100924108e-01
1.344418251929440367e-01
8.553748131411606503e-02
2.458274544801674830e-02
6.073142768247481726e-02
1.775393235262409108e-01
7.783038502100650402e-02
6.509043416474816213e-02
1.238750093179784018e-01
2.545384900921988658e-01
2.545384900921988658e-01
5.420652356936045413e-02
3.013097476878878050e-02
1.101908858384152007e-01
1.526017279439801366e-01
2.545384900921988658e-01
2.545384900921988658e-01
2.545384900921988658e-01
6.379751733550921566e-02
4.264248989260082529e-02
4.294819149777696216e-02
1.875369265555525480e-02
6.611218275463857930e-02
2.545384900921988658e-01
2.393108291244268881e-01
2.545384900921988658e-01
2.255432415446636529e-01
1.971224969606432675e-01
1.678220047722318864e-01
7.938207595588285537e-02
3.055291227402357271e-02
7.000718322685384187e-02
2.336849297237516832e-01
1.969411406771807982e-01
1.342116099332008872e-01
2.531849637953583199e-01
2.208406750836191812e-01
1.430043689568831766e-01
4.212299758540217348e-02
1.521119086753366378e-01
2.849380051139604464e-01
2.849380051139604464e-01
1.725025851084445450e-01
6.914740018124941601e-02
6.359090120349204789e-02
8.836740266535743349e-02
1.617750455367425177e-01
1.020541960902000972e-01
4.039223467521675659e-02
1.545560967304629718e-01
2.648510962450686609e-02
1.107111588762160620e-01
1.475513646650072896e-01
2.849380051139604464e-01
2.849380051139604464e-01
2.849380051139604464e-01
2.460246216621874912e-02
1.373599055674387497e-02
5.008695044855650085e-03
8.469636945315453525e-02
1.416163177480240232e-01
1.058908245362746026e-01
7.679130722507884754e-02
1.718665526121492260e-01
2.849380051139604464e-01
1.440267784989471833e-01
2.700226125592017010e-02
6.184034415251041944e-02
2.393328141221804928e-01
2.393328141221804928e-01
1.035633655197776698e-01
9.524129219329852125e-02
1.323495257707088535e-01
2.393328141221804928e-01
1.528484944453842032e-01
6.049621175727806083e-02
2.314815813327927019e-01
1.184014174348871767e-01
1.364137767447298755e-01
1.264787324697647375e-01
1.750374062528368135e-01
2.393328141221804928e-01
2.393328141221804928e-01
6.480220480868298383e-02
2.061363746991847976e-02
6.884500523684471129e-02
1.268513500852301579e-01
2.121014302788005457e-01
1.585946852361138082e-01
1.150117892798075830e-01
2.393328141221804928e-01
2.393328141221804928e-01
2.157116228119194401e-01
4.044179600357120791e-02
9.261944987878159563e-02
1.333172642147558706e-01
1.055101797372888089e-01
2.088637880216504261e-01
2.393328141221804928e-01
2.393328141221804928e-01
1.848097229608600955e-01
9.882088084935322647e-02
2.395249258210222290e-02
6.859563224378127655e-02
1.158663490457102069e-01
1.334930494361739328e-01
1.237707223501764708e-01
1.712897163591823313e-01
2.471777259487751288e-01
2.471777259487751288e-01
6.341473813371852064e-02
2.017228311903258853e-02
6.737097899366543963e-02
2.471777259487751288e-01
2.471777259487751288e-01
2.471777259487751288e-01
2.463881123576595056e-01
8.261101268782926332e-02
6.328239156089542072e-02
4.764833401639729377e-02
7.760830928214799973e-02
2.471777259487751288e-01
1.304628356989128157e-01
1.032511229862539126e-01
2.043918484272733149e-01
2.471777259487751288e-01
2.471777259487751288e-01
1.808528000046946693e-01
9.670504730057341569e-02
2.343965069133452372e-02
6.712694527445130233e-02
5.577097122905955856e-02
1.298916007930737415e-01
2.305745224114678915e-01
8.871874903534214540e-02
2.471777259487751288e-01
2.183335960693175148e-01
1.575964036925079359e-01
4.367389007042053045e-02
1.158574918693489053e-01
2.454932492019240575e-01
2.669742272022105345e-01
2.669742272022105345e-01
1.789884141376282822e-01
6.001269302243746051e-02
4.597143425442126036e-02
3.461408775077143979e-02
5.637848380505446760e-02
2.669742272022105345e-01
2.669742272022105345e-01
2.669742272022105345e-01
2.669742272022105345e-01
2.119399060488658670e-01
1.385430081933620994e-01
8.904806027687069137e-02
2.450802172562931494e-02
1.719618539791628598e-01
2.669742272022105345e-01
4.051476996874821268e-02
9.435963209946408858e-02
1.675006464884209734e-01
6.444965238850118572e-02
1.929461450136447098e-01
1.586082369781091905e-01
1.144857602941838914e-01
3.172685665767133179e-02
8.416456677729509950e-02
2.084945466004025846e-02
8.704024588473789625e-02
1.704644754229164283e-01
2.145937988611841540e-01
2.669742272022105345e-01
1.060937150259859546e-01
6.034993810467584319e-02
2.315898336518984468e-02
1.725832123503511298e-02
2.910687246022085617e-01
3.060704967562352108e-01
2.410681802652659966e-01
1.493557632447249928e-01
9.763237663306738312e-02
6.275288715588948907e-02
1.727100081664519407e-02
1.211829071213899184e-01
3.060704967562352108e-01
1.032520011307501984e-01
3.060704967562352108e-01
3.060704967562352108e-01
3.060704967562352108e-01
3.060704967562352108e-01
3.278057101036459253e-02
6.032039975549958327e-02
1.323843607729297683e-02
2.573335890019730343e-02
1.469277906195082424e-02
6.133796414029848293e-02
1.201276923612073499e-01
1.512259829402178013e-01
1.928444682064246185e-01
7.476509770425687762e-02
4.252908871875007990e-02
1.632032259032101251e-02
1.216207833831446129e-02
4.054410583527188333e-02
6.096573649674197348e-02
9.367125719609509238e-02
2.426540296812873532e-01
2.312891924885307204e-01
1.202947350229951612e-01
2.204389474764212320e-02
7.980872972557199671e-03
1.751835966542768588e-02
1.277819865431736590e-01
3.425108288069831919e-01
3.425108288069831919e-01
3.425108288069831919e-01
3.425108288069831919e-01
4.056838064009658795e-02
7.465095519142023184e-02
1.638354358419808615e-02
3.184693453574499733e-02
1.106417466801401100e-01
2.557681599374245218e-01
2.443351831380062289e-01
2.336696054448501869e-01
4.625549688695848594e-02
3.091734037401962579e-02
3.113898504354805849e-02
1.359710233998697934e-02
4.793371264770403262e-02
5.017632907363369504e-02
7.544960712922459123e-02
1.159251074597222875e-01
3.003023051932575682e-01
2.862374787751119087e-01
1.488736299886115888e-01
2.728094982329062196e-02
9.876920462690822258e-03
2.168026551070383751e-02
1.364173388745894555e-01
1.233239106336755098e-01
1.527346501707903814e-01
1.256496719599522749e-01
1.148942221698546345e-01
3.175961012467486133e-02
8.111347388380223469e-03
5.258197998432121746e-03
5.416336878525846582e-02
1.756194039710111676e-01
2.411525196345692679e-01
2.411525196345692679e-01
2.411525196345692679e-01
7.342041351855060904e-02
4.907446828863936544e-02
4.942628038419914771e-02
2.158240519814550937e-02
7.608421141112123309e-02
2.411525196345692679e-01
2.411525196345692679e-01
2.411525196345692679e-01
2.411525196345692679e-01
2.268554615463727886e-01
1.931354306953783351e-01
9.135566846576871625e-02
3.516135967419940084e-02
8.056671413644002355e-02
2.165324794964318955e-01
1.957495459961669237e-01
2.411525196345692679e-01
1.994411798518792855e-01
1.823692722017072054e-01
5.041138600759503818e-02
1.287497745193178812e-02
8.346231202548145753e-03
8.597241844552842849e-02
1.819100855514697856e-01
5.210673344576284560e-02
8.205803047443262221e-02
7.432128852339860148e-02
2.017748906694282474e-01
2.411525196345692679e-01
1.950263569076905179e-01
5.236578855926346532e-02
1.626992277564077993e-01
2.452356698708904603e-02
1.025116587928676243e-01
1.366234018548482254e-01
2.848018577687306818e-01
2.848018577687306818e-01
2.848018577687306818e-01
2.278035233889741384e-02
1.271867435431099994e-02
4.637740609416319930e-03
7.842357910898588302e-02
1.311279169312941084e-01
9.804832850042520531e-02
7.110398233042691807e-02
1.591377561044390598e-01
2.848018577687306818e-01
1.333598539152481000e-01
2.500241728656869486e-02
5.726031886707610291e-02
2.848018577687306818e-01
2.848018577687306818e-01
1.117172823816540983e-01
7.800952320187784506e-02
9.074397372187553712e-02
1.458683234536599926e-01
5.580203796788544418e-02
9.891036766674567160e-02
2.187903038764835995e-01
2.848018577687306818e-01
1.638976436950841942e-01
2.137874201162862364e-01
1.791625629678487708e-01
1.079342034727034938e-01
2.897492458428717679e-02
5.679064669937167187e-02
7.982217350432756209e-02
2.848018577687306818e-01
9.232536280878902990e-02
1.543723538582455201e-01
1.154289003950835502e-01
8.370825509867857450e-02
1.873473671547265240e-01
2.730623407524236934e-01
1.569999359470906908e-01
2.943447969737839759e-02
6.741058969781200949e-02
9.703140549180218344e-02
7.679276269208541728e-02
1.520159225247546819e-01
1.990724056713963352e-01
2.377058195417945663e-01
1.345088145415006542e-01
7.192413538658078143e-02
1.743318117096572320e-02
4.992549649452068111e-02
2.730623407524236934e-01
1.929510179154836080e-01
2.516845233339971566e-01
2.109218785433350229e-01
1.270671985175080565e-01
3.411117491697207571e-02
6.685766092591496901e-02
9.397187953806011851e-02
2.730623407524236934e-01
2.730623407524236934e-01
2.730623407524236934e-01
2.730623407524236934e-01
2.730623407524236934e-01
8.501281460366329201e-02
3.425332436816314052e-02
3.395984769034537942e-02
2.171918566874303513e-02
1.178910377792732195e-01
9.208551306584923657e-02
7.287847595737584339e-02
1.442673549756331164e-01
1.889252713653847282e-01
2.255894598279694907e-01
1.276526206762997329e-01
6.825801270548906285e-02
1.654457569033059364e-02
4.738069016380075382e-02
3.936522207489824565e-02
9.168231426135053930e-02
1.627480583449414653e-01
6.262098688651973610e-02
1.874715777188533383e-01
1.541079580697979068e-01
1.112373927303668547e-01
3.082665307074639732e-02
8.177651914552365453e-02
2.795703243923348125e-01
2.818814897253921758e-01
2.818814897253921758e-01
2.743988023303793322e-01
8.067953473694298994e-02
3.250736122666746802e-02
3.222884366513433657e-02
2.061211363003101829e-02
1.118818865371065674e-01
2.818814897253921758e-01
2.818814897253921758e-01
2.818814897253921758e-01
2.818814897253921758e-01
2.818814897253921758e-01
6.021422519686452784e-02
3.069903109063917140e-02
4.635080899848527045e-03
1.668791996866005392e-02
4.551764596959596842e-02
1.060114207988290813e-01
1.881840902075831434e-01
7.240807395787274281e-02
2.167716693616650592e-01
1.781936213435303673e-01
1.286227790420723660e-01
3.564457678486041697e-02
9.455744057558332361e-02
2.342400306374434540e-02
9.778821650336751159e-02
1.915139009471941989e-01
2.410924354591828245e-01
2.762144070670374263e-01
1.191944607825016211e-01
6.780211560017747330e-02
2.601871876961427132e-02
1.938942653782417536e-02
2.762144070670374263e-01
2.762144070670374263e-01
2.762144070670374263e-01
2.762144070670374263e-01
2.762144070670374263e-01
6.962515744556457831e-02
3.549700865740500200e-02
5.359501618924548787e-03
1.929608911280053518e-02
2.762144070670374263e-01
1.520151491223100115e-01
2.762144070670374263e-01
1.233039632839633692e-01
9.247795495772126451e-02
8.458238239264539993e-02
3.535285990934376732e-02
5.148955509456347446e-02
2.024343137113771007e-01
2.532102040989726854e-02
1.057076973218862015e-01
2.070238541835205948e-01
2.546586970137679762e-01
2.546586970137679762e-01
1.288475486451705343e-01
7.329314072723969176e-02
2.812587187646427636e-02
2.095969949134601079e-02
6.987229080538871762e-02
1.050662132486634426e-01
1.614297611964594092e-01
2.546586970137679762e-01
2.546586970137679762e-01
2.073117296515051555e-01
3.798967550421752937e-02
1.375395672764487959e-02
3.019052697695157744e-02
2.546586970137679762e-01
1.643262546997077966e-01
2.546586970137679762e-01
1.332898634976261432e-01
9.996737870028729600e-02
9.143237494691291989e-02
3.821594818258356591e-02
5.565949047641405301e-02
2.188286679778958799e-01
2.546586970137679762e-01
2.546586970137679762e-01
2.546586970137679762e-01
2.546586970137679762e-01
1.752245704125296455e-01
5.494963028619415796e-02
4.493278298918211566e-02
5.742130298713984254e-02
1.774891652251480989e-01
7.518877848541609399e-02
1.130605586735105861e-01
1.737127324100574410e-01
2.547017810079704736e-01
2.547017810079704736e-01
2.230857975103535951e-01
4.088025830117993087e-02
1.480047660915010180e-02
3.248768315827028907e-02
2.044201571453989341e-01
1.847997725178976147e-01
2.288715015776945916e-01
1.882849049777622630e-01
1.721679600615266259e-01
4.759149054015129193e-02
1.215478121383048102e-02
7.879362477003538229e-03
8.116332168585597973e-02
2.547017810079704736e-01
2.547017810079704736e-01
2.547017810079704736e-01
2.547017810079704736e-01
1.885571699179756644e-01
5.913067300099921625e-02
4.835165740188289429e-02
6.179041191978563996e-02
1.909940746732446126e-01
1.154992351237130038e-01
1.878218774080070985e-01
1.195696413352631410e-01
2.547017810079704736e-01
2.547017810079704736e-01
1.538169644040291162e-01
9.108729111729203798e-02
1.667413926398285742e-02
1.952885573623213550e-02
2.218568612890106928e-01
2.005628900313500274e-01
2.409363047861888818e-01
2.043452985742221784e-01
1.868536046893542746e-01
5.165096663042683528e-02
1.319156411682543932e-02
8.551459173681373940e-03
8.808641991311370878e-02
1.863831269614660002e-01
5.338800147296403342e-02
8.407577988740298769e-02
7.614879687842807110e-02
2.067363937038844690e-01
2.409363047861888818e-01
1.998219182304406538e-01
5.365342657000155696e-02
1.666998876479282854e-01
1.253511304543343252e-01
2.038427755121589302e-01
1.297687356400279157e-01
2.409363047861888818e-01
2.409363047861888818e-01
1.669372991989673538e-01
9.885688766116695891e-02
1.809641599664700562e-02
2.119463510207888340e-02
1.036696952680569855e-01
2.152464550280274724e-01
2.191033917897544370e-01
2.407175503413328255e-01
2.409363047861888818e-01
2.409363047861888818e-01
7.133769201723681730e-02
7.143958433040548117e-02
1.592786226616695888e-01
2.668703223139443637e-01
2.668703223139443637e-01
1.119129188279777004e-01
7.814613148282828492e-02
9.090288224673188922e-02
1.461237643292638555e-01
5.589975706893156315e-02
9.908357697171941980e-02
2.191734438583015088e-01
2.668703223139443637e-01
1.641846570549668483e-01
2.141617991760753625e-01
1.794763078637683917e-01
1.081232150880418602e-01
2.902566473081884257e-02
5.689009702673220037e-02
7.996195605210619506e-02
2.668703223139443637e-01
8.467050716556380474e-02
2.668703223139443637e-01
2.668703223139443637e-01
8.907282416117592860e-02
9.503098275495919234e-02
1.045689008586082464e-01
6.960768197693215087e-02
5.765861813632570942e-02
5.995433513505651207e-02
2.668703223139443637e-01
2.668703223139443637e-01
2.625652349442796352e-01
1.632516706497772474e-01
9.378577369207045933e-02
9.372997855995846006e-02
6.372895240800152683e-02
3.321451471485534213e-02
1.692584334314677086e-01
2.832287071818806456e-01
1.293317663867451506e-01
1.686998302815366502e-01
1.413773268279348294e-01
8.517096935597853746e-02
2.286413698771792499e-02
4.481354634688754224e-02
6.298774322436195838e-02
2.560346708125574855e-01
1.974559456516529476e-01
2.832287071818806456e-01
2.832287071818806456e-01
1.938033842382720917e-01
5.698263526661788425e-02
2.295941733302037796e-02
2.276270493655035282e-02
1.455799859138657941e-02
7.902034579490233024e-02
2.832287071818806456e-01
2.832287071818806456e-01
2.068282520194669183e-01
1.285968330381460911e-01
7.387706008048131046e-02
7.383310906141982155e-02
5.020065901860902569e-02
2.616378372257183518e-02
1.333284885701371547e-01
8.309428616239733500e-02
2.832287071818806456e-01
2.832287071818806456e-01
2.832287071818806456e-01
1.456722300491630484e-01
4.399280617450242875e-02
3.329398182783305238e-02
1.318839201660595289e-02
6.266203374207451882e-02
1.788619322255303734e-01
2.802464293135988327e-01
2.802464293135988327e-01
1.755533248811748936e-01
5.161669968181382961e-02
2.079737702201716817e-02
2.061918862050195547e-02
1.318710231185259499e-02
7.157916510116228703e-02
2.294008421977230261e-01
2.527437434003478312e-01
2.049114532265151889e-01
2.802464293135988327e-01
2.744833759280892460e-01
3.852351886625952210e-02
1.964045372218304122e-02
2.965406030023148322e-03
1.067650372730828516e-02
7.526947102483018404e-02
2.802464293135988327e-01
2.802464293135988327e-01
2.661283112400629758e-01
1.319545808165293599e-01
3.985009562728696053e-02
3.015875719292661003e-02
1.194646872370922104e-02
5.676128108120610805e-02
5.573082495044895390e-02
2.802464293135988327e-01
2.802464293135988327e-01
1.940005427707457986e-01
3.728303556564472460e-02
2.036583053640950505e-02
7.700370474494165098e-03
3.051633302026826068e-03
1.993854039247865487e-02
2.799490059986147195e-01
2.799490059986147195e-01
2.787322116778691572e-01
2.799490059986147195e-01
2.799490059986147195e-01
5.240188113514968049e-02
2.671606207530684979e-02
4.033713920117213726e-03
1.452278752622977731e-02
2.409936655502006309e-01
1.144109409199878802e-01
2.523441953198778953e-01
9.280208281828057626e-02
6.960154893875861171e-02
6.365911562544748770e-02
2.660757161239348315e-02
3.875250907513660970e-02
1.523578435434468914e-01
7.580823742389397601e-02
2.799490059986147195e-01
2.799490059986147195e-01
2.638905707892364449e-01
5.071450520527616412e-02
2.770276086908138313e-02
1.047448182763162372e-02
4.151005159108945783e-03
2.712153651597338372e-02
2.197335038465266510e-01
2.387540628760448647e-01
2.219039804631224300e-01
1.462076998046087650e-01
8.666589341436997662e-02
4.688430292136253758e-02
1.989069925710089393e-02
1.477299127035011303e-02
6.929099116298549632e-02
2.511303990359622929e-01
1.616333963895338344e-01
2.511303990359622929e-01
1.311056068355519189e-01
9.832918651382679953e-02
8.993404815096255056e-02
3.758969321296408428e-02
5.474738351125890690e-02
2.152426640362528898e-01
2.511303990359622929e-01
2.511303990359622929e-01
2.511303990359622929e-01
2.511303990359622929e-01
1.723531184863336674e-01
5.404915598993777909e-02
4.419645745013313365e-02
5.648032472890286010e-02
1.745806027777424274e-01
2.511303990359622929e-01
2.511303990359622929e-01
2.511303990359622929e-01
2.065540839686575703e-01
1.224367406740791836e-01
6.623552832971817128e-02
2.810047056370573032e-02
2.087045814551522632e-02
9.789044780868413898e-02
1.391193508161081005e-01
1.850502720704365334e-01
2.511303990359622929e-01
1.241904234708625931e-01
2.738283836580015021e-02
2.658137909672511276e-02
5.545704106431596780e-02
5.589526425728565118e-02
1.993706613935873062e-01
2.592237454660130669e-01
2.592237454660130669e-01
2.592237454660130669e-01
2.592237454660130669e-01
1.800266507812271488e-01
5.645554090274344794e-02
4.616417898915694401e-02
5.899495051368476572e-02
1.823533074740209814e-01
1.102739316471533226e-01
1.793246236561289730e-01
1.141601885203512301e-01
2.592237454660130669e-01
2.487432825740304443e-01
1.468581276810557723e-01
8.696640894490552387e-02
1.591978415702993352e-02
1.864535033758196389e-02
1.453132441480507464e-01
1.932891090081268470e-01
2.592237454660130669e-01
1.297196487821860311e-01
2.860198134604437573e-02
2.776483938298445614e-02
5.792610805494315812e-02
5.838384188893375876e-02
2.082470729276163779e-01
2.592237454660130669e-01
2.592237454660130669e-01
2.078395634703315842e-01
1.127703397774418442e-01
1.014594206514467939e-01
4.476640924560414125e-02
1.475804830374764613e-02
2.851361215439290539e-02
2.067397042191880252e-01
1.094690281307781898e-01
1.780157103164349275e-01
1.133269187185262789e-01
2.598164996820917505e-01
2.469276735735354833e-01
1.457861914436050232e-01
8.633163001464796982e-02
1.580358361845724674e-02
1.850925554322216046e-02
9.053465051711245826e-02
1.879745332579781103e-01
1.913427926213983055e-01
2.102184176112168457e-01
2.598164996820917505e-01
2.598164996820917505e-01
6.229914150686195057e-02
6.238812397120944292e-02
1.390978761945342868e-01
2.598164996820917505e-01
2.598164996820917505e-01
2.063225159416877952e-01
1.119472146591671130e-01
1.007188553770259898e-01
4.443965350488592730e-02
1.465032742359865907e-02
2.830548765620176377e-02
2.052306847037431992e-01
2.598164996820917505e-01
2.598164996820917505e-01
2.598164996820917505e-01
1.409626839055022895e-01
1.157766904053386947e-01
1.118301817192638992e-01
1.298106920609164681e-02
2.253809368786829567e-02
7.003712125893422902e-02
7.543035826864849525e-02
2.721825024908696711e-01
2.721825024908696711e-01
7.935224747549900204e-02
8.466018824963060518e-02
9.315722699168603460e-02
6.201134923525736947e-02
5.136629469803272174e-02
5.341147857013452127e-02
2.721825024908696711e-01
2.721825024908696711e-01
2.339113158022265160e-01
1.454359069916657532e-01
8.355086968195742092e-02
8.350116350981150182e-02
5.677416934354079237e-02
2.958979257986298766e-02
1.507871477462737475e-01
1.668166068726685269e-01
2.038241717665587593e-01
1.404765006185085263e-01
1.835333482512586378e-01
2.721825024908696711e-01
1.587641009472111064e-01
7.194828003747404631e-03
8.035963496148636198e-03
6.721551853399843068e-02
2.721825024908696711e-01
2.721825024908696711e-01
2.721825024908696711e-01
2.721825024908696711e-01
1.335507312754725673e-01
5.644808598344194794e-02
1.523047411348186012e-02
2.865380647516254514e-02
6.870741069634250797e-02
2.671090824491468840e-01
2.671090824491468840e-01
1.784461550645352890e-01
1.109500766218984302e-01
6.373924833824322345e-02
6.370132851691265308e-02
4.331185172291365792e-02
2.257344710718525022e-02
1.150324286629250542e-01
7.169163655706187188e-02
2.671090824491468840e-01
2.671090824491468840e-01
2.534782549577547783e-01
1.256822948419201447e-01
3.795587418879516756e-02
2.872520067232461893e-02
1.137860917871915713e-02
5.406320887315205215e-02
2.671090824491468840e-01
2.671090824491468840e-01
2.671090824491468840e-01
2.671090824491468840e-01
1.018831193370518112e-01
4.306308940185792078e-02
1.161901695965280971e-02
2.185940246592965597e-02
5.241547729810829004e-02
1.166571546058351727e-01
2.439864339916129055e-01
2.671090824491468840e-01
2.596982434831543451e-01
9.423007582099082735e-02
8.869094683702037629e-02
9.470038612488233809e-02
4.947470316397285101e-02
1.230471197938328709e-01
8.726296663936547460e-02
2.987781497333922287e-01
2.987781497333922287e-01
2.987781497333922287e-01
1.529803255812137719e-01
4.619984062532225821e-02
3.496427684396651026e-02
1.385002827177252149e-02
6.580566742342282283e-02
6.461101761736895432e-02
2.987781497333922287e-01
2.987781497333922287e-01
2.249127390072631072e-01
4.322374323191242179e-02
2.361093769471834733e-02
8.927353449911603483e-03
3.537882907965400354e-03
2.311556280942298619e-02
1.419949366410375724e-01
2.969799696638481534e-01
2.987781497333922287e-01
2.987781497333922287e-01
1.146967255552492626e-01
1.079545049706399223e-01
1.152691866445698932e-01
6.022054425070872546e-02
1.497727939449803036e-01
1.341973618890479059e-01
1.158026349267226723e-01
6.433933707218764120e-02
5.466793143193164617e-02
8.325205252773973386e-02
1.032500079060748588e-01
1.590911124982177793e-01
6.245599448191271191e-02
1.433445504913574420e-01
9.828366717742353931e-02
3.005555915617634244e-01
3.005555915617634244e-01
3.005555915617634244e-01
6.575021026794171386e-02
3.591600361221920779e-02
1.357992905238605656e-02
5.381684410209515088e-03
3.516245936930458699e-02
2.848795235671082171e-01
3.005555915617634244e-01
2.876934974656049637e-01
1.895549797051949426e-01
1.123603728753528042e-01
6.078443953791649867e-02
2.578784222062596027e-02
1.915284943391173250e-02
8.983420463631787423e-02
2.041356000628262446e-01
1.761542852769908962e-01
9.787039771865552185e-02
8.315864656324192805e-02
1.266396556533131712e-01
1.570597366722026322e-01
2.420029668044966220e-01
9.500553313132099886e-02
2.180499334590678684e-01
1.259367489041214594e-01
3.005555915617634244e-01
1.673082127427645005e-01
1.011311711932397356e-01
7.455132330256505901e-02
3.365944545402636823e-02
1.455526739030564912e-02
7.477296351964500543e-03
1.600157912532769802e-02
2.527568616501464360e-01
2.527568616501464360e-01
2.527568616501464360e-01
2.423408378992282508e-01
1.436496522097776563e-01
7.771123729781898026e-02
3.296904835250982768e-02
2.448639221818725911e-02
1.148505645034202521e-01
1.632226262342414691e-01
2.171113595305844968e-01
2.527568616501464360e-01
1.457071712392558616e-01
3.212708200257170105e-02
3.118676503048405102e-02
6.506531142215299379e-02
6.557945945413894140e-02
2.339128435822971919e-01
1.610066762645597227e-01
2.527568616501464360e-01
2.138989570548997521e-01
1.292934261226814929e-01
9.531182026311460498e-02
4.303267699555227144e-02
1.860850978803019196e-02
9.559518119619511700e-03
2.045757963717815750e-02
2.527568616501464360e-01
2.249919559628699439e-01
1.565266386189983205e-01
2.527568616501464360e-01
2.527568616501464360e-01
1.599612502920869095e-01
5.581164956321978815e-02
2.698355671217587959e-02
1.537201086596041155e-01
1.593503340684515879e-01
2.119606115245589173e-01
2.599664675342242548e-01
1.422504155754947541e-01
3.136489938844250203e-02
3.044689048802591905e-02
6.352170253962523272e-02
6.402365292817013831e-02
2.283634973146940472e-01
2.599664675342242548e-01
2.599664675342242548e-01
2.279166229190730808e-01
1.236638230871759392e-01
1.112602823644033151e-01
4.909079217214441793e-02
1.618365855905419190e-02
3.126799383593364262e-02
2.267105185469248940e-01
2.599664675342242548e-01
2.196542487555955270e-01
1.528132020051802542e-01
2.599664675342242548e-01
2.599664675342242548e-01
1.561663309807956035e-01
5.448757447418578481e-02
2.634339904732030738e-02
1.500732541381438745e-01
6.022258189343109719e-02
1.263567200191613622e-02
1.303904605548938944e-01
2.119598458234922544e-01
2.599664675342242548e-01
1.743749669413460213e-01
7.253114807084438953e-02
3.060686949945578411e-02
1.225386565880870610e-01
2.609921120598898692e-01
2.609921120598898692e-01
2.205709502785668796e-01
1.196781815387996661e-01
1.076744025734878984e-01
4.750861319659975546e-02
1.566206493249914372e-02
3.026023738577910543e-02
2.194037182263688934e-01
2.609921120598898692e-01
2.609921120598898692e-01
2.609921120598898692e-01
1.506974311598709981e-01
1.237721171936000120e-01
1.195530664167271800e-01
1.387752934938378535e-02
2.409455274190959451e-02
7.487381743262763734e-02
5.828162924816355367e-02
1.222842873492616111e-02
1.261880218454489166e-01
2.051284544997256376e-01
2.609921120598898692e-01
1.687549230522917276e-01
7.019349466432789342e-02
2.962042085427062793e-02
1.185892787604631848e-01
2.517189503928247141e-01
2.609921120598898692e-01
2.609921120598898692e-01
2.143914286596387275e-01
2.003714432204409257e-01
9.117521861928930271e-02
2.678749236812334386e-02
6.330714097337564530e-03
4.243089922357146104e-02
1.539386258928709950e-01
1.880892646944093138e-01
1.296319346188264665e-01
1.693648609990130727e-01
2.591879951879180743e-01
1.465077608225527905e-01
6.639398541883951253e-03
7.415599690662884672e-03
6.202658569658150295e-02
3.256915099899304056e-01
3.256915099899304056e-01
3.256915099899304056e-01
3.256915099899304056e-01
1.232408238301283265e-01
5.209038208771642892e-02
1.405470534786711426e-02
2.644177745896511555e-02
6.340330611882873113e-02
1.042454082890070244e-01
7.699052998590517893e-02
1.760987166928474346e-01
8.302500250769984103e-02
6.356245088856267433e-02
5.978005427885943468e-02
4.647243718275475416e-02
9.676951157545290658e-03
5.422542739169591841e-02
3.256915099899304056e-01
3.256915099899304056e-01
2.177656941619446063e-01
8.182425076218025062e-02
6.975961161404010957e-02
3.677094181393265881e-02
9.006053373987589136e-03
2.232707673790631370e-02
1.231163352528890503e-01
3.011961450545065921e-01
3.011961450545065921e-01
3.011961450545065921e-01
2.879869336978982397e-01
1.084310406215334005e-01
4.583070901838269540e-02
1.236575900043360501e-02
2.326428334908354351e-02
5.578416508142127611e-02
1.241545876506910812e-01
2.596671863542611147e-01
3.011961450545065921e-01
2.763887773724855168e-01
1.002861440207224175e-01
9.439102102314470000e-02
1.007866806748592137e-01
5.265439047624553143e-02
1.309552292032704901e-01
3.011961450545065921e-01
3.011961450545065921e-01
1.915969083604724954e-01
7.199147476042364047e-02
6.137663677979406790e-02
3.235219760470195438e-02
7.923800806302425809e-03
1.964404399036620910e-02
1.083215117693556995e-01
1.299915409438745506e-01
7.274961808641214334e-02
4.387592748748582461e-02
1.106691176457514497e-01
1.927866325826616822e-01
1.056382142764225596e-01
4.758793946031496247e-02
1.916645623877651777e-02
2.443234706432137124e-02
1.832875760620962247e-01
2.526396328447961248e-01
2.526396328447961248e-01
2.526396328447961248e-01
1.480509467913342092e-01
1.393480641571947509e-01
1.487898816289664472e-01
7.773289559440979546e-02
1.933272623066867868e-01
1.732224384644916737e-01
1.494784585944778643e-01
8.304944821529143539e-02
7.056556295255808631e-02
1.074620494995435355e-01
1.332754823880630546e-01
2.053553814847318415e-01
8.061842281092335138e-02
1.850296624850107652e-01
1.919045836245173164e-01
1.073991820263396901e-01
6.477338090223051792e-02
1.633791767348183044e-01
2.526396328447961248e-01
1.559521287181855342e-01
7.025336911440629994e-02
2.829515503357266787e-02
3.606911154605579178e-02
2.526396328447961248e-01
1.976813294660504927e-01
2.522076848973734409e-01
1.269583690589100033e-01
6.534481247497776757e-02
1.675973923209884420e-01
1.497420556698985661e-01
1.261489209965237224e-01
2.526396328447961248e-01
2.188599975557730948e-01
1.888603772849801465e-01
1.049298358487943394e-01
8.915691911636740297e-02
1.357742339808337417e-01
1.683885298478531578e-01
2.564311143670775506e-01
1.018583272222309960e-01
2.337779784084730028e-01
1.350206262349888664e-01
2.564311143670775506e-01
1.793762333501489614e-01
1.084258104581118237e-01
7.992874555323724317e-02
3.608731719273687577e-02
1.560514571924497863e-02
8.016637278412419923e-03
1.715578060455842310e-02
2.564311143670775506e-01
2.497628809943721606e-01
2.564311143670775506e-01
1.604070961488847369e-01
8.256069840217424016e-02
2.117529645632166557e-01
1.891934222172284019e-01
1.593843891455325179e-01
2.564311143670775506e-01
2.564311143670775506e-01
9.851658144900762859e-02
2.050206897140769910e-02
6.050307510568977282e-02
8.325031488297501836e-02
1.632328082486358412e-01
1.991036115773419934e-01
9.991788397489655138e-02
1.506859058567557308e-01
1.684141500787424695e-01
2.552870090739899345e-01
2.237398590598678738e-01
1.352418606259564726e-01
9.969685465523514534e-02
4.501249196592628510e-02
1.946463608150947669e-02
9.999325224456154931e-03
2.139877654267139176e-02
2.552870090739899345e-01
2.353432163010324707e-01
1.637279982376956267e-01
2.552870090739899345e-01
2.552870090739899345e-01
1.673206269360440201e-01
5.837938987224009640e-02
2.822499585244185247e-02
1.607923475631531096e-01
2.552870090739899345e-01
1.228818647642913042e-01
2.557267446431548547e-02
7.546679537199899035e-02
1.038399199867633266e-01
2.036038154519866639e-01
2.483462449881361778e-01
1.246297397407415547e-01
1.879537924786681691e-01
2.053815155750981503e-01
2.552870090739899345e-01
2.552870090739899345e-01
1.068723374504452206e-01
1.898812456465967802e-01
1.252141907091524342e-01
3.748131747989168205e-02
1.964380371350303925e-02
2.422498986886701192e-02
2.500061783486277611e-01
2.500061783486277611e-01
1.837329859079946948e-01
2.500061783486277611e-01
2.500061783486277611e-01
1.877645773591282430e-01
6.551243362263306502e-02
3.167364666415344032e-02
1.804386448678418353e-01
7.240784595295465809e-02
1.519233754284790572e-02
1.567732914258097299e-01
2.500061783486277611e-01
2.500061783486277611e-01
2.096574963637977407e-01
8.720689201931242085e-02
3.679977546861894211e-02
1.473327760210167148e-01
2.304759082935771697e-01
2.500061783486277611e-01
2.500061783486277611e-01
1.199304571123514240e-01
2.130817490355562116e-01
1.405133965153977094e-01
4.206094529017762734e-02
2.204396773747097429e-02
2.718490282728629193e-02
1.914870977141020225e-01
2.193090188529224147e-02
5.401389259511218260e-02
7.751035439585700348e-02
1.625801881147569961e-01
2.286444703509348808e-01
6.121571765675488247e-02
4.804878515314096182e-02
1.481553786292879316e-01
5.432546571850928319e-02
1.139836162098020744e-02
1.176223647705840758e-01
1.912043120031132470e-01
2.838039231887642400e-01
1.572998199496253857e-01
6.542875237430782753e-02
2.760978336475039888e-02
1.105394252184067755e-01
2.346322398098612816e-01
2.799097080321475417e-01
2.441835975402397718e-01
1.998385144382082146e-01
1.867702071829655253e-01
8.498623455410458938e-02
2.496915438195592557e-02
5.900984514420247462e-03
3.955068502564701438e-02
1.436671071414437062e-01
1.645410718776972245e-02
4.052502642331776150e-02
5.815372692204512362e-02
1.219791076463670743e-01
1.715451850873567774e-01
4.592834280910241401e-02
3.604958269783280211e-02
1.111565996310336923e-01
2.838039231887642400e-01
2.838039231887642400e-01
2.838039231887642400e-01
2.838039231887642400e-01
2.838039231887642400e-01
2.318956654283172714e-01
4.855238061079365092e-02
1.833257208784185022e-02
3.853097896691973917e-02
