0.000000000000000000e+00
0.000000000000000000e+00
0.000000000000000000e+00
0.000000000000000000e+00
1.758928993812172992e-01
1.772569023740210581e-01
5.108539346528995868e-04
0.000000000000000000e+00
0.000000000000000000e+00
7.524376027951166709e-03
3.566572096599311507e-03
0.000000000000000000e+00
2.329160638367083411e-03
1.430263293295045701e-01
1.534884540064510583e-01
2.798602906057130225e-03
1.558566224676871887e-03
2.502907736426119700e-03
2.560286255481063981e-03
3.294340641171444317e-01
3.294340641171444317e-01
3.294340641171444317e-01
3.294340641171444317e-01
2.980331562028540326e-01
3.080309168966299110e-02
4.855801299898815718e-03
2.184807059414655035e-03
5.973374698104849147e-03
1.161861913557732211e-02
7.040821719843411153e-02
2.188823318581928912e-01
3.294340641171444317e-01
3.294340641171444317e-01
3.036490580703200548e-01
6.322909563596471050e-02
5.769266286394659354e-02
7.365670852339491897e-03
3.491345466667497913e-03
0.000000000000000000e+00
2.280033661357070991e-03
1.400095982904109859e-01
1.502510543925868747e-01
2.739574388074612638e-03
1.525692731184399853e-03
2.450116061691399397e-03
3.669977347269968038e-03
0.000000000000000000e+00
3.791897659021018115e-03
1.405713723570589484e-02
1.260200986298364301e-01
1.424606377590436068e-01
7.268416497990527053e-03
2.040352510713471781e-04
7.134590857461449399e-04
5.847383456181870325e-03
1.137355762038626782e-02
6.892315738304567729e-02
2.142656355651308409e-01
3.911207300159919575e-01
3.841349898182911393e-01
2.972444503119686110e-01
6.189545884144562193e-02
5.647580127205976269e-02
8.769983924932770640e-04
2.004906938823007231e-02
4.978270167099881766e-02
3.911207300159919575e-01
3.911207300159919575e-01
3.911207300159919575e-01
9.577241748610430816e-02
5.688243066438044421e-02
1.818170814096436300e-02
5.966478823759763413e-03
0.000000000000000000e+00
6.164691207492854416e-03
2.285344123497511440e-02
2.048776269429450902e-01
2.316058923472472109e-01
1.181665416812079789e-02
3.317110405935560190e-04
1.159908665346384834e-03
1.541340362804605700e-02
0.000000000000000000e+00
0.000000000000000000e+00
1.787957525536901715e-03
5.828811246184528727e-02
2.929533353528680495e-01
6.361941873274618020e-02
2.588837372170709806e-04
0.000000000000000000e+00
1.425783279336839812e-03
3.259484640414737205e-02
8.093440563891156347e-02
4.857404397061233503e-01
4.857404397061233503e-01
4.857404397061233503e-01
1.557023509303655795e-01
9.247681549191946737e-02
2.955897716467958958e-02
8.858133781079175970e-03
9.910068624228071318e-03
2.684893402674215154e-02
2.618376893253005627e-02
1.528676967048789026e-01
1.586043405859853261e-01
1.033640970497438777e-01
1.253687175900807145e-02
8.722598408354237387e-03
4.496256850117887061e-02
0.000000000000000000e+00
0.000000000000000000e+00
5.215665835991757128e-03
1.700327398551601532e-01
3.392280651246285528e-01
1.855847379206603531e-01
7.551919127896962588e-04
0.000000000000000000e+00
2.320648696835038785e-02
0.000000000000000000e+00
0.000000000000000000e+00
0.000000000000000000e+00
3.392280651246285528e-01
3.392280651246285528e-01
1.931632119988433566e-02
1.499203026842428621e-03
0.000000000000000000e+00
2.584013606181474396e-02
2.890874398159935799e-02
7.832124977019508383e-02
7.638089111646562124e-02
3.392280651246285528e-01
3.392280651246285528e-01
3.015242711029147982e-01
3.657141335280492123e-02
2.544476469365117635e-02
0.000000000000000000e+00
5.726196443402929194e-03
5.183647091952371666e-02
1.372605878346135899e-01
3.392280651246285528e-01
3.384827883513413238e-01
2.692203796255917062e-02
7.919024232903669859e-04
0.000000000000000000e+00
2.159087370765037928e-02
0.000000000000000000e+00
0.000000000000000000e+00
0.000000000000000000e+00
3.660616870403092249e-01
3.660616870403092249e-01
1.797153753137665719e-02
1.394829956762860769e-03
0.000000000000000000e+00
3.238631056147556198e-02
0.000000000000000000e+00
0.000000000000000000e+00
1.546912249656278229e-02
3.660616870403092249e-01
3.660616870403092249e-01
1.803623647911196254e-02
1.730449763978684358e-03
0.000000000000000000e+00
0.000000000000000000e+00
5.327544164841672460e-03
4.822766576432335750e-02
1.277046379754418204e-01
3.660616870403092249e-01
3.149179427922113028e-01
2.504775162198982774e-02
7.367709396671336900e-04
0.000000000000000000e+00
4.707622422566232201e-02
2.606166221118264709e-02
3.157597806719231875e-02
2.452927302013866717e-01
3.660616870403092249e-01
1.007511754401541060e-01
1.786779019536514912e-02
1.895018465786332471e-02
1.521087776320594921e-02
2.661784422676504239e-02
0.000000000000000000e+00
0.000000000000000000e+00
1.271384995078904574e-02
3.522212617764940434e-01
3.522212617764940434e-01
1.482372412031319683e-02
1.422231846149762599e-03
0.000000000000000000e+00
5.101753476796633269e-02
0.000000000000000000e+00
1.404328655800223501e-02
3.522212617764940434e-01
3.522212617764940434e-01
2.885299213808525387e-01
0.000000000000000000e+00
0.000000000000000000e+00
0.000000000000000000e+00
3.869127361217556543e-02
2.141970644390135334e-02
2.595184356998214356e-02
2.016025774243343782e-01
3.522212617764940434e-01
8.280594630990632810e-02
1.468528053524230034e-02
1.557488502229866130e-02
1.250160230770458111e-02
1.394364298829346011e-02
6.967360467313311011e-03
2.423954531805662740e-02
6.147286504290772058e-02
3.522212617764940434e-01
3.361105378851835801e-01
1.255123606027926282e-02
4.177224644640649236e-03
8.255215207391887076e-04
4.912654529285649663e-02
0.000000000000000000e+00
1.352276538429378512e-02
3.362419135691279704e-01
3.362419135691279704e-01
2.778354210082465414e-01
0.000000000000000000e+00
0.000000000000000000e+00
0.000000000000000000e+00
4.271873503726651700e-02
0.000000000000000000e+00
5.332212035474758784e-03
3.246123610147436112e-01
3.362419135691279704e-01
1.583084666983047284e-01
0.000000000000000000e+00
0.000000000000000000e+00
0.000000000000000000e+00
1.342681515144337687e-02
6.709111898994433824e-03
2.334109490710746179e-02
5.919434372019624635e-02
3.362419135691279704e-01
3.236524390667070428e-01
1.208601845622306499e-02
4.022393803164069949e-03
7.949231683434033503e-04
0.000000000000000000e+00
0.000000000000000000e+00
0.000000000000000000e+00
1.884742518482861173e-02
3.362419135691279704e-01
3.362419135691279704e-01
5.318818533683745096e-03
5.126528494023771667e-05
0.000000000000000000e+00
5.576818595785652029e-04
8.427602217818165597e-02
1.317378285285784600e-01
8.796076597819398046e-02
8.696326066376815211e-02
6.491761786849381544e-02
6.709533130322801325e-03
1.057691222172643056e-03
4.758949360081635898e-04
1.301121193955220726e-03
2.530769015141395070e-03
1.533632632397055953e-02
4.767697580622053122e-02
2.551746320633896947e-01
8.547518395838313299e-02
6.614087428755807685e-02
1.377256920324726117e-02
1.256662275209520334e-02
2.957923350724684167e-02
1.499540692213753024e-01
3.141421685899399296e-01
1.216713323179477585e-01
3.477940826278430597e-01
3.477940826278430597e-01
7.816549901120149746e-02
1.690812986368250836e-02
0.000000000000000000e+00
1.082184246505912134e-02
6.399299550844189666e-02
3.477940826278430597e-01
3.477940826278430597e-01
3.477940826278430597e-01
2.971986332003019871e-01
1.550627423220468371e-01
3.520885958482656425e-02
1.022263517872314259e-01
1.352692574674775172e-03
2.631078850227826747e-03
1.594419861701079286e-02
4.956670558872087323e-02
2.652887614475323286e-01
8.886308761752792496e-02
6.876244115223957565e-02
1.431846024949788056e-02
1.306471477405147380e-02
2.028786417749293199e-04
4.638010743408074385e-03
1.151638017281333623e-02
1.257731949478929079e-01
2.910760236898373154e-01
1.138878574518988884e-01
2.215531766693778007e-02
1.315878155858143418e-02
4.206028522241906514e-03
1.125077818637810860e-02
6.652942881694749733e-02
3.217154564903769165e-01
3.217154564903769165e-01
3.217154564903769165e-01
3.089784304500203249e-01
1.612088259896253539e-01
3.660440176090222486e-02
1.062782065507100054e-01
8.229378268655455821e-04
1.994141635080096814e-02
5.550076185473049040e-02
3.127994481337660893e-01
3.217154564903769165e-01
3.217154564903769165e-01
2.031069641467752040e-01
2.841252890326746716e-02
4.609982146691441428e-03
2.820869853441907034e-04
6.448793511016241015e-03
1.601263167283275765e-02
1.748778535264356726e-01
3.450612900942962025e-01
1.583522153680204936e-01
3.080524748850953579e-02
1.829626316594193391e-02
5.848155802556827265e-03
1.752555448148043673e-03
1.960677631219515972e-03
5.311981820148327198e-03
5.180380882683451559e-03
3.024441957269008441e-02
3.137939751910504005e-02
2.045027947245139574e-02
2.480382826336833321e-03
1.725740177374730702e-03
1.144231096360227851e-03
2.772698975445296588e-02
7.716949630052910569e-02
3.450612900942962025e-01
3.450612900942962025e-01
3.450612900942962025e-01
2.824044498589231011e-01
3.950541345411270888e-02
6.409821925431621534e-03
1.153870833566746357e-01
3.978104863831941063e-02
0.000000000000000000e+00
8.178500346517614261e-02
3.450612900942962025e-01
3.450612900942962025e-01
3.221055267398519883e-01
8.821663716154087842e-02
6.881096575485523559e-02
1.938214527726592196e-03
2.168384385803017334e-03
5.874713034449636009e-03
5.729170792618485178e-03
3.344839871422692484e-02
3.470361192115591076e-02
2.261670454504555172e-02
2.743145178892787521e-03
1.908558548834352834e-03
0.000000000000000000e+00
4.295100114283395836e-04
3.888145200240168600e-03
1.029562943433882591e-02
3.325743945178191718e-02
2.538888557701738519e-02
2.019365725095736020e-03
5.939894347659595156e-05
0.000000000000000000e+00
1.276107534915574826e-01
4.399530210611380526e-02
0.000000000000000000e+00
9.044899665450338577e-02
3.900859718722446967e-01
3.900859718722446967e-01
3.562281650192160032e-01
9.756197323991350201e-02
7.610053857861805160e-02
1.663973872974159555e-03
1.546066992583552402e-01
3.900859718722446967e-01
3.900859718722446967e-01
1.590262240220481627e-01
3.900859718722446967e-01
1.071601669887906894e-01
7.100678783983264963e-02
6.096700084972428435e-03
0.000000000000000000e+00
5.713099715425808568e-04
5.171791261199148483e-03
1.369466508960859828e-02
4.423716859029882403e-02
3.377086240264198791e-02
2.686046295176966730e-03
7.900912156720525182e-05
0.000000000000000000e+00
5.048314099427946705e-03
2.794775047475482090e-03
3.386113858998466165e-03
2.630446193872536600e-02
5.794257195162575563e-02
1.080425603103500956e-02
1.916088612725041313e-03
2.032161371661251464e-03
1.631169235420711809e-03
2.213324115205339646e-03
2.056491038703534002e-01
4.571664992552544882e-01
4.571664992552544882e-01
2.115277062307046874e-01
4.571664992552544882e-01
1.425384049821585564e-01
9.444922088125327908e-02
8.109486296876172035e-03
1.716090413794036165e-02
4.828096080119348259e-03
6.784997286457500158e-03
6.657912122516145004e-03
9.575380071330701418e-03
7.554735030216707531e-03
5.655656415540268045e-02
1.906701117597001116e-01
4.571664992552544882e-01
5.531892380637767892e-03
3.062486700753838317e-03
3.710469889083992719e-03
2.882416777357415388e-02
6.349289405943966957e-02
1.183919630185350028e-02
2.099630844792630714e-03
2.226822219598644653e-03
1.787419024893294834e-03
1.993595072068154745e-03
9.961597198536904785e-04
3.465653713008947420e-03
8.789094852639402558e-03
5.906449411601159133e-02
4.805546961871026701e-02
1.794515420334874111e-03
5.972395071696007555e-04
1.180291002153144449e-04
1.880474807545845159e-02
5.290579665323477850e-03
7.434932544283519296e-03
7.295673885600028122e-03
1.049260624736233875e-02
8.278403508238272798e-03
6.197412050129284117e-02
2.089344120997460030e-01
4.828034566501007152e-01
2.000079450244714868e-03
2.128440421941226735e-01
4.828034566501007152e-01
4.828034566501007152e-01
3.456222570772332081e-01
2.771214592175716973e-01
3.131738018709130395e-03
1.921435951896903081e-03
1.948216375355600345e-03
1.435251796320848256e-03
7.171667142311255070e-04
2.495033112146488076e-03
6.327545825140248187e-03
4.252238705167190463e-02
3.459664405256813319e-02
1.291928093446370347e-03
4.299715060038246904e-04
8.497286157836779887e-05
0.000000000000000000e+00
0.000000000000000000e+00
0.000000000000000000e+00
2.014684833852063012e-03
4.199231755897409046e-02
3.749991516413089115e-02
5.685520928582665952e-04
5.479973580441124943e-06
0.000000000000000000e+00
1.439920104121327144e-03
1.532331204944217817e-01
3.780324262648854794e-01
3.780324262648854794e-01
2.488243336215502366e-01
1.995084547076353965e-01
2.254636701271355188e-03
1.383302176110721591e-03
1.402582245275145337e-03
0.000000000000000000e+00
0.000000000000000000e+00
3.633390670020572588e-01
3.780324262648854794e-01
3.780324262648854794e-01
3.054854156402279641e-01
1.809453426855570368e-01
1.855698377628076656e-01
6.643478578384987010e-02
3.130806035510566576e-02
1.587184822935422401e-01
3.325029356114999057e-01
1.287826952907065170e-01
3.626337528134411237e-01
3.626337528134411237e-01
8.273406273797079269e-02
1.789636469567219140e-02
0.000000000000000000e+00
1.145435012595943415e-02
6.773321442529782466e-02
3.626337528134411237e-01
3.626337528134411237e-01
3.626337528134411237e-01
3.145690960318606733e-01
1.641257436321818808e-01
3.726672297462084449e-02
1.082012078119869852e-01
3.675706860276346105e-02
8.561700300153191057e-02
9.323970501022575685e-02
9.169914623322476810e-02
2.267518545014277076e-02
3.350195393337863231e-02
1.124628265116286649e-02
1.427656972349181444e-02
4.481792738486814476e-02
4.454321797681664447e-03
1.991812402843644303e-02
7.425019909584620881e-02
3.532318673045765911e-02
2.143025505461191443e-02
2.766559776966750345e-02
6.138815452157010341e-03
4.545137766626202933e-03
8.819992003685541912e-03
1.275553505672254867e-02
7.542753465762633280e-02
3.515646006038730120e-01
3.515646006038730120e-01
3.515646006038730120e-01
3.503033422299747235e-01
1.827700090873202454e-01
4.150012756067444214e-02
1.204925887761718051e-01
9.330032221945150231e-04
2.260851926236647630e-02
6.292381751601554274e-02
3.515646006038730120e-01
3.515646006038730120e-01
3.515646006038730120e-01
2.302718939544483867e-01
3.221261698275836721e-02
5.226553035609865852e-03
4.960321381785313608e-03
2.218077206607021318e-02
8.268483214855146257e-02
3.933581056112245983e-02
2.386467731627081243e-02
3.080833904460559061e-02
6.836169214809990555e-03
5.061453812944104874e-03
9.821920577410322289e-03
4.669773478821251378e-02
2.776308749104819396e-02
8.244639955329651979e-03
5.056667657951216012e-03
3.877111968887259758e-02
6.973004030403481823e-02
2.598529772389967379e-02
7.517144235769957286e-03
3.019923036558240168e-02
1.118451502387960133e-03
2.710229904274555346e-02
7.543086300520940313e-02
3.373767377785265587e-01
3.373767377785265587e-01
3.373767377785265587e-01
2.760418609758879538e-01
3.861535416294922807e-02
6.265408260047243376e-03
1.127874055747637022e-01
3.888477927022661318e-02
0.000000000000000000e+00
7.994238252168013592e-02
3.373767377785265587e-01
3.373767377785265587e-01
3.148484702571267002e-01
8.622911113217711365e-02
6.726065064487214695e-02
5.597960477472169183e-02
3.328141444383726083e-02
9.883384885849607476e-03
6.061755634465582770e-03
4.647745691948147045e-02
8.358992389777755716e-02
3.115026249420051879e-02
9.011288561671304195e-03
3.620177698197055149e-02
1.782989480965735743e-02
8.609706803082772114e-03
4.153222726835729267e-02
1.997098517556794572e-01
3.202113700052437451e-01
1.091509650892360656e-01
6.934200530960782372e-02
7.863509472999620498e-02
1.780151271805748558e-01
8.699324211325087930e-02
2.999193926251663561e-02
0.000000000000000000e+00
6.165978375314894872e-02
3.052131325694745767e-01
3.052131325694745767e-01
2.428435077701030509e-01
6.650875515493136214e-02
5.187832840401254003e-02
1.134343917272940009e-03
1.053965880845807723e-01
3.052131325694745767e-01
3.052131325694745767e-01
1.084094124530136649e-01
3.052131325694745767e-01
7.305191840567734629e-02
4.840587895003274632e-02
4.156167815582815367e-03
1.375224785184148320e-02
6.640690994068484086e-03
3.203392332545314247e-02
1.540367685350019500e-01
2.469799273804272333e-01
8.418844537219777324e-02
5.348368309188922948e-02
6.065146901451200223e-02
1.373035666502283036e-01
3.451211818477656779e-03
4.946626294892634418e-02
3.052131325694745767e-01
3.052131325694745767e-01
2.767753323494845930e-01
1.969353752592639673e-01
5.175597650207205275e-02
2.735360341798087711e-03
5.395762219449903255e-04
9.881417534789763667e-04
9.181233995680673776e-02
3.076030163011973517e-01
3.076030163011973517e-01
9.443685048576928864e-02
3.076030163011973517e-01
6.363647712937854639e-02
4.216699131191917194e-02
3.620491890075268251e-03
7.661510480843333748e-03
2.155510480276628168e-03
3.029171855098231145e-03
2.972434499789325738e-03
4.274942286541051628e-03
3.372822384458957004e-03
2.524975989342665220e-02
8.512494725734413847e-02
2.618996384643261233e-01
3.006395543722312214e-03
4.309070561767116420e-02
3.076030163011973517e-01
3.076030163011973517e-01
2.411025951327418759e-01
1.715529691370537013e-01
4.508530490181892475e-02
2.382808003272300548e-03
4.700318712600752482e-04
1.507353756362252335e-02
1.223471787263168964e-01
3.076030163011973517e-01
2.268105986591263112e-01
3.078950196686424182e-02
1.200013419351819849e-01
2.443031793158564891e-02
2.526605029056886997e-01
3.076030163011973517e-01
6.341591925401161671e-03
1.784160955077777845e-03
2.507308686058066019e-03
2.460345994406698111e-03
3.538458839633488139e-03
2.791755392435726641e-03
2.089975258258043936e-02
7.045969323244367921e-02
2.167797899257114247e-01
6.744938906353020215e-04
7.177815166317168261e-02
3.579818605252327313e-01
2.336984576462905194e-01
1.165554202547577356e-01
9.345465310556656802e-02
1.056127125565518724e-03
6.479726646073578856e-04
6.570039218453177163e-04
1.247668124186625260e-02
1.012693100983685091e-01
3.579818605252327313e-01
1.877358602652195174e-01
2.548511256995592000e-02
9.932761208853525814e-02
2.022148338990110983e-02
2.091323648386034795e-01
3.579818605252327313e-01
6.671931136654219927e-03
7.700542496160200923e-02
3.579818605252327313e-01
3.579818605252327313e-01
3.344422012278306933e-01
8.026555384539088567e-02
4.048969806800249358e-03
1.246437933972495025e-03
9.085688694649514743e-03
7.801340652393728590e-04
8.302014596398421542e-02
3.798174135813888186e-01
2.703006362771491755e-01
1.348104928621107479e-01
1.080916513181612026e-01
1.221539230104746240e-03
7.494590477728328443e-04
7.599047931251531668e-04
0.000000000000000000e+00
0.000000000000000000e+00
1.968534105394448286e-01
2.653262066433506039e-01
2.731361450673377989e-01
1.655088907312525226e-01
9.803434605252291101e-02
1.005398504440297852e-01
3.599369114891855237e-02
7.716898303901084666e-03
8.906612210259777507e-02
3.798174135813888186e-01
3.798174135813888186e-01
3.798174135813888186e-01
9.283685692262552691e-02
4.683125109458526232e-03
1.441656782958612151e-03
1.050870193973163676e-02
2.728443470122848824e-02
0.000000000000000000e+00
0.000000000000000000e+00
2.888314441199917211e-03
1.124544580071454303e-01
1.176898907951599710e-01
7.051789451164687528e-02
6.721679831994450960e-02
1.658097387015166069e-01
2.024587153596161260e-01
2.626200806810318755e-01
2.626200806810318755e-01
2.626200806810318755e-01
1.248954035587000050e-01
1.845294745533362923e-01
6.194476395090955934e-02
7.863564957252429377e-02
2.468580969141478954e-01
2.453449916539768988e-02
1.097094506297917188e-01
2.626200806810318755e-01
1.945608635210544501e-01
1.180383004715303552e-01
1.523827007162818215e-01
3.381272602843059943e-02
2.503471545319131686e-02
4.858070347900404762e-02
8.202074916354148981e-02
1.951938562988489445e-01
1.238409566859013100e-01
1.828854756180695318e-01
1.547430379125864786e-01
2.231792110682892516e-01
1.262777824916472835e-01
2.717251857207985885e-02
5.684712975511978239e-02
1.976384753584137233e-01
2.626200806810318755e-01
2.626200806810318755e-01
2.626200806810318755e-01
1.150654208765724273e-01
1.199498833195159347e-01
4.164115150423342016e-02
1.018063076870029740e-02
8.961736518409359198e-02
3.104029955025066137e-02
1.388010486003727617e-01
2.567373798587693212e-01
2.461524665221783148e-01
1.493384552233392171e-01
1.927899422206490743e-01
4.277882900553720003e-02
3.167315793094778453e-02
6.146282335679163072e-02
2.567373798587693212e-01
1.737336123676292698e-01
5.159264374222635036e-02
3.164320751579551005e-02
2.426187894720796823e-01
2.567373798587693212e-01
1.626087027776383920e-01
4.704017963383615858e-02
1.889783109975261555e-01
2.500461670899795652e-01
2.567373798587693212e-01
2.567373798587693212e-01
2.567373798587693212e-01
1.455772586921922074e-01
1.517569315010321995e-01
5.268311399369152853e-02
1.288022333533677018e-02
1.133811553056570803e-01
2.567373798587693212e-01
1.468906725744220376e-01
9.704231233274401847e-02
8.476674662509753322e-02
1.686999828056772455e-01
1.104536668211711647e-01
1.044141397901042212e-01
4.734556072584445580e-02
1.417640125693835906e-01
1.858647183781192425e-01
1.105016862431043301e-01
3.281503247162091685e-02
2.012637474685572900e-02
1.543154775035394111e-01
2.775371088637001993e-01
1.034257885383195463e-01
2.991947902239062984e-02
1.201979383495010989e-01
5.919920997736144441e-02
2.858613841081932352e-02
1.378962169510538349e-01
3.243396746566378219e-01
3.243396746566378219e-01
3.243396746566378219e-01
2.302308553358017318e-01
2.610859757842964313e-01
3.243396746566378219e-01
1.885879804045004771e-01
9.342847818365919432e-02
6.172288139043051458e-02
5.391511931263177210e-02
1.073000918772320511e-01
7.025305160665376580e-02
6.641166529142823738e-02
3.011371389239535235e-02
9.016771264939357766e-02
2.203060736726839552e-01
1.623378101153029884e-01
1.789273340166905868e-01
2.114606887942837854e-01
1.159635817572355759e-01
4.959315006590617192e-02
2.179305527809609344e-02
5.252582681067385212e-02
8.899914089312176146e-02
3.104227053873518868e-02
1.498970412858090934e-02
7.230859456569938004e-02
3.441458639448780610e-01
3.441458639448780610e-01
1.900344238727014190e-01
1.207260789532736134e-01
1.369055684571658660e-01
3.099285664284269770e-01
7.790250154727837613e-03
1.116577546844582658e-01
3.441458639448780610e-01
3.441458639448780610e-01
3.441458639448780610e-01
3.441458639448780610e-01
1.168262121132879749e-01
6.174393936599489180e-03
1.217958783053939937e-03
1.155218244109883774e-01
8.512502484732759056e-02
9.382406811585468354e-02
1.108835728106792179e-01
6.080778576142221309e-02
2.600514401801428191e-02
1.142761732913284874e-02
2.754295077166097824e-02
4.666845064952390709e-02
4.609193006700146311e-02
6.786274481840784412e-02
1.250509503796914113e-01
9.814179755428707741e-02
8.747669858837307799e-02
3.283170000930527715e-02
5.468332732402309167e-03
9.078903198922834081e-03
3.591081634713497867e-02
4.342207086821031105e-03
6.223690947782117150e-02
3.371305052598916885e-01
3.371305052598916885e-01
3.371305052598916885e-01
2.477779478843283312e-01
6.511775566756476674e-02
3.441545082099325883e-03
6.788779762127550950e-04
2.177106128596307394e-02
1.767088790519582842e-01
3.371305052598916885e-01
3.275878288604681110e-01
4.446999461510536128e-02
1.733207323524126320e-01
3.528527704125029169e-02
3.371305052598916885e-01
3.371305052598916885e-01
2.569117825577518430e-02
3.782601144108093533e-02
6.970214205802628682e-02
5.470325090843868726e-02
4.875863200767922845e-02
1.830005938464860857e-02
3.047993667998234561e-03
5.060489333195505521e-03
2.001632786354416021e-02
5.952526899165663798e-02
1.499749133367335452e-01
1.268791036129208183e-01
3.613105683416193564e-02
9.729970734827141088e-02
5.687599800650092186e-02
2.784818253350486786e-02
2.416148113656465743e-02
7.518230075064462337e-02
1.539154188294220536e-02
1.249283200892734591e-01
3.956938588576391358e-01
2.315955902204403782e-01
3.143906379492469871e-02
1.225329935065849057e-01
2.494572094111847937e-02
2.579908462909997202e-01
3.956938588576391358e-01
8.230658901930809623e-03
9.499579259371816742e-02
3.956938588576391358e-01
3.956938588576391358e-01
3.956938588576391358e-01
9.901756803911861138e-02
4.994909075260841463e-03
1.537636595287096737e-03
1.120832979284761693e-02
4.208272893748162685e-02
1.060281411959127229e-01
8.970003858229673444e-02
2.554366400578382545e-02
6.878821850611911703e-02
4.020976717453907112e-02
1.968789955612395073e-02
1.708150300909421979e-02
5.315182000822311903e-02
3.234514638690343807e-02
9.054908195807394311e-02
6.371473266935982760e-02
1.443878156669813409e-02
7.362223597982251594e-03
2.586274997822291324e-03
7.878335952368300307e-04
4.361300179223956235e-03
1.609648675751270547e-02
1.200059707506648254e-02
1.385072865158298860e-01
4.997957880657842855e-01
4.997957880657842855e-01
4.997957880657842855e-01
1.443711799442557453e-01
7.282757304489518614e-03
2.241929528095105550e-03
1.634214846357854092e-02
4.243019596421029188e-02
0.000000000000000000e+00
0.000000000000000000e+00
4.491635948787061836e-03
1.748786347432516874e-01
1.830202891914894103e-01
1.096628211607392073e-01
1.045292657162376071e-01
2.578517672408688344e-01
4.716038822022048521e-02
1.320238222775948767e-01
9.289837467704964435e-02
2.105226348235541070e-02
1.073438712849650312e-02
3.770882081737454185e-03
1.148689752702582818e-03
6.358932717039708291e-03
2.346925734654593462e-02
3.116989773053276819e-02
1.485712841476144810e-02
9.749029585442280793e-03
1.196601012410904337e-02
9.792627648001667184e-02
7.500087982660928743e-02
4.879457577894220216e-02
2.968690073637428664e-02
7.361808701886965456e-02
9.714507580794183583e-02
2.311868906438240279e-01
1.466767768896158897e-01
2.166088895099497480e-01
1.832770890545759868e-01
2.533747011645483549e-01
1.495629444757950455e-01
3.218303177546140426e-02
6.732953290287368997e-02
2.340822885313688095e-01
2.533747011645483549e-01
2.533747011645483549e-01
2.533747011645483549e-01
1.362830643211929982e-01
1.420682038028463767e-01
4.931962778763385180e-02
1.205790190755376065e-02
1.061424800834003673e-01
1.106436283290775369e-01
8.367741885323619344e-02
8.743953801932197178e-02
9.264993779695972209e-02
2.167575738324281354e-01
2.069658573017562619e-01
1.008158795296400373e-01
3.768513135708669720e-02
7.269811086976728232e-02
1.811136928551277947e-01
2.533747011645483549e-01
2.460902549098315517e-01
2.156056602029958469e-01
1.858912865328360975e-01
2.037710427205879360e-01
6.184606604924478696e-02
3.195981430036660270e-02
1.258188360513429194e-01
2.271556976314464404e-01
2.504636230729913038e-01
2.504636230729913038e-01
2.504636230729913038e-01
1.322503925669000213e-01
1.378643473991729984e-01
4.786023977855087541e-02
1.170110364592951042e-02
1.030016805754429554e-01
2.504636230729913038e-01
1.334435700115652046e-01
8.815857653111201786e-02
7.700677714705002341e-02
1.532563475401992337e-01
1.003421889433951802e-01
9.485555024754060982e-02
4.301131267715481432e-02
1.287862299550600331e-01
1.757544644203222484e-01
2.504636230729913038e-01
2.388083433610661277e-01
2.092258003114017550e-01
1.803906871421194769e-01
1.977413740129232711e-01
6.001601559570399896e-02
3.101411029052878951e-02
1.220958051022701940e-01
2.504636230729913038e-01
1.568260705814198686e-01
1.427273456969989363e-01
1.216052453583443271e-01
2.433610356522126761e-01
1.723438154870941263e-01
6.420916250976539674e-02
3.928839917715051117e-02
2.298281951688284086e-01
2.340256160161509891e-01
1.507743554436856703e-01
9.960804070334196292e-02
8.700791793966353160e-02
1.731602880230526109e-01
1.133739816795798910e-01
1.071747739332032101e-01
4.859734302014556001e-02
1.455121502655660759e-01
2.340256160161509891e-01
2.340256160161509891e-01
2.340256160161509891e-01
2.340256160161509891e-01
1.871413795268944136e-01
8.003314814686543488e-02
3.516951069506180777e-02
8.476588547185773259e-02
1.436263157024125769e-01
2.340256160161509891e-01
1.771936235416233241e-01
1.612638477057236064e-01
1.373985459613121241e-01
2.340256160161509891e-01
1.947267125161598611e-01
7.254823211151882612e-02
4.439092165951276370e-02
2.340256160161509891e-01
2.340256160161509891e-01
2.340256160161509891e-01
2.340256160161509891e-01
1.399227150456817947e-01
1.437941639516449044e-01
1.708365658643727913e-01
8.196662111648506110e-02
5.542872953971844652e-02
9.123458216152939559e-02
2.314096686886557286e-01
2.314096686886557286e-01
2.314096686886557286e-01
2.314096686886557286e-01
1.709696941535835402e-01
7.311714221306987727e-02
3.213036316322427643e-02
7.744090350524790445e-02
1.312149527278576033e-01
1.295939835306920418e-01
1.908057098403135032e-01
2.314096686886557286e-01
2.314096686886557286e-01
2.314096686886557286e-01
9.231097036087575203e-02
1.537499126274691034e-02
2.552662103599550453e-02
1.009683416489457197e-01
2.314096686886557286e-01
2.314096686886557286e-01
2.314096686886557286e-01
1.278313960118119541e-01
1.313682964934535236e-01
1.560738490328529016e-01
7.488353553081597558e-02
5.063889643586527711e-02
8.335061250387440501e-02
2.314096686886557286e-01
2.314096686886557286e-01
1.791747469891798172e-01
2.046354471711068490e-01
2.314096686886557286e-01
1.531125195553444951e-01
2.323239144237563419e-02
7.643087675322593651e-03
3.343455931685927751e-02
1.059214475672807659e-01
1.559518153526168738e-01
2.645825139581859387e-01
2.255345187041193633e-01
2.010256140156893578e-01
7.544880819755518664e-02
1.256648870970738900e-02
2.086375137155725007e-02
8.252476399408806285e-02
2.454150835612502468e-01
2.645825139581859387e-01
2.645825139581859387e-01
1.489637339287789297e-01
2.645825139581859387e-01
2.344924775619474100e-01
1.148145007870016582e-01
9.961470166434205353e-02
2.645825139581859387e-01
1.947484651393569244e-01
2.645825139581859387e-01
1.464454448543168474e-01
1.672553169322713029e-01
2.054755153080919383e-01
1.251439246647955139e-01
1.898860166948517642e-02
6.246948264091907628e-03
2.732717079243977484e-02
2.645825139581859387e-01
1.221258082823390850e-01
3.465053506926360494e-02
2.410184405401737812e-02
4.238790238345963024e-02
6.137355735466074741e-02
2.401799398521025156e-02
1.578635101710200439e-02
2.002180906786077408e-01
2.485619869846114882e-01
2.816932136513731755e-01
2.816932136513731755e-01
1.508738629944202658e-01
2.816932136513731755e-01
2.374993228205355134e-01
1.162867417769811867e-01
1.008920389866276440e-01
2.816932136513731755e-01
1.910468750061524446e-01
2.816932136513731755e-01
2.816932136513731755e-01
8.528278290096184822e-02
4.348503465300640469e-02
1.527585469331972298e-02
4.653345654846106731e-03
2.576005562744577981e-02
9.507403233907948947e-02
2.816932136513731755e-01
1.236918005538309440e-01
3.509485122884289238e-02
2.441089667809528962e-02
4.293143309552491932e-02
6.216053692796408986e-02
2.432597141837182161e-02
1.598877591021458100e-02
2.027854430427427079e-01
1.119094100686362087e-01
1.386259836701046466e-01
1.245269260503403669e-01
1.892333460853293514e-01
5.167561183417446885e-02
4.489375566036633153e-02
2.557209680593560200e-02
6.264374338829828415e-02
2.591206079861863576e-01
2.407521957590925965e-01
2.737742341019868686e-01
2.737742341019868686e-01
1.074710970445936359e-01
5.479868527048337157e-02
1.925022620440730928e-02
5.864022554643485638e-03
3.246213765592459444e-02
1.198097694325921114e-01
1.591212796037716204e-01
7.584514088022285827e-02
4.976846815288179376e-02
6.108607924095912911e-02
2.737742341019868686e-01
2.737742341019868686e-01
2.490946682851299387e-01
1.515506298249661987e-01
2.737742341019868686e-01
1.410252651306713179e-01
1.746927813227356630e-01
1.569255235228742551e-01
2.384668347986125259e-01
6.512023301020446187e-02
5.657391805418079261e-02
3.222527694313142427e-02
7.894198097098560629e-02
2.737742341019868686e-01
2.231602956015966699e-01
1.412918103387790503e-01
9.189860542827631151e-02
1.396066628398641429e-01
2.036375631957133281e-01
1.340383308359038850e-01
3.814888943335398991e-02
8.669487082017630908e-02
1.641574490092885530e-01
1.152960925616215437e-01
8.719597843199844434e-02
9.111629129728869569e-02
9.654578366045352134e-02
2.258720332424993815e-01
2.156685839114653724e-01
1.050550958375966598e-01
3.926975695537333194e-02
7.575500050456086820e-02
1.887293593942465098e-01
2.450637340122474028e-01
2.450637340122474028e-01
2.246716826895781560e-01
1.937078465534760041e-01
2.123394302744203710e-01
6.444663704066126708e-02
3.330369550850054844e-02
1.311094040067626865e-01
1.219352136358907712e-01
1.941839426695365078e-01
2.088248103231812036e-01
2.067656837081428278e-01
1.717401227717353096e-01
1.844125971006046194e-01
3.941692397399777781e-02
4.934962057265442764e-02
9.646885183989463430e-02
2.450637340122474028e-01
1.935653533156123929e-01
1.571128925647656271e-01
2.450637340122474028e-01
2.450637340122474028e-01
2.144856849418684819e-01
1.037926423600657733e-01
4.155221728010570492e-02
1.334259232173277965e-01
1.535028248776787452e-01
2.827068043838186218e-01
2.085736793724576599e-01
1.827364755201044966e-01
1.575520721437735916e-01
1.727060510598760201e-01
5.241760408322318487e-02
2.708752552241612196e-02
1.066376950976948290e-01
2.243149024884457665e-01
1.369708867886409442e-01
1.246571506677984914e-01
1.062092433555882620e-01
2.125499716947881201e-01
1.505239859182057882e-01
5.607987177331277134e-02
3.431423650321299701e-02
2.007304753897013461e-01
2.132886055021769589e-01
1.574361754194470997e-01
1.277876050170602129e-01
2.804465888156523201e-01
2.203282554725070619e-01
1.744517050239313416e-01
8.441963590045666044e-02
3.379645198234998427e-02
1.085218335478357055e-01
2.827068043838186218e-01
2.827068043838186218e-01
2.827068043838186218e-01
1.131884986226380369e-01
1.303329112333300455e-01
5.650978403345142953e-02
2.903890279839589639e-02
2.211580546377091977e-02
5.823816070802590589e-02
2.558832334300358835e-01
1.562471017682926788e-01
1.422004264058847334e-01
1.211563044117648369e-01
2.424625979788679331e-01
1.717075584289886325e-01
6.397211580909664685e-02
3.914335468450377137e-02
2.289797178915061737e-01
2.450630572291341847e-01
2.791827467856646816e-01
2.485176999575187118e-01
1.233820848655024366e-01
1.267958796686696754e-01
1.506415285089877376e-01
7.227713241149512358e-02
4.887635442053682444e-02
8.044950353663019027e-02
2.869777761394903814e-01
2.869777761394903814e-01
2.869777761394903814e-01
1.291177656649167282e-01
1.486749492733865918e-01
6.446253056975286000e-02
3.312561163294445304e-02
2.522821154190078852e-02
6.643414550558152110e-02
1.076607751105800315e-01
6.098596221137993212e-02
1.638661170086487540e-01
1.514534551907858739e-01
1.092451167622747604e-01
8.500983068184131408e-02
3.034242411913052120e-02
1.263085236405448730e-01
2.525105705651800592e-01
2.349859581600477476e-01
2.349859581600477476e-01
2.349859581600477476e-01
1.439287269843272099e-01
1.479110161533032375e-01
1.757276467884845983e-01
8.431333989374624471e-02
5.701566381416821316e-02
9.384664429337903624e-02
2.349859581600477476e-01
2.349859581600477476e-01
2.017375546732561309e-01
2.304044258773832454e-01
2.349859581600477476e-01
1.723934081336899182e-01
2.615795985513391653e-02
8.605553202572656726e-03
3.764484868265753625e-02
1.255893700021618875e-01
7.114186727000605670e-02
1.911545070958189929e-01
1.766747824593009886e-01
1.274375498030239362e-01
9.916639619543031470e-02
3.539530460881402940e-02
1.473425014228818553e-01
2.349859581600477476e-01
1.573946165634861893e-01
2.054383888280636450e-01
1.224028472448446536e-01
2.349859581600477476e-01
2.349859581600477476e-01
2.349859581600477476e-01
6.303594414153772252e-02
1.981849585305118372e-02
7.446601368057638448e-02
2.497118638430650406e-01
2.497118638430650406e-01
1.992587301830561763e-01
2.275733608610537861e-01
2.497118638430650406e-01
1.702751461039803405e-01
2.583654725742700123e-02
8.499813564433366525e-03
3.718229240256590989e-02
2.497118638430650406e-01
1.661685927146878128e-01
4.714671477104259018e-02
3.279380144634098937e-02
5.767444397095247005e-02
8.350698184892148268e-02
3.267971214671892832e-02
2.147945442086599335e-02
2.497118638430650406e-01
1.554606502734956486e-01
2.029140908098834573e-01
1.208988378604137354e-01
2.482442126623746192e-01
2.497118638430650406e-01
2.497118638430650406e-01
6.226139801226596854e-02
1.957497861126129141e-02
7.355102202868518679e-02
1.098477418449087667e-01
1.414902417630491682e-01
2.497118638430650406e-01
2.497118638430650406e-01
1.410739922618771403e-01
2.358568140008488467e-01
1.123515327480184567e-01
1.660853361838216316e-02
4.097101501611020297e-02
2.568076829061637367e-01
1.884735485759750639e-01
5.347525962294739921e-02
3.719574216109676479e-02
6.541613514182960387e-02
9.471619722362008276e-02
3.706633855477725614e-02
2.436266041638501800e-02
2.568076829061637367e-01
1.705203056325512168e-01
2.112292888465886753e-01
1.897460586787357018e-01
2.568076829061637367e-01
7.873994794814931364e-02
6.840619507781876829e-02
3.896510365248918167e-02
9.545247590875724497e-02
2.568076829061637367e-01
1.245927005238312152e-01
1.604826009433813205e-01
2.568076829061637367e-01
2.568076829061637367e-01
1.600104779067881566e-01
2.568076829061637367e-01
1.274325774746553619e-01
1.883791164479891450e-02
4.647059027637356204e-02
1.524583858077808718e-01
1.390388653821632015e-01
1.361555874994136162e-01
2.510997955444721486e-01
2.073652228077128012e-01
1.501783728287225672e-01
1.255689259241231093e-01
1.017299979315065689e-01
2.251398868765548678e-01
1.679652315444708777e-01
2.080642318724441608e-01
1.869029061518447110e-01
2.247529297780138935e-01
7.756010957082055957e-02
6.738119752190223355e-02
3.838125103556755402e-02
9.402221722529506553e-02
2.247529297780138935e-01
2.247529297780138935e-01
1.682826947136086826e-01
1.094539373854174769e-01
1.662756345632195876e-01
2.247529297780138935e-01
1.596435876495332085e-01
4.543644744011280517e-02
1.032561366754835563e-01
1.955163417494477918e-01
1.501739512963425061e-01
1.369555087938892635e-01
1.341154339102172410e-01
2.247529297780138935e-01
2.042580649498872414e-01
1.479281020027272131e-01
1.236874027371533818e-01
1.002056769379976037e-01
2.217663936786760381e-01
2.247529297780138935e-01
2.247529297780138935e-01
2.247529297780138935e-01
1.386794358663908378e-01
2.046640052886864181e-01
1.813065914079119156e-01
4.240484113852450304e-02
3.317446680935469405e-02
1.728815197286294181e-01
1.092230797963112815e-01
1.739396490392853267e-01
1.870541596743868495e-01
1.852097035580706763e-01
1.538356687489680075e-01
1.651869973239269151e-01
3.530758428318264697e-02
4.420476567023601949e-02
8.641166721395700245e-02
2.348962173933764885e-01
1.733855495929469692e-01
1.407333738133514089e-01
2.755647182153646013e-01
2.426490326265702546e-01
1.921248701095208122e-01
9.297192927889888492e-02
3.722026647077433109e-02
1.195158463573904178e-01
2.755647182153646013e-01
2.113022648323952535e-01
1.899363703973664941e-01
1.180509984728432965e-01
1.804636158892270748e-01
1.482062196318469638e-01
9.706078649463203631e-03
1.425562615967020975e-02
8.319141990648200313e-02
2.755647182153646013e-01
2.755647182153646013e-01
1.421422089627897012e-01
1.269809733064365953e-01
1.153584921462646740e-01
8.875675023221599180e-02
3.490669313618972175e-02
8.326066237194036657e-02
2.755647182153646013e-01
1.807404422774000485e-01
1.334111773518195376e-01
1.082870235565276396e-01
2.376500159414835500e-01
1.867058310337279536e-01
1.478301114484527057e-01
7.153707200448587711e-02
2.863906238364197568e-02
9.196123790114996144e-02
2.618390885445423533e-01
2.903711431613850147e-01
2.565813803551754702e-01
9.591576283976256667e-02
1.104439122012674107e-01
4.788630567094275675e-02
2.460752238815183332e-02
1.874090015934816791e-02
4.935092945545780513e-02
2.903711431613850147e-01
2.903711431613850147e-01
1.093710490501310501e-01
9.770526546106583776e-02
8.876236970667272796e-02
6.829371060160713269e-02
2.685888783517854581e-02
6.406475637797186262e-02
2.560656383957298776e-01
2.903711431613850147e-01
2.903711431613850147e-01
1.812494291752129449e-01
2.215030189603837407e-01
1.455538299437602046e-01
1.082840443066491846e-02
1.651689682758654062e-02
2.775935489046288049e-02
1.358734652674360166e-01
2.812973936617974013e-01
2.812973936617974013e-01
2.758532978660401258e-01
1.031200294427436076e-01
1.187393932006043651e-01
5.148306289281514431e-02
2.645580202931190061e-02
2.014853574635121214e-02
5.305769508371006860e-02
8.598338301518634874e-02
4.870649818362161876e-02
1.308718341243055028e-01
1.209584496606783133e-01
8.724871902010233882e-02
6.789318416169000392e-02
2.423300660769664092e-02
1.008764255608671917e-01
2.016678133887545021e-01
2.812973936617974013e-01
2.812973936617974013e-01
1.948631373995617366e-01
2.381401884381646183e-01
1.564864291845296795e-01
1.164172968705406985e-02
1.775748674395569854e-02
2.984436977682475289e-02
1.460789689206029862e-01
2.812973936617974013e-01
2.594893013962978889e-01
2.691732609928793041e-01
1.001168532140414430e-01
1.365988117421289005e-01
1.155235529156312668e-01
1.804210464188304996e-02
3.599831265019505511e-02
2.578585545743945495e-01
1.098684398803813633e-01
6.223652501002420456e-02
1.672263143796277884e-01
1.545591216412267044e-01
1.114852696434070894e-01
8.675302088356812158e-02
3.096461823476244143e-02
1.288985744504191344e-01
2.468669371862300954e-01
1.376923936086579814e-01
1.797221792870685175e-01
1.070807972320923368e-01
2.198713293739942010e-01
2.468669371862300954e-01
2.468669371862300954e-01
5.514527892845068335e-02
1.733767133407118285e-02
6.514456396313818287e-02
2.468669371862300954e-01
2.468669371862300954e-01
2.468669371862300954e-01
1.279280028609378894e-01
1.745441713193691124e-01
1.476144818125772196e-01
2.305396484355787257e-02
4.599817209453811034e-02
2.468669371862300954e-01
1.247273889250916507e-01
2.444236638335277323e-01
2.468669371862300954e-01
2.468669371862300954e-01
2.465781872556258025e-01
1.360654143887559675e-01
1.838323369475598767e-02
4.218648220712415547e-03
3.593000505016546997e-02
1.519286825424094323e-01
1.983040108979419180e-01
1.181520926660665771e-01
2.426042610282478362e-01
2.545989011734079988e-01
2.545989011734079988e-01
6.084685839542550850e-02
1.913024746759216244e-02
7.187998928865284298e-02
1.073520705683101290e-01
1.382756728847413241e-01
2.545989011734079988e-01
2.545989011734079988e-01
1.378688803091876469e-01
2.304982962361136756e-01
1.097989769243681163e-01
1.623119823031073106e-02
4.004017944651641625e-02
1.376232003795476444e-01
2.545989011734079988e-01
2.545989011734079988e-01
2.545989011734079988e-01
2.545989011734079988e-01
1.501334867227614167e-01
2.028391258889327906e-02
4.654822604829898271e-03
3.964487934263430380e-02
2.545989011734079988e-01
2.545989011734079988e-01
1.343527783364011907e-01
7.849056337644469417e-02
3.012542019331962070e-02
3.580104447844784099e-02
4.086108419115018486e-02
2.397948327701885513e-02
1.360170365631101497e-01
1.285250344556487512e-01
1.655476743746718271e-01
2.652913157987921711e-01
2.652913157987921711e-01
1.650606504215002268e-01
2.652913157987921711e-01
1.314545422150914245e-01
1.943246460700278483e-02
4.793727233886262845e-02
1.572702028819873976e-01
1.434271421101334099e-01
1.404528636197597269e-01
2.590248845917483278e-01
2.139099826411326455e-01
1.549182292474104161e-01
1.295320710049929769e-01
1.049407504159450694e-01
2.322456419717412179e-01
2.652913157987921711e-01
2.652913157987921711e-01
1.608510704403260383e-01
9.397119505004472573e-02
3.606703296769257772e-02
4.286205613717353202e-02
4.892008347636857962e-02
2.870893777914037756e-02
1.628435689994922331e-01
2.652913157987921711e-01
1.926025369215074723e-01
1.571399030499523175e-01
1.009899957540689175e-01
8.750457948063578018e-02
5.913041120822064289e-02
7.826502326327117176e-02
3.417989597475219743e-02
2.120687876768000690e-01
1.529821242618230881e-01
1.395165039195332690e-01
1.366233211470468389e-01
2.247394008148849986e-01
2.080775820566973522e-01
1.506942787816759055e-01
1.260002913409271064e-01
1.020794697664867412e-01
2.247394008148849986e-01
2.247394008148849986e-01
2.247394008148849986e-01
2.247394008148849986e-01
1.412726675108030572e-01
2.084911132637874143e-01
1.846969281744422764e-01
4.319778909962408014e-02
3.379481168297680804e-02
1.761143121386467836e-01
2.247394008148849986e-01
1.873510982787897627e-01
1.528553771429766450e-01
9.823643510680210578e-02
8.511870784340680451e-02
5.751818049027746654e-02
7.613107438540440974e-02
3.324795795672372267e-02
2.062865885203367111e-01
2.026176096063639909e-01
1.896465220892203929e-01
2.247394008148849986e-01
2.247394008148849986e-01
2.247394008148849986e-01
1.825057405008521649e-01
1.272362759848380716e-02
3.813372485431687497e-02
1.412852884795981756e-01
2.768865323779661769e-01
1.993152730548093110e-01
1.791614470333236231e-01
1.113540690804763200e-01
1.702260735631500044e-01
1.397986110455254061e-01
9.155461338020736556e-03
1.344691701641588175e-02
7.847204376928967884e-02
2.768865323779661769e-01
2.768865323779661769e-01
1.340786063722715360e-01
1.197774542900102573e-01
1.088143062714524711e-01
8.372165779682386177e-02
3.292646711287607747e-02
7.853735817053744683e-02
2.768865323779661769e-01
1.182363734006101064e-01
1.512073676382140464e-01
2.199223723817257115e-01
2.768865323779661769e-01
2.768865323779661769e-01
2.004123630258402844e-01
3.124911205419842949e-02
1.492451223867673898e-02
4.130538313843680476e-02
1.648730353773012469e-01
1.189229053833423394e-01
2.768865323779661769e-01
2.768865323779661769e-01
9.329086347009284130e-02
3.803614157231199194e-02
1.756722695039519833e-02
1.374091751989888269e-02
9.393481326922487051e-02
2.876798902800552504e-01
2.876798902800552504e-01
1.284624276862276759e-01
1.147603109585498687e-01
1.042563786187620106e-01
8.021479116984481239e-02
3.154726928400976294e-02
7.524764738855857504e-02
2.876798902800552504e-01
2.876798902800552504e-01
2.876798902800552504e-01
2.128876141429215108e-01
2.601677116806014878e-01
1.709611319996877377e-01
1.271856796851170840e-02
1.940002114583518414e-02
3.260491831433288967e-02
1.595910010737366658e-01
1.579669639894586697e-01
1.139415567210365771e-01
2.876798902800552504e-01
2.876798902800552504e-01
8.938316951951107148e-02
3.644291373844973925e-02
1.683138483328837712e-02
1.316534882784614266e-02
9.000014605844432192e-02
5.291343463087582605e-02
8.167804132825121077e-02
9.969186763231205339e-02
2.130215001825254695e-01
1.552583151711533771e-01
1.706651434975416104e-01
1.024012422786178406e-01
5.090567048208275575e-02
1.040884150580217993e-01
2.811092554685800105e-01
2.811092554685800105e-01
1.974063780733769369e-01
2.412482560870196080e-01
1.585287993162706466e-01
1.179367079222558637e-02
1.798924716388243181e-02
3.023388118526097040e-02
1.479855069159657921e-01
2.811092554685800105e-01
2.628760052877464060e-01
2.726863543095330300e-01
1.014235203273100017e-01
1.383816202232684978e-01
1.170312993395033058e-01
1.827757972957180441e-02
3.646814175252017370e-02
2.612239749039467762e-01
4.906555754291589549e-02
7.573839545175710397e-02
9.244225218031358604e-02
1.975305278895098104e-01
1.439678949247658601e-01
1.582543351658066977e-01
9.495460048166658173e-02
4.720379846296900161e-02
9.651908167004860650e-02
2.811092554685800105e-01
2.811092554685800105e-01
2.125751984853548049e-01
1.434664457986967734e-01
4.368565532709804689e-02
1.213124876377128132e-02
7.624430186958361735e-03
2.376801874976332274e-02
1.110185585483422083e-01
2.945132653986618498e-01
2.391882765251136800e-01
2.481146160442434523e-01
9.228425774214213395e-02
1.259120672034165500e-01
1.064856214543796753e-01
1.663058897209443443e-02
3.318200139381621144e-02
2.376851104227696021e-01
8.997540999353936808e-02
1.763214924570628839e-01
2.434402490665071306e-01
1.900639352740984556e-01
1.778757150693905387e-01
9.815439536637564355e-02
1.326123318180014686e-02
3.043233780072784368e-03
2.591906207064217579e-02
2.945132653986618498e-01
2.945132653986618498e-01
1.934200700518103055e-01
1.305386996892770046e-01
3.974914559098331746e-02
1.103810323322470567e-02
6.937393597062656292e-03
2.162628511852799154e-02
1.010146880937793645e-01
2.945132653986618498e-01
2.945132653986618498e-01
2.316993656386393541e-01
1.059111148687985199e-01
7.893871669562151083e-02
6.151594968611227149e-02
1.388159084234863276e-02
3.061877687370495940e-02
1.852902047381546347e-01
1.088263837981292836e-01
2.132630505531355469e-01
2.944440261925584390e-01
2.298847070305880258e-01
2.151429022429366122e-01
1.187189689091888434e-01
1.603962740467307704e-02
3.680829321715933453e-03
3.134942976964237571e-02
3.003580360304654029e-01
2.170719329160255284e-01
1.062402776512894470e-01
6.206689098189126230e-02
2.382185947570310963e-02
2.830989394259476877e-02
3.231115116005267573e-02
1.896192243160109772e-02
1.075562999790621588e-01
3.003580360304654029e-01
3.003580360304654029e-01
2.802432808317761870e-01
1.281008181682888603e-01
9.547736520751998190e-02
7.440431058583632518e-02
1.678995775452985298e-02
3.703379360790200886e-02
2.241108202376212166e-01
3.003580360304654029e-01
3.003580360304654029e-01
1.758827853194215862e-01
7.275250761257884280e-02
5.322228484545515198e-02
2.880518159862867009e-02
4.502711465568037807e-02
3.022645036305668734e-02
9.753879775570047095e-02
2.813629324811107169e-01
2.813629324811107169e-01
1.609548176342434633e-01
9.403180545051530170e-02
3.609029581234186879e-02
4.288970169798695525e-02
4.895163639903789971e-02
2.872745473228704993e-02
1.629486013333458216e-01
2.813629324811107169e-01
1.927267634665487117e-01
1.572412565811987240e-01
1.010551332047836537e-01
8.756101898427844088e-02
5.916854968141353754e-02
7.831550335347646496e-02
3.420194163653152847e-02
2.122055697422144671e-01
2.813629324811107169e-01
2.813629324811107169e-01
2.664637391951197309e-01
1.102205948072878805e-01
8.063216080341280290e-02
4.364006621242364631e-02
6.821641648743606567e-02
4.579329905259574285e-02
1.477720103157277587e-01
8.866828299066317753e-02
1.647523281065232381e-01
2.056353353660866079e-01
2.813629324811107169e-01
2.813629324811107169e-01
1.862212753761880446e-01
7.407877471142171322e-02
3.383752569897930523e-02
6.205227495265227405e-02
2.454924325432034371e-01
1.724424303526559954e-01
1.406917438390635766e-01
9.041916366986009479e-02
7.834529385652644340e-02
5.294110856210049870e-02
7.007286113072246081e-02
3.060221544999315244e-02
1.898711083116846610e-01
1.864940923953080643e-01
1.745551933105277120e-01
2.241525729627650843e-01
2.454924325432034371e-01
2.454924325432034371e-01
1.679826472030938878e-01
1.171113105896893179e-02
3.509919211945364270e-02
1.300423575966634659e-01
7.933601923824616653e-02
1.474122812729026788e-01
1.839923856920174516e-01
2.454924325432034371e-01
2.454924325432034371e-01
1.666216395255077920e-01
6.628204468862806953e-02
3.027615398971415794e-02
5.552132412374506665e-02
2.454924325432034371e-01
2.454924325432034371e-01
2.454924325432034371e-01
1.901217396778852320e-01
2.454924325432034371e-01
2.114447586463792106e-01
1.459468351633041311e-02
1.008567122401443986e-02
8.866386823030794617e-02
1.285514606534534920e-01
1.643988851518330685e-01
2.391086717811803375e-01
2.721386056413437893e-01
2.721386056413437893e-01
2.178965851116760055e-01
3.397532318654421929e-02
1.622654512010208994e-02
4.490891578098065579e-02
1.792567626233639300e-01
1.292978865343160366e-01
2.721386056413437893e-01
2.721386056413437893e-01
1.014296736256328907e-01
4.135446154268650892e-02
1.909981352736892651e-02
1.493969213616388320e-02
1.021298024006033617e-01
2.721386056413437893e-01
2.721386056413437893e-01
2.044045709023376844e-01
7.220089772721022259e-02
7.988102933956130192e-02
7.039870496944981848e-02
1.477694116301001004e-02
1.722325124064751772e-02
1.637406989268535284e-01
4.292877066164565297e-02
6.738841146436533314e-02
2.476601918773304878e-01
2.721386056413437893e-01
2.721386056413437893e-01
1.682317472195885288e-01
2.080864834044287431e-02
1.772697511898275319e-02
3.990328331817225016e-02
2.177104295541230083e-01
1.570345129849916033e-01
2.624983991024737451e-01
2.624983991024737451e-01
1.231880878099316790e-01
5.022570671631815947e-02
2.319705291221835219e-02
1.814451373979385218e-02
1.240384062811085986e-01
7.292541612334030310e-02
1.125688625876206106e-01
1.373955590279734851e-01
2.624983991024737451e-01
2.139773635835453824e-01
2.352110894733994151e-01
1.411296253363545361e-01
7.015831100061174774e-02
1.434548907036155840e-01
5.213773229082719479e-02
8.184438786112918640e-02
2.624983991024737451e-01
2.624983991024737451e-01
2.624983991024737451e-01
2.043203582158385490e-01
2.527246226217432987e-02
2.152971699013584220e-02
4.846322573654947979e-02
2.624983991024737451e-01
1.566913895443569071e-01
1.815877864205403258e-01
1.706070350184013817e-01
1.318102091580341251e-01
1.574788730769731693e-01
1.053399016338268518e-01
3.586613976274977134e-02
1.801460566633268923e-01
4.342743207029398783e-02
6.703529294897679625e-02
8.181970873303923142e-02
1.748322858499654353e-01
1.274245375012798831e-01
1.400693222375269387e-01
8.404336297560023594e-02
4.177960781180208721e-02
8.542806955871176666e-02
3.061073004059979286e-01
3.061073004059979286e-01
1.881481726560930157e-01
1.269807099173372034e-01
3.866573466539033332e-02
1.073724641069688686e-02
6.748306563707616966e-03
2.103683462269853935e-02
9.826141088243237065e-02
1.616078810582662340e-01
9.331046755946641180e-02
1.081363902844996450e-01
1.015973006097743991e-01
7.849360632650138891e-02
9.377941774771528238e-02
6.273041232644155363e-02
2.135845677638818427e-02
1.072778333584861743e-01
3.061073004059979286e-01
3.061073004059979286e-01
3.061073004059979286e-01
3.061073004059979286e-01
3.061073004059979286e-01
3.035969362181457631e-01
4.909639980457676522e-02
8.763601722639733846e-03
5.341884275689223749e-02
2.682156153142788990e-01
2.682156153142788990e-01
1.335954139530493023e-01
9.016319566635647154e-02
2.745477011814234994e-02
7.624027694251912270e-03
4.791663911126501328e-03
1.493729431440342197e-02
6.977093466883640960e-02
2.682156153142788990e-01
2.682156153142788990e-01
1.600349573695299676e-01
7.315290098559069920e-02
5.452304164221005722e-02
4.248912101432777283e-02
9.588027108115852043e-03
2.114841634626107858e-02
1.279801087695208728e-01
2.682156153142788990e-01
2.682156153142788990e-01
2.682156153142788990e-01
2.682156153142788990e-01
2.682156153142788990e-01
2.155703018337405130e-01
3.486110847053413425e-02
6.222632850097982969e-03
3.793027755865775036e-02
2.637207216652228126e-01
2.682156153142788990e-01
1.361120305772830497e-01
8.974089674092955438e-02
1.072030839606132741e-02
6.271297824575504387e-02
1.186576246221754394e-01
5.875038034426715433e-02
1.707955942088867918e-01
2.873129167290019437e-01
2.873129167290019437e-01
2.414026233371318886e-01
1.103465298638891118e-01
8.224456394459719877e-02
6.409215489378118635e-02
1.446293319016678409e-02
3.190105005386362214e-02
1.930499092182472176e-01
2.873129167290019437e-01
2.873129167290019437e-01
1.515060973092050289e-01
6.266928555754974761e-02
4.584587770866599410e-02
2.481289250886824574e-02
3.878652707362457291e-02
2.603717880462426068e-02
8.402028974785753779e-02
2.873129167290019437e-01
2.873129167290019437e-01
2.053163995490653038e-01
1.353684735508402515e-01
1.617090798366415880e-02
9.459856592989709934e-02
1.789875308093128170e-01
8.862123732386892327e-02
2.576343642298470904e-01
8.222400357870802978e-02
8.935909582224241254e-02
2.873129167290019437e-01
1.644516942722789865e-01
1.547464335372019106e-01
9.920897125427889651e-02
6.792986776575901664e-02
1.927673423784779377e-02
8.353948988997211833e-02
2.641969273943133856e-01
2.641969273943133856e-01
2.071126614391426701e-01
8.567049612415270077e-02
6.267247270502013246e-02
3.391985073067309980e-02
5.302216209691565374e-02
3.559348101738031567e-02
1.148578580903715091e-01
6.891866086885437004e-02
1.280560471586366100e-01
1.598329353263871211e-01
2.284214936036734755e-01
2.277910352728104992e-01
1.447430861559424464e-01
5.757876187198009837e-02
2.630068926151038489e-02
4.823099703028053270e-02
1.124022895303840863e-01
1.221561408302182378e-01
2.641969273943133856e-01
2.248096194399070713e-01
2.115422829003069938e-01
1.356211693129310558e-01
9.286184486332604848e-02
2.635178255372518444e-02
1.142005925416260809e-01
2.293576124134832916e-01
2.641969273943133856e-01
2.641969273943133856e-01
2.641969273943133856e-01
2.380875515238802531e-01
1.983873316335858783e-01
5.049445588726694800e-02
4.738324954197941502e-02
1.163214167641869329e-01
3.874021351395923185e-02
7.198222580266568082e-02
8.984449150702139564e-02
1.283991494005196909e-01
1.280447593116617044e-01
8.136226083993290670e-02
3.236588611369812379e-02
1.478401211965022985e-02
2.711136721735987395e-02
2.525905377473485203e-01
1.810299376695921614e-01
1.946783934531231552e-01
9.283748869033209283e-02
1.556944515696309927e-01
1.032496358529090830e-01
7.126664042638704635e-03
4.924888599169288499e-03
4.329505335906502078e-02
1.289253558315395232e-01
1.534941033278770517e-01
2.835908653531019619e-01
2.711468430474694991e-01
1.338325856128059210e-01
1.115164962443866425e-01
2.838369140785127268e-02
2.663483563231931750e-02
6.538601396022375445e-02
3.089475886512961234e-01
3.089475886512961234e-01
3.089475886512961234e-01
3.015867578844825259e-01
2.974111684757751450e-01
2.560444659758174257e-01
1.265302196921944122e-02
9.175125605748619137e-04
4.541300985219131475e-02
2.719816875717188664e-01
2.719816875717188664e-01
2.059078292444926350e-01
7.273188684032239060e-02
8.046850066275394731e-02
7.091644016517005544e-02
1.488561564116265903e-02
1.734991668649463886e-02
1.649449018002309697e-01
4.324448293916809821e-02
6.788400797304997014e-02
2.494815662615519347e-01
2.719816875717188664e-01
2.719816875717188664e-01
1.694689787369990930e-01
2.096168197402871816e-02
1.785734511565722354e-02
4.019674516818183552e-02
2.719816875717188664e-01
2.719816875717188664e-01
2.719816875717188664e-01
1.247388231873296921e-01
1.127710615438064362e-01
6.393780533396987986e-02
2.662102159216271635e-02
2.619889121547083755e-02
1.350993144422876491e-01
7.598131504833297023e-02
1.418377183667953179e-01
2.640088596445068214e-01
2.224804040554068107e-01
2.513082242194231708e-01
1.576374046637618598e-01
5.261809632254312030e-02
2.795307555955639164e-02
8.240222325922544333e-02
5.309136361010194372e-02
8.334137225500115598e-02
2.508344450907232792e-01
2.508344450907232792e-01
2.508344450907232792e-01
2.080575037378799841e-01
2.573471120299829912e-02
2.192350880874409380e-02
4.934964806189457570e-02
2.508344450907232792e-01
1.595573718179370548e-01
1.849091391668097883e-01
1.737275430407799193e-01
1.342210992779208911e-01
1.603592589106453969e-01
1.072666334833632384e-01
3.652215360678227885e-02
1.834410392820515212e-01
9.328245710509026900e-02
1.741345338787307906e-01
2.508344450907232792e-01
2.508344450907232792e-01
2.508344450907232792e-01
1.935318496310725056e-01
6.459937301739061832e-02
3.431806319989292448e-02
1.011654227312746984e-01
7.214461578071666714e-02
1.716467974914947237e-01
2.508344450907232792e-01
2.508344450907232792e-01
1.901908280968343523e-01
9.833116934385421892e-02
1.409948319543821160e-01
2.922636062458684042e-02
6.122720214879692757e-02
1.300976186132445922e-01
7.511681696264688179e-02
8.705198514652642827e-02
8.178788546890310152e-02
6.318894346347847524e-02
7.549433136565682212e-02
5.049925291300966929e-02
1.719399045186534303e-02
8.636082942573589105e-02
3.062298160848489492e-01
3.062298160848489492e-01
3.062298160848489492e-01
3.062298160848489492e-01
3.062298160848489492e-01
2.444016848783352458e-01
3.952359659215080867e-02
7.054876947364320527e-03
4.300325074642499801e-02
3.396442192983877006e-02
8.080830689606320616e-02
1.314370555844148192e-01
1.709438046804124534e-01
8.953851181771652068e-02
4.629259284712646666e-02
6.637789820630433935e-02
1.375925885785115113e-02
2.882469474487250882e-02
3.062298160848489492e-01
3.062298160848489492e-01
3.062298160848489492e-01
9.093930558075889736e-02
6.953238016316687841e-04
4.835780632026876608e-02
2.054206347910997668e-02
4.923934118155162687e-02
2.157284590604116592e-01
2.327148142047570367e-01
2.670791656229278277e-01
2.670791656229278277e-01
2.670791656229278277e-01
2.670791656229278277e-01
1.814211570358887915e-01
2.933865463135898813e-02
5.236886722666410712e-03
3.192162734313639533e-02
2.219439229423382787e-01
2.670791656229278277e-01
1.145501113269304094e-01
7.552476932900695217e-02
9.022071855217812797e-03
5.277842531058065528e-02
9.986071071463277493e-02
4.944355455129410826e-02
1.437393465353424271e-01
2.670791656229278277e-01
2.670791656229278277e-01
2.290050226245673448e-01
6.750491121497179114e-02
5.161439401262993406e-04
3.589635308245888584e-02
1.524852386406425411e-02
3.655072285319520969e-02
1.601368119364326159e-01
1.987746108488706309e-01
2.670791656229278277e-01
2.670791656229278277e-01
1.832472273530332540e-01
4.851877086290037888e-02
3.009662512977824556e-02
2.936050305491640089e-02
1.746246688452389798e-02
4.464105953878948208e-02
2.674999377585382532e-01
2.674999377585382532e-01
1.709520537022095610e-01
1.127114960659494347e-01
1.346434057926391981e-02
7.876535512271699846e-02
1.490299169776125587e-01
7.378846772795587261e-02
2.145134230197245639e-01
6.846195582169684046e-02
7.440282890862927323e-02
2.674999377585382532e-01
1.369269816361435854e-01
1.288461159185448901e-01
8.260410478096980036e-02
5.656026711836471821e-02
1.605033652386965090e-02
6.955726572885308212e-02
2.674999377585382532e-01
2.674999377585382532e-01
2.674999377585382532e-01
2.674999377585382532e-01
7.240834099625846620e-02
4.491553797583718033e-02
4.381696566529610232e-02
2.606059952308717453e-02
6.662133034352217542e-02
2.134029402567345912e-01
2.674999377585382532e-01
2.003692775995139785e-01
2.674999377585382532e-01
2.197558783728636167e-01
1.103219422487725920e-01
2.698676122451394710e-02
2.355055226730157908e-02
1.076343488958834554e-01
7.403038801676911640e-02
8.045446887314171291e-02
2.408829856805053127e-01
1.480640957276918301e-01
1.393259634700730609e-01
8.932280498441479144e-02
6.116066172590492456e-02
1.735580917022568406e-02
7.521478621942301324e-02
1.510594945397451538e-01
1.798462491260253426e-01
2.408829856805053127e-01
2.408829856805053127e-01
1.568092064219996362e-01
1.306618503929653230e-01
3.325665498138746790e-02
3.120755247730003235e-02
7.661160331956846925e-02
2.307603147107096242e-01
2.408829856805053127e-01
2.166665440579008950e-01
2.408829856805053127e-01
2.376299763810311161e-01
1.192951047543970855e-01
2.918176059664242053e-02
2.546606361784663902e-02
1.163889128941490991e-01
2.408829856805053127e-01
2.408829856805053127e-01
9.683909064895059038e-02
2.050861150317459802e-01
2.408829856805053127e-01
2.408829856805053127e-01
1.210108807520083873e-01
5.186591004190755499e-02
2.175449265320703041e-01
1.020374397805290378e-01
1.214822733974030428e-01
2.244468177662869990e-01
2.145980477671748099e-01
1.059212465000501924e-01
8.825926984402038267e-02
2.246415520126286008e-02
2.108003052904677127e-02
5.174949038475337715e-02
2.719128120401149706e-01
2.719128120401149706e-01
2.719128120401149706e-01
2.386895924991871976e-01
2.353848395272743754e-01
2.026453338805045967e-01
1.001418191866721395e-02
7.261615222521936551e-04
3.594193886965368900e-02
2.391901080916792877e-01
1.975260884742197076e-01
6.541272305061002212e-02
1.385312599921912635e-01
2.039010681268500214e-01
1.982938050000917218e-01
8.174024741141350248e-02
3.503430677223028783e-02
1.469469192135771929e-01
2.719128120401149706e-01
2.168423310347200594e-01
2.246112044115705642e-01
1.984550320722587857e-01
8.441362476112790336e-02
5.745651758288265742e-02
2.940763196647562180e-02
2.636134633163661131e-02
1.620015540567946999e-01
2.735261133489977903e-01
2.797608259598462488e-01
2.775351626482043255e-01
8.683055645843795745e-02
7.849981085321063035e-02
4.450703537215833228e-02
1.853086360184911727e-02
1.823701911486754618e-02
9.404248292899453077e-02
5.289050912547630517e-02
9.873307842650080879e-02
1.837762743557666834e-01
1.548683624842094875e-01
1.749353761241103089e-01
1.097312225325590002e-01
3.662739848530322667e-02
1.945810489101667054e-02
5.736009620890630822e-02
2.770133208974304151e-01
2.857601632700841887e-01
2.734588780606817537e-01
1.923888664220664291e-01
1.632224709104387050e-01
1.165154429026370869e-01
6.321997188989430215e-03
4.035020339463960687e-02
1.723977785437718069e-01
1.064617158925849072e-01
8.047706422583110475e-02
1.324654206145930296e-02
2.857601632700841887e-01
2.857601632700841887e-01
2.857601632700841887e-01
7.202877126613449477e-02
2.291032113698540651e-02
1.275184121148633387e-01
7.286092074410346897e-02
1.360127387881302496e-01
2.531665658334981139e-01
2.133435973921428419e-01
2.409875190439272896e-01
1.511635648870559567e-01
5.045718073481186144e-02
2.680510098572529490e-02
7.901813563254550532e-02
5.635060755947599032e-02
1.340696214071372960e-01
2.180681288587899280e-01
2.836140497891689871e-01
1.485539648318577322e-01
7.680436127627070231e-02
1.101280304482442907e-01
2.282808162640483432e-02
4.782325060456905919e-02
1.466595571150315358e-01
1.108636141952358267e-01
1.824817471474335026e-02
3.375624879477459594e-01
3.375624879477459594e-01
3.375624879477459594e-01
9.922541267406868870e-02
3.156080590231640642e-02
1.756668459453274156e-01
1.486640320933506898e-01
1.717816188380717202e-01
1.034163952137408943e-01
1.364861218846937507e-01
7.280464883667102372e-02
5.457195653530913515e-02
1.424832551911578704e-01
1.018247840811833949e-01
2.157421486099635188e-01
3.991249019877628895e-02
9.495997793312480062e-02
1.544551590957659870e-01
2.008805844816826114e-01
1.052190725553911882e-01
5.439964978952453734e-02
7.800242315465394372e-02
1.616886886639311988e-02
3.387266089391981899e-02
3.113474007286310408e-01
3.113474007286310408e-01
3.113474007286310408e-01
1.068651823420800062e-01
8.170933830385255581e-04
5.682653674421631051e-02
2.413952190813892923e-02
5.786245166670527657e-02
2.535082159099377175e-01
1.052970319365905405e-01
1.216709539638585330e-01
7.324864875688648358e-02
9.667155755582916565e-02
5.156669925966639312e-02
3.865269204142412346e-02
1.009192584180136215e-01
7.212132881341619395e-02
1.528076939147411939e-01
3.033161758492751159e-01
2.766224047619313398e-01
3.113474007286310408e-01
3.113474007286310408e-01
7.190611668883314933e-02
5.873951435540003541e-02
3.508009634031705737e-02
6.849017826899751749e-02
2.637589384014367710e-01
2.787534431593030604e-01
2.787534431593030604e-01
2.701912096467550262e-01
7.964556152190413463e-02
6.089716021783283953e-04
4.235225476760397928e-02
1.799094649078208583e-02
4.312431189493333428e-02
1.889371614220567985e-01
2.345239066671794548e-01
2.787534431593030604e-01
2.787534431593030604e-01
2.162039480858898577e-01
5.724479419611835929e-02
3.550945501938233828e-02
3.464094256679448036e-02
2.060306362223756141e-02
5.266968269282137211e-02
2.260585404408147203e-01
2.061639373456445878e-01
2.787534431593030604e-01
2.585199205839143755e-01
5.359091628374616778e-02
4.377797802640913394e-02
2.614484820999431192e-02
5.104505122639600018e-02
1.965769233253046033e-01
1.337995008466481839e-01
1.212093434368369665e-01
2.076965892074533748e-01
2.430776869937145701e-01
1.112812780177437483e-01
5.398625224107178600e-02
3.582567645717658900e-02
4.266442987010569260e-02
1.462872514859314688e-01
2.450965818761188242e-01
2.450965818761188242e-01
2.450965818761188242e-01
2.395622326822967607e-01
6.342941851188005353e-02
3.934583249328738042e-02
3.838348752180854861e-02
2.282898145540737667e-02
5.836002021363586451e-02
1.869401262750875481e-01
2.345732456229585039e-01
1.755226896641558232e-01
2.450965818761188242e-01
1.925052747787502072e-01
9.664158230475748679e-02
2.364029541953354546e-02
2.063019004986961849e-02
9.428726122482887495e-02
1.482549575915528550e-01
1.343045822833381087e-01
2.301357540948744396e-01
2.450965818761188242e-01
1.233039065830542763e-01
5.981882956125746109e-02
3.969621792487024875e-02
4.727381792186075710e-02
1.620918622864570557e-01
2.450965818761188242e-01
2.431200570490792134e-01
2.450965818761188242e-01
2.450965818761188242e-01
1.067894439320155320e-01
3.272318774231744443e-02
5.191123399855218992e-03
2.190861425080605634e-02
2.450965818761188242e-01
2.033335424095205901e-01
2.319402706285916826e-01
1.909148719100651481e-01
2.319402706285916826e-01
2.093867177327233542e-01
1.051164116855862612e-01
2.571339341125663050e-02
2.243932165344135476e-02
1.025556321745739463e-01
2.319402706285916826e-01
2.319402706285916826e-01
8.532938330428596618e-02
1.807108224856134315e-01
2.319402706285916826e-01
2.319402706285916826e-01
1.066282609479384108e-01
4.570144234867930255e-02
1.916888551674862107e-01
2.319402706285916826e-01
2.319402706285916826e-01
2.319402706285916826e-01
2.319402706285916826e-01
1.161541738486205483e-01
3.559279548568439200e-02
5.646350684626558203e-03
2.382985522511524984e-02
2.319402706285916826e-01
7.932997904626469532e-02
1.996878184048952454e-01
1.241444517073794496e-01
1.853095658418511815e-01
2.319402706285916826e-01
7.937691735792019865e-02
3.007426078097045000e-02
9.328201358865383097e-03
3.696026231579994242e-02
2.352068242650042496e-01
2.352068242650042496e-01
8.556179671455693692e-02
1.812030282991370089e-01
2.352068242650042496e-01
2.352068242650042496e-01
1.069186865527948227e-01
4.582592031464187421e-02
1.922109620762112170e-01
2.352068242650042496e-01
2.352068242650042496e-01
2.352068242650042496e-01
2.352068242650042496e-01
1.104155440243999864e-01
7.515484217878200257e-02
3.846606150649506395e-02
3.448142885298348392e-02
2.119028743830976558e-01
7.954605175478429713e-02
2.002317122556166451e-01
1.244825865241358381e-01
1.858142973479907645e-01
2.352068242650042496e-01
7.959311791329236330e-02
3.015617466852965611e-02
9.353608774289645655e-03
3.706093174849339061e-02
5.011741061553245252e-02
1.797829165046263555e-01
2.352068242650042496e-01
2.352068242650042496e-01
2.352068242650042496e-01
1.917552345186497309e-01
3.686829224519023313e-02
3.030179554771815151e-02
3.255538657264371583e-02
2.177835401359456968e-01
2.724010458096506326e-01
2.149890927725837397e-01
1.512531176349211637e-01
1.283229536740357335e-01
9.160261879694803211e-02
4.970255307893344313e-03
3.172269879304415174e-02
1.355364370247643113e-01
8.369853587156317332e-02
6.326980915599697552e-02
1.041422418011622719e-02
2.724010458096506326e-01
2.724010458096506326e-01
2.606942613665257369e-01
5.662789337047569732e-02
1.801173613853582212e-02
1.002529810946251043e-01
1.307605473453058997e-01
1.196718304031218066e-01
1.803131992913484527e-01
1.601857576015610074e-01
1.457104154191733170e-01
1.968627172110757328e-01
2.672690601059797555e-02
4.580457126472061574e-02
1.437152972281285079e-01
2.724010458096506326e-01
2.724010458096506326e-01
2.724010458096506326e-01
2.724010458096506326e-01
4.951939558101575017e-02
4.029446725501002052e-02
1.320174656789046240e-02
3.515909011382527954e-02
2.204671711079467522e-01
7.838894011337774193e-02
5.925615339944486498e-02
9.753575580284220420e-03
2.772274750459345904e-01
2.772274750459345904e-01
2.441565629477739363e-01
5.303558175708929928e-02
1.686912310710264942e-02
9.389321867318570214e-02
7.946032388218988995e-02
9.181658049815930034e-02
5.527564497411441291e-02
7.295128012922290350e-02
3.891379034478460730e-02
2.916849005183415333e-02
7.615672362612117829e-02
5.442493526103395901e-02
1.153133058628644514e-01
2.772274750459345904e-01
2.772274750459345904e-01
2.772274750459345904e-01
2.772274750459345904e-01
4.637802673881360332e-02
3.773830148475271901e-02
1.236426551941580999e-02
3.292869798347200505e-02
2.064813642554805817e-01
2.772274750459345904e-01
2.772274750459345904e-01
2.772274750459345904e-01
2.159202965215289149e-01
4.332937152216594090e-02
1.927865841547735798e-02
2.772254143384108790e-02
7.443518686752398361e-02
2.772274750459345904e-01
8.299303124624454742e-02
9.589863169328242953e-02
5.773313153485938598e-02
7.619460348783160808e-02
4.064384915901896045e-02
3.046528491208724126e-02
7.954255702361850977e-02
5.684460032393898188e-02
1.204399923007300199e-01
2.390677913401153820e-01
2.180282906325728964e-01
2.659341581700594426e-01
2.659341581700594426e-01
5.667497439762752415e-02
4.629731969294854227e-02
2.764943586868088068e-02
5.398259951489210035e-02
2.078895616868754737e-01
2.659341581700594426e-01
2.659341581700594426e-01
2.659341581700594426e-01
2.255198448785352694e-01
4.525574159439420957e-02
2.013576363763108432e-02
2.895505121342420440e-02
7.774448287771336397e-02
2.659341581700594426e-01
2.659341581700594426e-01
2.659341581700594426e-01
2.659341581700594426e-01
2.659341581700594426e-01
1.033558545215772922e-01
9.922364178571736748e-02
1.211308861404223648e-02
1.786636715063067912e-02
5.283926108241464997e-02
2.253768917930304427e-01
2.055422781557749712e-01
2.582553631790987514e-01
2.577403890787223761e-01
5.342932019652423675e-02
4.364597151399760705e-02
2.606601199175581640e-02
5.089113184747449253e-02
1.959841724665712936e-01
1.333960467296372299e-01
1.208438532196063897e-01
2.070703085152636458e-01
2.423447194344146571e-01
1.109457245255527913e-01
5.382346407227572849e-02
3.571764902381630719e-02
4.253578111004232415e-02
1.458461422627673199e-01
2.582553631790987514e-01
2.582553631790987514e-01
2.582553631790987514e-01
2.582553631790987514e-01
9.743688645847710383e-02
9.354131668132238675e-02
1.141939801486045042e-02
1.684319863194625594e-02
4.981326995426493820e-02
1.954501155689543634e-01
2.582553631790987514e-01
2.582553631790987514e-01
2.582553631790987514e-01
8.433879738587847508e-02
1.999063784594583282e-02
1.649100021628129020e-02
1.618238409266307617e-02
1.398805479987486888e-01
1.413518901928419724e-01
1.280510741476316439e-01
2.194201419684534693e-01
2.497700268532740409e-01
1.175626133980250954e-01
5.703353712394820113e-02
3.784787725376606571e-02
4.507264801422061762e-02
1.545445190587947104e-01
2.362207564062662746e-01
2.317998680513397580e-01
2.497700268532740409e-01
2.346437938252449451e-01
1.018170993918450784e-01
3.119952624623295936e-02
4.949413609596795514e-03
2.088850238916879418e-02
2.497700268532740409e-01
2.071069117218676536e-01
2.497700268532740409e-01
2.497700268532740409e-01
2.497700268532740409e-01
8.936882853243052760e-02
2.118289495798981320e-02
1.747453623169500925e-02
1.714751400362375666e-02
1.482231321360497345e-01
7.865114177131955764e-02
1.524993184661755929e-01
2.497700268532740409e-01
2.497700268532740409e-01
1.713422892897119854e-01
2.171413345129031280e-01
8.225599999975566345e-02
3.808770785137517018e-02
8.671425293911964871e-02
2.488896771450976875e-01
2.488896771450976875e-01
2.488896771450976875e-01
2.488896771450976875e-01
1.309503888616734835e-01
4.012675786923296239e-02
6.365606962732534534e-03
2.686540401305848730e-02
2.488896771450976875e-01
8.943537076881497017e-02
2.251249060162018312e-01
1.399585024580126125e-01
2.089150902007512189e-01
2.488896771450976875e-01
8.948828828318523831e-02
3.390524863211557410e-02
1.051646750908314526e-02
4.166841846760670209e-02
1.011558732362967394e-01
1.961344918836426809e-01
2.488896771450976875e-01
2.488896771450976875e-01
2.203690690950309283e-01
2.488896771450976875e-01
1.057922023953919988e-01
4.898587942279240132e-02
1.115261111350881740e-01
7.409804458503782554e-02
2.488896771450976875e-01
2.437274182241289389e-01
8.322427620030527218e-02
1.061304432806353532e-01
1.103612349386797892e-01
9.133697475226498774e-02
1.152533830068475790e-02
3.268967336005062368e-02
1.056193398888137930e-01
2.515871649571247981e-01
1.652849931114349913e-01
2.467197679188164738e-01
2.515871649571247981e-01
1.056818332053651444e-01
4.004064553550017863e-02
1.241949741722122094e-02
4.920861640005690096e-02
6.654469592616577001e-02
2.387114450763710427e-01
2.515871649571247981e-01
2.515871649571247981e-01
2.515871649571247981e-01
2.515871649571247981e-01
4.895283428734927000e-02
4.023399744668404443e-02
4.322626156515648604e-02
8.750661498741710287e-02
2.515871649571247981e-01
2.515871649571247981e-01
9.828430339627504397e-02
1.253355050138226789e-01
1.303318886402163590e-01
1.078650526950043764e-01
1.361093058427890329e-02
3.860510323588203785e-02
7.218547223374688349e-02
2.306644522097104910e-01
2.515871649571247981e-01
2.515871649571247981e-01
2.178055880907379394e-01
1.185866171817582804e-01
2.987661792222598769e-02
8.459407329701015138e-03
2.906833229930054149e-02
1.510358401964257413e-01
1.382277439161279653e-01
2.082719605138760588e-01
1.850236250767825774e-01
1.683037847806554410e-01
2.273875912954685663e-01
3.087109060886382775e-02
5.290687478949657185e-02
1.659993102400290355e-01
2.569004856384768387e-01
2.569004856384768387e-01
2.569004856384768387e-01
2.569004856384768387e-01
5.719770733176254146e-02
4.654239249287051017e-02
1.524876520802660208e-02
4.061074095889426194e-02
2.546520728158550573e-01
9.641786204375009384e-02
2.569004856384768387e-01
1.736388740350556237e-01
1.493227752717749268e-01
2.066666399391819953e-01
6.353454693590902813e-02
3.841645290679375491e-02
4.310544068898848613e-02
1.588200963225785689e-01
7.346531783903241519e-02
2.302194022594257761e-01
2.569004856384768387e-01
2.558393639900271022e-01
1.469473569994067808e-01
1.043078726317029775e-01
3.172156892176666160e-02
1.010538899061188753e-02
8.058025230760243462e-02
2.679011461345167655e-01
2.679011461345167655e-01
2.679011461345167655e-01
2.679011461345167655e-01
4.167694027830076697e-02
3.391297663529663220e-02
1.111096766880099833e-02
2.959089628862619087e-02
1.855514796936328092e-01
2.679011461345167655e-01
2.679011461345167655e-01
2.587158972898957465e-01
1.940336391127569782e-01
3.893731053706772638e-02
1.732448644166192583e-02
2.491245930336167744e-02
6.689009981284324557e-02
2.679011461345167655e-01
5.353028656103984290e-02
1.677486865552050566e-01
2.679011461345167655e-01
1.864165958961391256e-01
1.070727570634202180e-01
7.600362289021364570e-02
2.311382737455137254e-02
7.363261800125577190e-03
5.871456251830272505e-02
1.788400745052864116e-01
2.679011461345167655e-01
2.679011461345167655e-01
9.252307791492367373e-02
5.278696646144922372e-02
2.119779587501827156e-02
1.202078085389768521e-02
4.470848455070425276e-03
3.875945370261828227e-02
2.865939865724320135e-01
2.865939865724320135e-01
2.847012623419785671e-01
2.135223330722139656e-01
4.284816502668680610e-02
1.906455386404380323e-02
2.741466096983921630e-02
7.360852601013000152e-02
2.865939865724320135e-01
2.617223408353272496e-01
2.865939865724320135e-01
2.865939865724320135e-01
2.865939865724320135e-01
9.785738902935899042e-02
9.394500737360386711e-02
1.146868003112457533e-02
1.691588782167755683e-02
5.002824611823266515e-02
1.968027303398997008e-01
2.865939865724320135e-01
2.865939865724320135e-01
1.018160745206467266e-01
5.808887719774931402e-02
2.332689760352421940e-02
1.322814531032151693e-02
4.919899442715639469e-03
4.265244429280716509e-02
4.695407482132508276e-02
4.982164040539257405e-02
6.455834185504355505e-02
1.277113040313495318e-01
1.806034590321971278e-01
6.427585121470115459e-02
2.453977530249962929e-02
3.959713785935854713e-03
2.254010671904715934e-02
2.957544570849567345e-01
2.957544570849567345e-01
2.957544570849567345e-01
2.957544570849567345e-01
1.241057819415655739e-01
1.191439779382352376e-01
1.454493643472655126e-02
2.145325464094748752e-02
6.344737648585337120e-02
2.489456540012840446e-01
2.957544570849567345e-01
2.957544570849567345e-01
2.957544570849567345e-01
1.074226894764973295e-01
2.546216152379852937e-02
2.100465800200102678e-02
2.061157231614287391e-02
1.781664564497079661e-01
5.954861690919463491e-02
6.318535270001619797e-02
8.187489546003845486e-02
1.619674447356494462e-01
2.290469194699006616e-01
8.151663205082007591e-02
3.112210567638711012e-02
5.021832081795380744e-03
2.858606383391678121e-02
3.876035433365294935e-02
1.049409819375659719e-01
1.666201453461259308e-01
2.696899714090701394e-01
1.476880535284367801e-01
8.960060935880823085e-02
3.896602139289743333e-02
1.506905647885203002e-02
2.549138961610449353e-02
2.698119039199823321e-01
2.854085368787394605e-01
2.854085368787394605e-01
2.854085368787394605e-01
1.164266975783770919e-01
2.759636156821104747e-02
2.276523681220302478e-02
2.233920327596570360e-02
1.931001005911288926e-01
1.024640565125066877e-01
1.986709720104145038e-01
2.854085368787394605e-01
2.854085368787394605e-01
2.232189592849030957e-01
2.828844117154886151e-01
1.071603443084550578e-01
4.961938201815470351e-02
1.129684059695842818e-01
4.200918887831678328e-02
1.137369770498628807e-01
1.805859950743729236e-01
2.854085368787394605e-01
1.600670438237024318e-01
9.711079753722448582e-02
4.223209464082546688e-02
1.633212210571806031e-02
2.762803951520979504e-02
1.082494295660439004e-01
9.303330952554920985e-02
1.018975845234794814e-01
1.352764080296640359e-01
1.601026816345006432e-01
9.084287788355198401e-02
5.195564981704544477e-02
3.851628044155143427e-02
8.368487014263509272e-02
1.333106218470057336e-01
2.584804049644930379e-01
2.637314220005205212e-01
2.637314220005205212e-01
2.637314220005205212e-01
2.637314220005205212e-01
1.394207161352790381e-01
6.455718129505190472e-02
1.469772812189226174e-01
9.765183261483730004e-02
2.637314220005205212e-01
2.637314220005205212e-01
1.096790493530005184e-01
1.398664747581178647e-01
1.454421220121485114e-01
1.203705579547075660e-01
1.518893532036742419e-02
4.308084685724557217e-02
1.408376679706365431e-01
1.210407704659058337e-01
1.325736147863208758e-01
1.760010552916436433e-01
2.083012206867225213e-01
1.181909144847270582e-01
6.759677706816326348e-02
5.011151687392111781e-02
1.088780052011595195e-01
2.637314220005205212e-01
1.469846775178551002e-01
2.123350530627841903e-01
1.470863577753812879e-01
1.562081860622846485e-01
7.224411480018116949e-02
8.117469358299490845e-02
4.116496968195652861e-02
1.375146091004240401e-01
9.958441883220980895e-02
2.452299674416082709e-01
2.452299674416082709e-01
1.118496611422351156e-01
1.426345131466667526e-01
1.483205056829879076e-01
1.227527608796464276e-01
1.548953313067666544e-02
4.393344172044118950e-02
8.214862729589035573e-02
2.452299674416082709e-01
2.452299674416082709e-01
2.452299674416082709e-01
2.452299674416082709e-01
1.349541329535059453e-01
3.400023681506456064e-02
9.626988344987942245e-03
3.308039030950567921e-02
2.452299674416082709e-01
1.498935892538627024e-01
2.165372865081383602e-01
1.499972818224639681e-01
1.592996363642512625e-01
7.367386759447633326e-02
8.278118769393183474e-02
4.197964822833558790e-02
1.402361027080562261e-01
1.010069908607359596e-01
2.452299674416082709e-01
2.309613059795027068e-01
1.943222673472629614e-01
2.452299674416082709e-01
2.452299674416082709e-01
1.534243472082762461e-01
7.625901970708248712e-02
8.779011252066440396e-02
1.203630367432253351e-01
2.642590226777130069e-01
2.167617258102065014e-01
1.864067746957685789e-01
2.579918684082780356e-01
7.931321899505543171e-02
4.795709876523372023e-02
5.381058687162575127e-02
1.982627355973014260e-01
9.171027611460470796e-02
2.642590226777130069e-01
2.642590226777130069e-01
2.642590226777130069e-01
1.834414262557892972e-01
1.302125149848326058e-01
3.959955432273400827e-02
1.261504124442931578e-02
1.005921897010887966e-01
1.442313294507990007e-01
1.194277192906939983e-01
4.140099699530203070e-02
5.822947027790396912e-02
1.159469603694754103e-01
1.606978793887931523e-01
1.037187905965553519e-01
4.191430554180047841e-02
4.755429195031318085e-02
2.620421562158098405e-01
2.642590226777130069e-01
2.642590226777130069e-01
2.642590226777130069e-01
1.620129127144484538e-01
1.363139691115117513e-01
3.800047657146526231e-02
2.124272698457081374e-02
1.308747283241006587e-01
7.568170384696683295e-02
2.371649253570161375e-01
3.008744489628978891e-01
2.635578194912849281e-01
1.513806334832851208e-01
1.074547522235786701e-01
3.267858161259825506e-02
1.041025996132763365e-02
8.301128982276996526e-02
2.528460507911701183e-01
3.008744489628978891e-01
3.008744489628978891e-01
1.308101381781781036e-01
7.463078977094060595e-02
2.996967534990203560e-02
1.699511127325266380e-02
6.320934380492813746e-03
5.479853901112382436e-02
2.162439990624710484e-01
3.008744489628978891e-01
2.766006087179291306e-01
3.008744489628978891e-01
1.336972670774324023e-01
1.124898307754536864e-01
3.135898108442448234e-02
1.753005050970768766e-02
1.080012278852958557e-01
1.230569766821593136e-01
1.419507582527187728e-01
2.144136473261990805e-01
6.557880250840243674e-02
8.143736273212504040e-02
8.331502093422948896e-02
4.389286775233811055e-02
1.849417265837551005e-02
1.200053405997437428e-01
3.127031429053213629e-01
3.422018081729212846e-01
3.422018081729212846e-01
1.617772601320144610e-01
9.229838649192151356e-02
3.706449693179775934e-02
2.101842086337761539e-02
7.817310338419687296e-03
6.777118061278690486e-02
7.460611315443324565e-02
7.916243597107479324e-02
1.025778268622701689e-01
2.029226224969882530e-01
2.869638503561489085e-01
1.021289727690172927e-01
3.899165855081768856e-02
6.291655322713964223e-03
3.581435176378961610e-02
1.521886667580171215e-01
1.755552364947943478e-01
2.651725078991704621e-01
8.110349197932162357e-02
1.007163022581229195e-01
1.030384647726759056e-01
5.428377328550736125e-02
2.287236006895008653e-02
1.484146066491536242e-01
2.287670034398235977e-02
4.028802975147029175e-02
8.575072821312655635e-02
3.422018081729212846e-01
3.422018081729212846e-01
2.112579948161990018e-01
4.444476629722621253e-02
4.665645998930124765e-03
1.532269277236342556e-02
1.047298533483397298e-01
1.111258844538177137e-01
1.439957171048331375e-01
2.848567710688631460e-01
3.016610308520818462e-01
1.433656290145466361e-01
5.473533614306803907e-02
8.832039512662643102e-03
5.027512692188357973e-02
6.816894221545502508e-02
1.845627021919138133e-01
2.930396085200163703e-01
3.016610308520818462e-01
2.597431979137485580e-01
1.575831507955803290e-01
6.853065474668149082e-02
2.650238002226953243e-02
4.483243498687870116e-02
3.211363480576682333e-02
5.655514366270546212e-02
1.203743340935652800e-01
3.016610308520818462e-01
3.016610308520818462e-01
2.965577200083653886e-01
6.239024738863699349e-02
6.549495752871619877e-03
2.150954257098876624e-02
1.313889290324151138e-01
1.033063256255537521e-01
1.537187575060926514e-01
2.175497462032458529e-01
6.047882447158392516e-02
7.031861843711234572e-02
3.987484921138267913e-02
2.571924190615715311e-02
1.988733736277171482e-01
7.756596967789375352e-02
2.100045049348366333e-01
2.363756510315954684e-01
2.363756510315954684e-01
2.363756510315954684e-01
1.793058466086299707e-01
7.797754395669873051e-02
3.015570930677163863e-02
5.101254588618180791e-02
1.998722706998736776e-01
1.717771530080061670e-01
1.881441932690682273e-01
2.363756510315954684e-01
2.363756510315954684e-01
1.677327294220903597e-01
9.593116329804475539e-02
7.111664663386700613e-02
1.545161492830564032e-01
1.495007749002258135e-01
1.175470098344818803e-01
1.749087501747659812e-01
2.363756510315954684e-01
6.881577610946099099e-02
8.001197683610011824e-02
4.537156136390033817e-02
2.926461630468301864e-02
2.262878895757701181e-01
7.743429324638108346e-02
1.216127096247864720e-01
1.761640500692886468e-01
2.363756510315954684e-01
2.363756510315954684e-01
2.363756510315954684e-01
1.761628742683674365e-01
5.633303349280911754e-02
1.269156726168688964e-01
1.549955792256406395e-01
1.332085698280118802e-01
1.459007700846545741e-01
1.936938171607600623e-01
2.292410036246685379e-01
1.300722279325712827e-01
7.439204132271541592e-02
5.514904993576175835e-02
1.198231249086320754e-01
2.444261644649288745e-01
1.617605258411677072e-01
2.336803428627846624e-01
1.618724276543556939e-01
1.719112409867391555e-01
7.950655943431512995e-02
8.933489762826357650e-02
4.530313808512538565e-02
1.513384650330307779e-01
6.004821525079384603e-02
9.430739093266995998e-02
1.366104907079609965e-01
2.058503844108603986e-01
1.989432246854132003e-01
1.939747872447863675e-01
1.366095789059176002e-01
4.368475489462120970e-02
9.841969634498080877e-02
2.444261644649288745e-01
1.870603282857696281e-01
2.444261644649288745e-01
2.444261644649288745e-01
2.444261644649288745e-01
2.444261644649288745e-01
1.097231896297741066e-01
3.493056916727614591e-02
2.086226417070721206e-01
2.202262241738785487e-01
1.132943397525266876e-01
1.636657646858706572e-01
1.133727138921773875e-01
1.204037291690935596e-01
5.568505115982586018e-02
6.256865320524246377e-02
3.172955262961685285e-02
1.059949044176172056e-01
7.634429462207094341e-02
2.292347634512557630e-01
1.745678971300952675e-01
1.468749470068133611e-01
2.195109699382880308e-01
2.376810431393522605e-01
1.159629988543765672e-01
5.763899130640231377e-02
6.635455781890546578e-02
2.376810431393522605e-01
1.310138940067269719e-01
1.733181728797207055e-01
2.376810431393522605e-01
2.376810431393522605e-01
2.169758505951175920e-01
7.684826851300254058e-02
2.446478057862098640e-02
1.461157740847020825e-01
1.973200526685771061e-01
1.956540982349372071e-01
2.376810431393522605e-01
2.376810431393522605e-01
2.376810431393522605e-01
2.376810431393522605e-01
1.024507434392020327e-01
5.080702386254619396e-02
1.453335383537278647e-01
1.431613119686356295e-01
1.185417138161377337e-01
4.109385297373161633e-02
5.779747986769476209e-02
1.150867778067031499e-01
1.595057005400830341e-01
1.029493258790786098e-01
4.160335340779992147e-02
4.720149811604367612e-02
2.600981285951649014e-01
2.821488096647723487e-01
2.821488096647723487e-01
2.821488096647723487e-01
1.608109779503388292e-01
1.353026886181002975e-01
3.771856019159942203e-02
2.108513231128543788e-02
1.299038002475627895e-01
2.306491521056860672e-01
1.654012228831308051e-01
2.821488096647723487e-01
2.242782537405018373e-01
1.940332812601082979e-01
1.754985899425963725e-01
9.530946616056752696e-02
6.753706856250274622e-03
1.198278987552598568e-02
2.821488096647723487e-01
2.574758852946749110e-01
1.292878243860796916e-01
1.775506314342137626e-01
7.907188206113704987e-02
1.163803485273566182e-02
1.850143688897330774e-02
2.195547407535368423e-02
2.196686895391809502e-01
2.766572865617630272e-01
2.799005318861318425e-01
2.799005318861318425e-01
2.799005318861318425e-01
1.710490154211408709e-01
1.439167398080642146e-01
4.011991386476439214e-02
2.242751811996090971e-02
1.381741309891919289e-01
1.574360879792328638e-01
1.816083302835918567e-01
2.743155792912444491e-01
8.389991692996319472e-02
1.041889712357149111e-01
1.065912012422668559e-01
5.615546209108019521e-02
2.366099243009647454e-02
1.535318993691657530e-01
2.799005318861318425e-01
2.738680980345842286e-01
1.375189389993614342e-01
1.888543996268890190e-01
8.410599665795744084e-02
1.237897081635876834e-02
1.967933162319651652e-02
2.335327022794041890e-02
2.336539056191344332e-01
2.088091935462074167e-01
1.274212050640291527e-01
1.264878181014210123e-01
7.731051442409193897e-02
6.101866025158578233e-02
2.126701065434905558e-01
1.498850883693121916e-01
2.933091616852309680e-02
5.407851694725119424e-02
1.699604518753385640e-01
1.960556456623625265e-01
2.961379465865228156e-01
9.057432750489126383e-02
1.124774177187671947e-01
1.150707500523038412e-01
6.062274434516814331e-02
2.554327293605404559e-02
1.657456770489907083e-01
2.554812004537869094e-02
4.499265213101856509e-02
9.576424333170378833e-02
2.962052852935486702e-01
2.962052852935486702e-01
2.359275826913547203e-01
4.963479031839574535e-02
5.210475386642128039e-03
1.711199554483699981e-02
2.254203934203432291e-01
1.375578234263497290e-01
1.365501836153277804e-01
8.346072450661239095e-02
6.587281989981401409e-02
2.295884499700980019e-01
1.618087547499506840e-01
3.166425074394274564e-02
5.838057395274814931e-02
2.962052852935486702e-01
2.464347238076888269e-01
1.603352618872655733e-01
2.962052852935486702e-01
2.447146845157919803e-01
1.292732496289741850e-01
5.829760814639155242e-02
1.511413003775229948e-02
9.047907603728286285e-02
2.031535712164897131e-02
3.577726244703084008e-02
7.614982234749462231e-02
2.911607946352801624e-01
2.911607946352801624e-01
1.876049231297243769e-01
3.946859844032911402e-02
4.143266434680157803e-03
1.360711864277906052e-02
8.311774831060791957e-02
6.535245576223605579e-02
9.724378675663465643e-02
1.376238103401918322e-01
3.825941612866305686e-02
4.448415305496263711e-02
2.522516702954075499e-02
1.627021006441272885e-02
1.258089790106438344e-01
2.911607946352801624e-01
1.959599928462728569e-01
1.274954125253575932e-01
2.911607946352801624e-01
1.945922517985524680e-01
1.027955179412011616e-01
4.635709894615620830e-02
1.201845571238110630e-02
7.194716239274612235e-02
1.463988678282036049e-01
2.903059596698977507e-01
2.911607946352801624e-01
2.911607946352801624e-01
2.911607946352801624e-01
2.911607946352801624e-01
2.968930951287502770e-02
7.357014909809483222e-03
2.010355068566534523e-02
9.041473570661050230e-02
7.108981096840435998e-02
1.057809127101798224e-01
1.497059375615576449e-01
4.161824722002024912e-02
4.838945981268293756e-02
2.743970880452682379e-02
1.769858751908906166e-02
1.368538707792946174e-01
4.683053424420173527e-02
7.354865556133800830e-02
1.065400901008759782e-01
1.605390507623363217e-01
1.551522798366433975e-01
1.512774839125401727e-01
1.065393790026919613e-01
3.406896277429449088e-02
7.675576935530366296e-02
1.592513658210433780e-01
2.856901834279536034e-01
2.856901834279536034e-01
2.856901834279536034e-01
2.856901834279536034e-01
2.856901834279536034e-01
3.229576266776421067e-02
8.002894353853944390e-03
2.186846081556929888e-02
2.856901834279536034e-01
1.650995569137893859e-01
1.874602224981494480e-01
2.034550465875669678e-01
2.856901834279536034e-01
2.856901834279536034e-01
1.626437196455769729e-01
3.741011568476261540e-02
8.759114837470036163e-02
4.880480659097303359e-02
7.664930515161970381e-02
1.110315860255615683e-01
1.673070241286926108e-01
1.616931587858929098e-01
1.576550099860259957e-01
1.110308449490418070e-01
3.550523532966894102e-02
7.999162381092722596e-02
2.583726179768362496e-01
1.520352121158208003e-01
2.011272573574667544e-01
2.583726179768362496e-01
2.583726179768362496e-01
2.517898557197725262e-01
8.917865462046334346e-02
2.839018054410836003e-02
1.695602048534975148e-01
2.583726179768362496e-01
1.720597911912671307e-01
1.953631332671743603e-01
2.120322639687381716e-01
2.583726179768362496e-01
2.583726179768362496e-01
1.695004212240357466e-01
3.898724389988834221e-02
9.128379858356538978e-02
9.425479521535792826e-02
9.708396606836131038e-02
5.800991396377028902e-02
2.182838714836323746e-01
1.783022660907311319e-01
1.585053389550181158e-01
5.702356311833902541e-02
9.026528784806345240e-02
1.627080116472942317e-01
2.382605948241715288e-01
1.228488413639710203e-01
1.625166314383486021e-01
2.382605948241715288e-01
2.382605948241715288e-01
2.034534737835031470e-01
7.205892794213841768e-02
2.294008563819232432e-02
1.370095415252960691e-01
1.850226652065451727e-01
1.834605364453976983e-01
2.382605948241715288e-01
2.382605948241715288e-01
2.382605948241715288e-01
2.382605948241715288e-01
9.606580449961432677e-02
4.764062668303677833e-02
1.362760563178512241e-01
7.616059611495853976e-02
7.844664785570534815e-02
4.687368550282861729e-02
1.763796710447429472e-01
1.440733794295632197e-01
1.280768906731521162e-01
4.607668553911432180e-02
7.293695896627097608e-02
1.314727715595142010e-01
1.861964307190797918e-01
2.176419560524112951e-01
1.910431019156473287e-01
2.372954972172407473e-01
2.382605948241715288e-01
2.382605948241715288e-01
3.357459819583722554e-02
1.359032177411059056e-02
2.082134623272943394e-02
