2.601176252898698346e-02
5.677908925612486571e-03
8.957020135191330612e-02
1.437233208355577219e-01
2.399776654776754337e-01
2.399776654776754337e-01
2.811916097741531603e-02
4.745057161437342234e-04
9.705922021333204374e-04
2.399776654776754337e-01
1.809757245442921436e-01
2.026358105618560890e-01
2.106603921306355598e-01
2.399776654776754337e-01
2.399776654776754337e-01
9.575855711537203940e-02
3.618222677320260400e-02
1.103291423181669839e-01
1.237464050784331387e-01
1.480513692278345173e-01
2.399776654776754337e-01
2.399776654776754337e-01
2.399776654776754337e-01
2.399776654776754337e-01
9.491409124964547694e-02
4.823228191559472862e-03
1.394690602585200628e-05
1.389233746056225682e-01
1.832233715706391708e-01
1.549994467272642340e-01
2.281498293761483886e-01
2.399776654776754337e-01
2.399776654776754337e-01
3.740627780745316849e-02
2.283777306407884511e-02
1.355084443458317578e-01
2.457312244138109558e-01
1.602448197994313928e-01
1.794237267465631225e-01
1.865290864885554289e-01
2.457312244138109558e-01
2.457312244138109558e-01
8.478934270242885485e-02
3.203752560634176572e-02
9.769085646110260701e-02
2.457312244138109558e-01
1.535486189705839444e-01
1.018010825986497836e-01
2.167572345168160830e-01
1.700313777024426709e-01
9.675657553281383216e-02
7.592299295111633317e-02
4.410580676594274413e-02
1.766019782184799214e-01
1.230095980312461007e-01
1.622349971760748411e-01
1.372441440550397629e-01
2.020150956030803968e-01
2.457312244138109558e-01
2.404511596813763696e-01
3.312136067815982937e-02
2.022168906072240382e-02
1.199858505895063238e-01
3.593344540848680824e-02
3.087395117649944717e-02
1.977539653214409332e-01
1.699987878126902607e-01
2.457312244138109558e-01
2.457312244138109558e-01
2.457312244138109558e-01
4.206215216710096350e-02
3.967760186433742786e-02
2.612654991358053236e-01
1.598476299640401999e-01
1.059772591265382563e-01
2.256492467816360314e-01
1.770065594042421753e-01
1.007258117073647347e-01
7.903757496729717225e-02
4.591515525475692999e-02
1.838467050660553825e-01
2.508525272663790773e-01
2.338474856568205917e-01
1.948433012961022781e-01
2.612654991358053236e-01
2.612654991358053236e-01
1.436349795105493210e-01
5.055736197548402200e-02
6.811451335905414906e-02
7.542132444446668360e-02
3.740753986259701125e-02
3.214049046012177474e-02
2.058664082070260082e-01
1.769726325824143853e-01
2.612654991358053236e-01
2.612654991358053236e-01
2.593399899221019989e-01
4.378766399967404938e-02
4.130529250729476909e-02
8.734576058701889675e-03
3.780230788367634764e-02
2.699585978502481651e-02
6.305322118520212404e-02
2.612654991358053236e-01
2.612654991358053236e-01
8.660710537705658407e-02
1.886574386641336198e-02
2.608016944206586682e-02
1.983571816632797025e-01
1.849107469612008559e-01
1.540688807572720975e-01
2.133559680108058076e-01
2.504237773089684760e-01
1.135768095878938733e-01
3.997733625835926674e-02
5.386034196067927132e-02
5.963807308279538838e-02
2.771404536663712448e-01
2.771404536663712448e-01
2.771404536663712448e-01
2.427682688662565480e-01
1.324611403577657665e-01
5.359871742602325545e-02
2.686833946721618391e-02
7.651749194718119457e-03
7.819709791414779232e-02
6.906710922580665442e-03
2.989150372087401655e-02
2.134649677197923701e-02
4.985821504523616637e-02
2.771404536663712448e-01
2.771404536663712448e-01
6.848303073448877565e-02
1.491775197205521229e-02
2.062243089277546529e-02
4.614701036931442152e-02
1.637966380927291798e-01
2.771404536663712448e-01
2.771404536663712448e-01
2.771404536663712448e-01
1.426157370788410927e-01
4.245893013124460436e-02
1.309519091672356819e-02
1.110807107072511041e-01
2.790356534598232296e-01
2.790356534598232296e-01
2.790356534598232296e-01
2.219612625952089024e-01
1.211082572525501999e-01
4.900491752453049743e-02
2.456552736414438498e-02
6.995938638328255861e-03
7.149503790327479957e-02
1.387759871429351255e-01
4.820503231744189404e-02
2.408196385960708341e-01
2.790356534598232296e-01
2.790356534598232296e-01
1.702474821455404394e-02
4.593503838555242774e-02
1.222221225503724792e-02
1.046986034142397513e-02
4.219187595809777841e-02
1.497580749317029558e-01
2.790356534598232296e-01
2.790356534598232296e-01
2.790356534598232296e-01
1.303925311812684507e-01
3.881989101946728415e-02
1.197283781515352460e-02
1.015602859207997005e-01
5.643895406007714763e-03
7.005516686986699992e-02
2.829914936096511457e-02
8.476260509842231672e-02
2.790356534598232296e-01
2.790356534598232296e-01
2.275296236529877891e-02
1.274925694262707583e-02
1.661613564823824496e-02
1.616146993958556544e-01
5.613825538366914308e-02
2.764761639067067622e-01
2.764761639067067622e-01
2.764761639067067622e-01
1.982655372612389388e-02
5.349468285728622985e-02
1.423365237903657411e-02
1.219291151611863987e-02
2.764761639067067622e-01
1.090624626875221909e-01
1.455500978172689641e-01
2.764761639067067622e-01
2.359883545160465779e-01
7.929185079908668277e-02
4.589227118579904119e-02
5.988508361489030402e-02
1.647128677291695154e-01
6.572725427808443800e-03
8.158432137930891892e-02
3.295641134528676242e-02
9.871219960324764675e-02
2.764761639067067622e-01
2.764761639067067622e-01
2.649747444596130611e-02
1.484743413268594173e-02
1.935069476497321486e-02
5.297497182247941361e-02
8.809029216741939838e-02
2.438805038839179096e-01
2.458551122130135935e-01
2.764761639067067622e-01
2.764761639067067622e-01
4.326813030997971737e-02
9.839302254982928292e-03
2.766884788313627754e-03
2.659907114946279405e-01
1.205530484328027757e-01
1.608849420706497391e-01
2.659907114946279405e-01
2.608515783570807822e-01
8.764586911168746608e-02
5.072738185643334285e-02
6.619444681083913595e-02
1.820666600730647400e-01
2.659907114946279405e-01
1.733761356906799445e-01
1.226570791648456532e-01
1.507969651945409995e-01
1.920868936797057169e-01
2.161018732480912696e-01
1.280845052333640099e-01
7.261451237945871703e-03
8.311295051665252599e-04
5.855630054989009042e-02
9.737129527823910891e-02
2.659907114946279405e-01
2.659907114946279405e-01
2.659907114946279405e-01
2.659907114946279405e-01
4.782676716003204237e-02
1.087594991035949199e-02
3.058397799518240267e-03
1.708334004982128146e-02
0.000000000000000000e+00
1.067123308110611846e-01
1.095257307533360341e-01
2.659907114946279405e-01
2.659907114946279405e-01
9.594214073661020206e-03
1.785219485257762411e-04
1.511679528972184562e-03
7.569843419317114075e-02
9.056632250123720917e-02
1.512897260785628362e-01
1.509698284420596948e-01
2.155296423677337536e-01
2.043404769784120945e-01
5.806106517528341476e-02
2.950476190609315277e-03
8.531633281202288940e-06
8.498252473525624850e-02
1.120818202896483595e-01
9.481661637463313641e-02
1.395643359034723086e-01
2.480167059857154854e-01
1.661183107033084583e-01
2.288225389031903201e-02
1.397037481867864119e-02
8.289353577932496997e-02
1.451521355281511494e-01
2.683693969932217094e-01
2.683693969932217094e-01
2.683693969932217094e-01
2.683693969932217094e-01
2.683693969932217094e-01
5.338737340394263120e-02
1.659660004788978890e-02
1.173408724786930285e-01
6.713459542951182024e-02
2.558337347215648427e-01
2.683693969932217094e-01
2.683693969932217094e-01
2.683693969932217094e-01
1.203731161124443616e-01
3.419527448374617279e-02
2.115441537833650382e-02
6.036148014379629639e-02
1.052656783441442701e-01
1.388328821671448998e-01
1.174469159637889226e-01
1.728747708696174723e-01
2.741194231951173399e-01
2.057664998309061966e-01
2.834366224481061833e-02
1.730474572968362587e-02
1.026781011900814167e-01
3.075010866392571818e-02
2.642043763879847740e-02
1.692283011892953271e-01
1.454767595634245125e-01
2.695526128980411107e-01
2.741194231951173399e-01
2.131851733714196506e-01
3.599476017602956657e-02
3.395417708996518319e-02
8.315790511358406301e-02
2.741194231951173399e-01
2.741194231951173399e-01
2.741194231951173399e-01
2.741194231951173399e-01
1.491030980951555673e-01
4.235681130808304634e-02
2.620343290237121814e-02
7.476822056049443888e-02
1.329113567453870381e-01
1.562619652217026311e-01
2.741194231951173399e-01
2.741194231951173399e-01
1.150722672754742604e-01
5.155468160684176238e-02
2.087601288904138500e-02
9.506186944457860680e-03
5.586347734337900744e-02
3.937142048385057491e-02
3.382785313096478563e-02
2.166743108686255415e-01
1.862636237809118245e-01
2.866056275454502700e-01
2.866056275454502700e-01
2.729552338647640020e-01
4.608649854198260121e-02
4.347380355635723642e-02
9.193137747590219427e-03
3.978691366540119262e-02
2.841313143883113235e-02
6.636348964038719933e-02
2.866056275454502700e-01
2.866056275454502700e-01
9.115394316798364205e-02
1.985618774272472631e-02
2.744936772547114726e-02
1.701752982629506639e-01
2.000726438275636510e-01
2.866056275454502700e-01
2.866056275454502700e-01
1.473347190557322828e-01
6.600890649323877535e-02
2.672895534983785182e-02
1.217140685513790933e-02
7.152574581814322152e-02
2.129918875486245256e-01
2.866056275454502700e-01
2.806417892671822512e-01
5.360910866908375622e-02
4.777183303939203790e-02
5.516024107014919770e-02
3.431152621543231973e-02
2.676533343869585621e-02
1.027633518702477100e-01
9.786485102093289701e-03
4.235485734419530690e-02
3.024698369202919249e-02
7.064674983890183169e-02
3.190117281957335349e-01
3.190117281957335349e-01
9.703723922165408133e-02
2.113775414487618562e-02
2.922101633662782527e-02
6.538814705693446472e-02
2.320921458036798446e-01
3.190117281957335349e-01
3.190117281957335349e-01
3.190117281957335349e-01
2.020798035260220893e-01
6.016231051769375948e-02
1.855527070006537937e-02
1.573961517503704166e-01
2.267388993391004082e-01
3.190117281957335349e-01
2.987550894043785044e-01
5.706917025843679520e-02
5.085514273537865976e-02
5.872041649788103251e-02
3.652607513962592006e-02
2.849283282185321661e-02
1.093959472523916149e-01
7.396921223594921102e-03
9.442098409234823964e-02
7.655772491537349289e-02
1.387014058949120887e-01
1.458435558034528456e-01
1.493034978443426863e-01
3.744043162674035724e-02
9.611670319606043780e-04
7.554392989576403511e-03
6.640988868299806114e-02
2.357187695439665609e-01
3.440167292008525224e-01
3.440167292008525224e-01
3.440167292008525224e-01
2.052374606296789306e-01
6.110239430570151009e-02
1.884521151213070997e-02
1.598555913776402715e-01
8.883474771865886022e-03
1.102666266396198635e-01
4.454277787391273946e-02
1.334160911607149280e-01
3.440167292008525224e-01
3.440167292008525224e-01
3.581309585258982825e-02
2.006729293553262058e-02
2.615374864670624508e-02
7.512503980700416945e-03
9.589638680925101355e-02
7.775400004876506510e-02
1.408687253002620932e-01
1.481224769621724280e-01
1.516364833398887169e-01
3.802546804714112411e-02
9.761860286802856662e-04
7.672436367841463378e-03
4.293923856779618270e-02
1.030954002687252818e-01
1.664106390375966193e-01
5.189897669862485879e-02
2.529796321619534605e-01
2.031543677411481730e-01
4.026156093411691755e-02
1.572984032448547509e-02
1.027325547134392697e-01
7.647254616655528754e-03
9.492197493523707452e-02
3.834422593439695132e-02
1.148499709028402010e-01
2.777376895547652991e-01
2.777376895547652991e-01
3.082936234172705889e-02
1.727473792474090719e-02
2.251420533266890525e-02
6.163548170180141450e-02
1.024915616602059126e-01
2.777376895547652991e-01
2.777376895547652991e-01
2.777376895547652991e-01
2.777376895547652991e-01
5.034173614907448691e-02
1.144786138117684718e-02
3.219223547915716927e-03
3.696383440106085216e-02
8.874869304045586438e-02
1.432530130744733010e-01
4.467673960365116381e-02
2.177751059863675676e-01
1.748835018389901796e-01
3.465878112270635164e-02
1.354088317126048505e-02
8.843634090133777048e-02
1.900177808785555311e-01
2.326909960462448523e-01
1.819298019440294678e-01
2.472401708418039690e-01
2.777376895547652991e-01
2.777376895547652991e-01
1.826926414314165859e-01
2.192565283539290449e-02
5.584429121967886961e-02
5.620331135742817619e-02
9.345858898883634136e-02
2.587427878154703320e-01
2.608377304442466293e-01
2.622434604682992165e-01
2.622434604682992165e-01
4.590492672303130017e-02
1.043891764642694737e-02
2.935501084716655648e-03
1.639687396280928994e-02
0.000000000000000000e+00
1.024242702822558276e-01
1.051246183480275681e-01
2.622434604682992165e-01
2.586601035558697692e-01
9.208686268565881988e-03
1.713483359246779263e-04
1.450935158840623365e-03
1.732707883071981647e-01
2.121830500835521216e-01
1.658956338384012796e-01
2.254499505514453439e-01
2.622434604682992165e-01
2.622434604682992165e-01
1.665912413690244231e-01
1.999326133256210808e-02
5.092252060492570565e-02
2.055200773555504179e-01
1.230815938902673351e-01
1.192345876703644753e-01
1.296418203901517352e-01
2.622434604682992165e-01
2.622434604682992165e-01
7.925234998453949131e-02
1.927316013312748572e-02
3.860962657447826463e-02
1.251682272862199852e-01
2.540741581179185582e-01
2.540741581179185582e-01
2.540741581179185582e-01
2.540741581179185582e-01
2.540741581179185582e-01
4.603723441011989964e-02
1.431165307636737480e-02
1.011858967347256666e-01
5.789179931052300387e-02
2.206116702216955605e-01
2.540741581179185582e-01
2.540741581179185582e-01
2.420747694922062154e-01
1.038006743882240596e-01
2.948741934193669506e-02
1.824196841850252160e-02
5.205117677725140668e-02
3.600304028599950884e-03
1.138558980021915114e-02
1.188003446295027299e-01
2.067216408529301552e-01
2.540741581179185582e-01
1.903813848342719439e-01
1.955121831351993786e-02
5.861360068034083062e-03
2.236425498804817460e-02
1.058414357767487740e-02
8.820544805231045338e-02
2.370475431299084168e-01
2.540741581179185582e-01
2.481956947871526709e-01
1.995813207937157108e-01
7.180309618231942026e-02
2.060657865825927734e-02
1.516435646312552787e-02
7.599018274622883207e-02
2.629138179554854071e-01
2.629138179554854071e-01
2.629138179554854071e-01
2.629138179554854071e-01
1.362512879178928715e-01
3.870590327464825536e-02
2.394485108914156876e-02
6.832363966169950620e-02
1.214551794484938080e-01
1.427931027995837099e-01
2.629138179554854071e-01
2.629138179554854071e-01
1.051537145788171423e-01
4.711097124652782742e-02
1.907662335028862191e-02
8.686809535936293805e-03
5.104837413069632929e-02
1.389300409140404972e-02
1.157806148113573463e-01
2.629138179554854071e-01
2.629138179554854071e-01
2.629138179554854071e-01
2.619752921911931431e-01
9.425048911284572561e-02
2.704869595806513177e-02
1.990510283988364271e-02
2.459049983833387631e-02
7.755538893194247052e-02
1.936443422008015947e-01
1.667739038290007303e-01
2.629138179554854071e-01
2.470876238302267547e-01
2.857478623610848131e-02
4.370367330528045907e-03
1.273094810477523597e-02
1.552681873500801335e-01
1.825465685239656133e-01
2.730950575943902892e-01
2.730950575943902892e-01
1.344284099691650247e-01
6.022662140030154293e-02
2.438753737641659314e-02
1.110520915307861359e-02
6.526019354986212218e-02
1.943341051111117102e-01
2.730950575943902892e-01
2.560579729195946452e-01
4.891302799799056994e-02
4.358708930220775435e-02
5.032828343583482800e-02
3.130588596032914117e-02
2.442072879710982872e-02
9.376143032379000153e-02
3.143647190072871439e-02
9.914673637940524253e-02
2.475547452207889632e-01
2.132036020399347143e-01
2.730950575943902892e-01
2.730950575943902892e-01
3.652997989005567214e-02
5.587073491195714003e-03
1.627523210168788093e-02
1.847245919774847048e-02
1.141363348246016568e-01
2.730950575943902892e-01
2.730950575943902892e-01
2.730950575943902892e-01
2.285974516288097058e-01
1.012639488878347427e-01
5.271957890709998845e-02
2.957799534878051070e-02
2.427833835709702903e-01
2.772645147663247434e-01
2.772645147663247434e-01
6.110749542013738100e-02
5.445375125868716359e-02
6.287558704574569557e-02
3.911073105150526114e-02
3.050904092846411925e-02
1.171370166314771311e-01
7.920341714222161461e-03
1.011023960372904595e-01
8.197509799874330705e-02
1.485161863596037857e-01
1.561637286464406527e-01
1.598685028960077359e-01
4.008978917685900034e-02
1.029181075132885479e-03
8.088956487749409882e-03
2.307781304955117824e-02
1.425915720828434263e-01
2.772645147663247434e-01
2.772645147663247434e-01
2.772645147663247434e-01
2.772645147663247434e-01
1.265099820265185582e-01
6.586305445554363480e-02
3.695206143006934951e-02
1.186033860222407144e-01
2.772645147663247434e-01
2.772645147663247434e-01
2.772645147663247434e-01
2.272169938245363063e-01
1.092299146426660983e-01
5.539661076284248253e-02
1.504468684946951018e-02
9.037504477297324257e-02
1.191491883185681264e-02
1.520927866442264020e-01
1.233187498886159500e-01
2.234194394055109834e-01
2.349239740453781533e-01
2.404972290975788962e-01
6.030883530830554590e-02
1.548242413767590957e-03
1.216857346102787236e-02
6.810213259804850927e-02
1.635105058573460002e-01
2.639292121487203380e-01
8.231238165186172129e-02
2.754853529726107308e-01
2.754853529726107308e-01
6.385530467687483558e-02
2.494771000265597755e-02
1.629350285796181963e-01
1.784202965764540849e-01
2.754853529726107308e-01
2.754853529726107308e-01
2.754853529726107308e-01
2.754853529726107308e-01
1.643193707969743123e-01
8.333556109252480970e-02
2.263238495635249564e-02
1.359551597327960382e-01
0.000000000000000000e+00
0.000000000000000000e+00
4.040469255993322378e-02
7.782059460670567863e-02
2.395499415372528140e-01
2.227419048631641418e-01
2.759595823999836522e-02
6.169162307829751876e-03
1.077469546568224704e-02
6.415728018595773241e-02
1.540390724553908908e-01
2.486409715394103936e-01
7.754439297196555336e-02
2.712131488758907638e-01
2.712131488758907638e-01
6.015645204084771325e-02
2.350260057324967539e-02
1.534969300064054631e-01
2.712131488758907638e-01
2.712131488758907638e-01
2.712131488758907638e-01
2.712131488758907638e-01
2.712131488758907638e-01
2.712131488758907638e-01
2.712131488758907638e-01
3.805585310651563719e-02
9.692765635981559491e-02
0.000000000000000000e+00
0.000000000000000000e+00
3.806422915850656008e-02
7.331279509099127012e-02
2.256738832019443142e-01
2.098394610313490394e-01
2.599744761670353538e-02
5.811810285474449354e-03
1.015056547480207814e-02
9.033123247142393897e-03
4.347103205951132615e-02
2.794958999190091942e-02
2.661524775964561537e-02
2.094857289947529566e-01
2.294960593160200457e-01
3.200922739590821020e-02
9.217024889926031181e-03
3.837966635193626810e-03
2.278877866248595896e-01
2.790656527580630542e-01
2.181878963875578947e-01
2.821113159212781385e-01
2.821113159212781385e-01
2.821113159212781385e-01
2.191027676250122402e-01
2.629537336906483808e-02
6.697390035209550840e-02
2.703024323551290742e-01
1.618783655337455440e-01
1.568187375309489928e-01
1.705064528843142635e-01
2.821113159212781385e-01
2.821113159212781385e-01
1.042336264481872887e-01
2.534828776918795698e-02
5.077983674242157741e-02
6.241598310976258744e-03
3.003708826455731007e-02
1.931226984433258645e-02
1.839028217791347994e-02
1.447479168050666010e-01
1.585744129701452954e-01
2.211734902578223194e-02
6.368668445145768409e-03
2.651911793120491009e-03
1.041238205641360944e-02
1.261275968518475385e-02
3.152225881271428221e-02
1.117890741898732027e-01
2.821113159212781385e-01
2.506151185968131800e-01
0.000000000000000000e+00
8.575759550985737577e-04
2.814231562178852453e-03
5.139610471999038997e-03
1.625348751167758274e-02
1.695933150324323846e-01
2.727609450684924663e-01
2.727609450684924663e-01
2.717787585145709506e-01
2.791032245784594995e-02
8.367378795379043846e-03
3.192607019350173631e-02
1.510938374560357594e-02
1.259176005403390697e-01
2.727609450684924663e-01
2.727609450684924663e-01
2.727609450684924663e-01
2.727609450684924663e-01
1.025024392743052598e-01
2.941690107911424865e-02
2.164786214160761835e-02
1.158013282503358166e-01
2.727609450684924663e-01
2.727609450684924663e-01
1.956308489741823975e-01
1.509475434568861574e-01
1.026725785801088087e-01
6.829698159723450977e-03
7.770664131189825539e-03
3.063451320647472831e-02
2.754355588748084657e-02
1.160958201433166803e-01
9.562788805208394249e-02
6.015013390495076162e-02
2.727609450684924663e-01
2.727609450684924663e-01
9.915722860218936785e-02
1.574320762157205983e-02
1.313878721303941670e-02
1.710709213394946693e-02
1.425659729078100624e-01
2.545205291713750206e-01
2.545205291713750206e-01
2.545205291713750206e-01
2.545205291713750206e-01
1.160549432156905009e-01
3.330629796215967692e-02
2.451006463233649374e-02
3.027940851284477083e-02
9.549750185159135152e-02
2.384431460217302512e-01
2.053563447884087234e-01
2.545205291713750206e-01
2.545205291713750206e-01
3.518544280509289246e-02
5.381433424381167063e-03
1.567619938409657229e-02
3.118526580548493937e-02
1.314455920239655795e-01
1.082714635504583300e-01
6.810296832131222666e-02
2.545205291713750206e-01
2.545205291713750206e-01
1.122674408172548849e-01
1.782471792368723468e-02
1.487595041374360424e-02
1.894657274945433234e-01
2.545205291713750206e-01
2.545205291713750206e-01
2.465458956216584896e-01
1.715024421820997291e-01
1.627843171614926643e-01
3.679037994633645864e-02
1.300612530690996305e-02
6.284870377467220715e-02
3.019363294128156461e-02
9.522697632924820299e-02
2.377676837805617061e-01
2.047746109067549447e-01
2.455020275018849341e-01
2.455020275018849341e-01
3.508576940935826532e-02
5.366188888557098594e-03
1.563179181379878088e-02
1.774215167340991578e-02
1.096239619331248888e-01
2.455020275018849341e-01
2.455020275018849341e-01
2.455020275018849341e-01
2.195598656105124391e-01
9.726048497296875539e-02
5.063531363718357103e-02
2.840863114411100454e-02
1.889290085866891789e-01
2.455020275018849341e-01
2.455020275018849341e-01
2.455020275018849341e-01
1.710166097063294255e-01
1.623231814084567237e-01
3.668616008132205564e-02
1.296928152802473075e-02
6.267066583558919546e-02
2.154927296899857292e-01
2.455020275018849341e-01
2.189786192630568673e-01
1.203079525846147690e-01
2.044488455080949174e-01
1.257582288386127622e-01
6.095151787939372123e-02
2.144372803019690965e-02
8.280019189210091612e-02
1.941154672200662637e-02
1.199387029311393821e-01
2.570398471686562991e-01
2.570398471686562991e-01
2.570398471686562991e-01
2.402186988381682098e-01
1.064119213391298141e-01
5.539969303298938191e-02
3.108165688768331492e-02
9.976140998350309375e-02
2.503424453197740096e-01
2.570398471686562991e-01
2.570398471686562991e-01
1.911200720011316800e-01
9.187705901656678664e-02
4.659600525209407068e-02
1.265460644253358843e-02
7.601757585726386102e-02
2.357688778469309021e-01
2.570398471686562991e-01
2.395827618425703520e-01
1.316279719401343140e-01
2.236858521950595702e-01
1.375910757451189459e-01
6.668656986324127123e-02
2.346141190845591612e-02
9.059102994331033609e-02
1.159859868021028417e-01
8.538920691757130588e-02
7.699818602440219872e-02
1.256048394087745657e-01
2.570398471686562991e-01
2.570398471686562991e-01
4.119828147344627850e-02
8.608170741982008878e-03
3.481210582756302102e-02
1.251053244025915889e-01
2.873861257282867565e-01
2.873861257282867565e-01
2.873861257282867565e-01
2.396732224564799563e-01
1.152179913588268073e-01
5.843350002663415949e-02
1.586944936365761866e-02
9.532948150486496297e-02
0.000000000000000000e+00
0.000000000000000000e+00
2.833109386706683316e-02
5.456649787207729085e-02
1.679684078643933209e-01
1.561828939905192948e-01
1.934982383764838332e-02
4.325713310775510488e-03
7.555036043759161442e-03
1.454516782334099312e-01
1.070819311161429616e-01
9.655921104750682382e-02
1.575141548557568993e-01
2.873861257282867565e-01
2.873861257282867565e-01
5.166451004869598851e-02
1.079503580960454977e-02
4.365595668119374301e-02
1.434232098632580443e-01
1.743141275032447368e-01
2.873861257282867565e-01
2.873861257282867565e-01
2.873861257282867565e-01
1.655802815057940691e-01
1.526559557184325733e-01
3.214358682374224285e-02
9.568093105005801013e-02
0.000000000000000000e+00
0.000000000000000000e+00
2.721154178471048291e-02
5.241020851007030523e-02
1.613308462623946338e-01
1.500110573146758164e-01
1.858518214494445445e-02
4.154775281785925631e-03
7.256485752169464752e-03
6.457643202558394427e-03
3.107678341221642437e-02
1.998073920696146616e-02
1.902683812421735940e-02
1.497581796311598379e-01
1.640632621640430999e-01
2.288291259368379835e-02
6.589111705862249653e-03
2.743704306397508948e-03
1.377555941328504341e-01
1.674258038350490974e-01
3.784630606781255735e-01
3.784630606781255735e-01
3.784630606781255735e-01
1.590370908394975191e-01
1.466234920969930189e-01
3.087337750066507583e-02
9.189993388484063441e-02
3.694752499150019687e-02
7.946091847481777382e-02
1.258328100036938679e-01
2.282316007864042817e-01
3.784630606781255735e-01
3.784630606781255735e-01
2.564318109152219013e-02
4.542199731409773261e-03
1.511570079650351173e-02
5.489976358958114679e-03
2.641998030766660316e-02
1.698665944214251128e-02
1.617569881319743177e-02
1.273171712878070905e-01
1.394786615490466730e-01
1.945394708609142487e-02
5.601744530788950634e-03
2.332564885611251512e-03
9.158508523309525154e-03
1.109391361682385627e-02
2.772630455222173038e-02
9.832727835319889087e-02
3.374276156414151018e-01
2.204356973556644006e-01
0.000000000000000000e+00
7.543054655123581894e-04
2.475337882257773112e-03
3.141100125274627619e-02
6.755383507639725615e-02
1.069769775802816569e-01
1.940314838373412842e-01
3.374276156414151018e-01
3.374276156414151018e-01
2.180059404724684138e-02
3.861558832055968574e-03
1.285063875765257886e-02
2.020457782377775569e-01
2.654104537845116685e-01
2.094813666221357618e-01
3.374276156414151018e-01
3.374276156414151018e-01
3.220858010310655439e-01
1.134174533449009703e-01
3.699295243107194459e-02
7.547314195495312406e-02
1.842883784224838006e-01
3.397503496146704882e-01
3.397503496146704882e-01
3.113305561481014561e-01
2.402207162113987327e-01
1.633950430523530839e-01
1.086890813764743342e-02
1.236637881136375301e-02
4.875233166910605126e-02
4.383332494701486226e-02
1.847570382749743334e-01
1.521839920781241362e-01
9.572403707905217940e-02
3.397503496146704882e-01
3.397503496146704882e-01
1.578006499930799666e-01
2.505403217375953492e-02
2.090930930165800852e-02
3.397503496146704882e-01
1.073269967482834569e-01
3.776915053460201677e-02
3.980582544178636051e-02
1.202521119561035107e-01
1.010127385089116259e-01
7.903611865028307287e-03
3.164693984678765282e-03
4.901751483710743706e-02
8.658999077322074647e-03
1.838531069350229734e-04
3.503493971434884502e-02
7.172049782466620449e-02
1.818384283377506294e-01
1.709159920583765702e-01
9.062032437772607474e-03
4.542983186567132840e-03
8.141622032690315133e-03
5.248721568712525626e-02
2.212331035661816991e-01
1.822292519672579214e-01
1.146225659742645675e-01
2.884321176128033515e-01
2.884321176128033515e-01
1.889547909442677587e-01
3.000037966834290248e-02
2.503737575261623730e-02
2.884321176128033515e-01
2.884321176128033515e-01
2.884321176128033515e-01
2.884321176128033515e-01
2.884321176128033515e-01
2.739786031849026915e-01
6.192105654956503447e-02
2.189031539752002084e-02
1.057792321301064820e-01
1.036852104546939594e-02
2.201507115901285485e-04
4.195178986753297229e-02
8.588007510408166012e-02
2.177382806325616205e-01
2.046594583091953246e-01
1.085112415496758929e-02
5.439891650121594230e-03
9.748999698047542892e-03
3.766011351590813853e-03
9.808950067156674280e-02
1.962247203886827163e-01
1.905973984505552887e-01
7.951732242932736672e-02
3.463109207109342502e-02
3.155316520966845034e-02
5.663496109490387745e-03
2.805598137127390031e-03
2.416528177244882392e-01
2.416528177244882392e-01
2.416528177244882392e-01
2.416528177244882392e-01
2.241553141600603483e-01
2.127606422940709063e-01
4.808537458716009155e-02
1.699912880004342611e-02
8.214385031442202056e-02
2.416528177244882392e-01
2.416528177244882392e-01
2.416528177244882392e-01
1.576903375284247066e-01
2.416528177244882392e-01
1.648341371164995794e-01
7.989052444817805465e-02
2.810677630451108300e-02
1.085280725536464791e-01
2.924531276299959220e-03
7.617231755540694593e-02
1.523801386624892840e-01
1.480101892721586432e-01
6.174991914295837464e-02
2.689309787968491988e-02
2.450290503849798102e-02
4.398040780841330592e-03
2.178713427746845847e-03
2.295427243051250954e-01
2.183857735046653703e-01
2.416528177244882392e-01
2.416528177244882392e-01
2.416528177244882392e-01
1.354994600802432447e-01
6.582673187244768298e-02
2.718632422853636821e-02
4.337497811065234993e-02
2.595205271517989076e-01
2.595205271517989076e-01
2.595205271517989076e-01
1.475296721554349155e-01
2.507088725423428088e-01
1.542131660694665285e-01
7.474283500750907028e-02
2.629573605169826730e-02
1.015351429545555267e-01
1.299980114813381327e-01
9.570489855979341653e-02
8.630017596799005597e-02
1.407788975700422496e-01
2.595205271517989076e-01
2.595205271517989076e-01
4.617535976250684848e-02
9.648105860053844685e-03
3.901768358260885444e-02
2.147523012073977444e-01
2.043142406410714262e-01
2.573989860739672730e-01
2.595205271517989076e-01
2.411439739765647572e-01
1.267686482012466975e-01
6.158523295985324914e-02
2.543459265425413590e-02
4.058014207281550323e-02
1.020252705217158662e-01
6.628538616601241384e-02
1.457949061917151179e-01
8.690756280784850407e-02
2.595205271517989076e-01
2.595205271517989076e-01
2.798241553389512956e-02
3.872477441227746217e-03
1.722245644982067433e-02
1.184003600535666473e-01
8.716667523792320793e-02
7.860098620633919342e-02
1.282194394383485980e-01
2.797937838337793970e-01
2.797937838337793970e-01
4.205586807971001262e-02
8.787359088406439950e-03
3.553675730878549932e-02
1.167491492301491046e-01
1.418949283327471667e-01
2.797937838337793970e-01
2.797937838337793970e-01
2.797937838337793970e-01
1.347854159275954644e-01
1.242647753598216526e-01
2.616547501938672540e-02
7.788605002142344469e-02
9.292318110625728822e-02
6.037179722146923666e-02
1.327879495260826659e-01
7.915418559540340904e-02
2.797937838337793970e-01
2.797937838337793970e-01
2.548599041345579394e-02
3.526997975707497467e-03
1.568597105009078216e-02
1.120792724561940623e-01
1.136773744498854183e-01
2.137964588486344908e-01
2.470241955600907535e-01
2.797937838337793970e-01
2.797937838337793970e-01
6.383691285116142866e-02
1.417332533035600868e-02
1.987883146500161319e-02
8.341492090679132609e-02
1.013810747401522050e-01
2.937569524562225753e-01
2.937569524562225753e-01
2.937569524562225753e-01
9.630147100109186231e-02
8.878468474066564253e-02
1.869470607385924701e-02
5.564801752406853957e-02
2.237277472663252997e-02
4.811584075029074620e-02
7.619533682105746053e-02
1.382007100899892427e-01
2.937569524562225753e-01
2.937569524562225753e-01
1.552767374720907638e-02
2.750430817154322829e-03
9.152985723215602623e-03
8.007838779873398261e-02
8.122019955739581687e-02
1.527532733438158596e-01
1.764938234717996213e-01
2.937569524562225753e-01
2.282991299030488475e-01
4.561019135065573493e-02
1.012655611808571492e-02
1.420302559210714910e-02
8.070590725806996157e-02
6.346926738529597156e-02
1.428625864170351978e-01
2.937569524562225753e-01
2.937569524562225753e-01
2.937569524562225753e-01
4.787873626384570730e-02
2.380541939147884367e-02
4.075276365164173104e-02
2.078987860045662661e-02
4.471159702719688239e-02
7.080444074489276873e-02
1.284228720118274769e-01
2.911222767518772403e-01
2.911222767518772403e-01
1.442907534252742437e-02
2.555835093602616334e-03
8.505402854248771127e-03
1.337272622257122401e-01
1.756661963454499431e-01
1.386486265142911345e-01
2.649798106113799290e-01
2.911222767518772403e-01
2.131776904685977470e-01
7.506717367079437930e-02
2.448438316009464086e-02
4.995311821527242957e-02
7.499588382471199244e-02
5.897875341450030395e-02
1.327549159390500888e-01
2.911222767518772403e-01
2.911222767518772403e-01
2.911222767518772403e-01
4.449126791965225119e-02
2.212116222636697702e-02
3.786946497709885867e-02
1.651589600485942333e-01
1.419442446222810850e-01
8.480844084041239128e-02
1.579974388722609202e-01
2.911222767518772403e-01
2.700951370044706312e-01
6.478770347246191885e-02
3.029233562868366078e-02
4.335031169588415140e-02
3.666773114877103223e-01
9.643881263744058518e-02
3.393751937757475551e-02
3.576757626659759354e-02
1.080526917322567476e-01
9.076512767708194707e-02
7.101800729579325032e-03
2.843639899465946405e-03
4.404475176376695944e-02
7.780554892485519805e-03
1.652014485609985318e-04
3.148069068587024816e-02
6.444454668007440490e-02
1.633911564848800624e-01
1.535767871481382996e-01
8.142701043153326851e-03
4.082103455963864876e-03
7.315665075553668198e-03
7.161136720938506180e-03
1.265070380614250201e-01
3.057940993430869892e-01
3.666773114877103223e-01
3.666773114877103223e-01
3.370611601586285255e-01
1.034228739444010246e-02
6.855008879646382752e-03
1.306830599952384618e-02
2.783156817631740609e-02
2.317739044651198968e-02
7.565406569747838532e-03
1.017018054907362218e-01
3.666773114877103223e-01
3.666773114877103223e-01
5.391982832918799234e-02
1.033829596598115873e-02
1.563893195495431876e-02
1.125927121637933757e-02
2.390636581053443336e-04
4.555582981022193723e-02
9.325795390099508864e-02
2.364439774080761003e-01
2.222415654069968272e-01
1.178333431813505770e-02
5.907227772199938678e-03
1.058652735596084943e-02
4.089545946386673875e-03
1.065162800651281161e-01
2.130822068572421901e-01
2.069714468322197687e-01
8.634858295661096417e-02
3.760621755387416609e-02
3.426386880760760867e-02
6.150041886400460164e-03
3.046624510048996908e-03
4.027517044792739559e-02
3.354009177124812197e-02
1.094792924258358204e-02
1.471730778895455893e-01
3.639904056009125033e-01
3.639904056009125033e-01
7.802759308147524941e-02
1.496058826197644784e-02
2.263115919732069589e-02
1.058446847067250063e-01
1.854593722787481191e-01
2.753618242077026101e-01
3.639904056009125033e-01
3.639904056009125033e-01
2.493063753269438299e-01
1.426065496929067589e-01
5.525477986183135320e-02
7.449753770140619957e-02
2.599068948770652705e-03
6.769532845093431672e-02
1.354222093696019757e-01
1.315385785600600155e-01
5.487795556647707962e-02
2.390024555448449703e-02
2.177605011658769255e-02
3.908595993329126370e-03
1.936250935052644508e-03
2.039976019379327044e-01
1.940822747798918724e-01
2.445085598856243103e-01
2.992520155176239816e-01
2.290675915295284637e-01
1.204201309535346126e-01
5.850107201629473758e-02
2.416083962110887259e-02
3.854790669348973770e-02
6.726850291454286590e-02
1.178668003899264599e-01
1.750033809028181120e-01
3.050930271785339265e-01
3.050930271785339265e-01
1.584441078147885429e-01
9.063212886155158632e-02
3.511660817429660547e-02
4.734614540048704551e-02
3.050930271785339265e-01
3.050930271785339265e-01
2.565988518870953028e-01
3.050930271785339265e-01
1.378597550150859330e-01
2.784842694244769531e-02
7.521345741887265623e-02
5.443661136364561642e-02
9.549042328817562708e-02
1.531983299059539172e-01
1.457521072707232968e-01
1.836212909678440475e-01
2.247325878479647376e-01
1.720254165957311454e-01
9.043323438062138286e-02
4.393319551536250395e-02
1.814433230546332390e-02
2.894874680247437951e-02
7.278199564918841347e-02
4.728615433087853676e-02
1.040060386398158065e-01
6.199744265138774219e-02
2.729810372316842648e-01
2.729810372316842648e-01
1.996187841725200959e-02
2.762517902062583842e-03
1.228602231573974225e-02
2.729810372316842648e-01
2.729810372316842648e-01
1.927008709487117444e-01
2.729810372316842648e-01
1.035300612797446090e-01
2.091364044264113972e-02
5.648387997487182288e-02
4.088086265439212080e-02
7.171149675677096491e-02
2.729810372316842648e-01
2.729810372316842648e-01
2.729810372316842648e-01
2.729810372316842648e-01
2.527017673871320147e-01
6.386413494502239663e-02
3.797259782073227063e-02
2.175743436778961037e-02
9.290841816622770477e-02
7.193712708186926486e-02
4.673724680083327088e-02
1.027987148769211739e-01
6.127776342188707287e-02
2.624642644307622064e-01
2.624642644307622064e-01
1.973015677415949215e-02
2.730450018772341905e-03
1.214340360929505591e-02
8.676694846149382578e-02
8.800413023725012218e-02
1.655120159119498613e-01
1.912354994388602569e-01
2.624642644307622064e-01
2.473678527081298040e-01
4.941979017094777493e-02
1.097237840250649306e-02
1.538933566750855762e-02
2.624642644307622064e-01
2.624642644307622064e-01
2.624642644307622064e-01
2.624642644307622064e-01
2.497683526288934919e-01
6.312278676251102671e-02
3.753180399484126739e-02
2.150486953717604607e-02
9.182991789362818236e-02
1.098522207366373210e-01
1.679856498475658100e-01
2.624642644307622064e-01
2.624642644307622064e-01
2.624642644307622064e-01
1.436174301786049823e-01
4.844739878905077873e-02
2.654058038974104958e-02
7.094659276027705241e-02
7.110090838009891501e-02
7.211471317152377825e-02
1.356283111003211972e-01
1.567073403608179594e-01
2.679639675917796504e-01
2.027048241691699892e-01
4.049689467490782263e-02
8.991281649770248297e-03
1.261074366135747811e-02
7.165807748416624934e-02
5.635381392362739938e-02
1.268464556668081888e-01
2.679639675917796504e-01
2.679639675917796504e-01
2.679639675917796504e-01
4.251111609547705839e-02
2.113662611886557921e-02
3.618402660545338295e-02
9.001806356497953077e-02
1.376553228016741404e-01
2.679639675917796504e-01
2.679639675917796504e-01
2.679639675917796504e-01
1.176868603307619915e-01
3.970007155527790349e-02
2.174859676531189917e-02
5.813696668112373900e-02
2.002605945095135287e-01
2.434931613635019643e-01
2.679639675917796504e-01
2.679639675917796504e-01
1.673656281932769663e-01
1.579391748184858224e-01
8.753203444617439766e-02
4.251539706646072919e-02
1.465147774755493071e-01
6.537805352312794915e-02
5.141503641017159537e-02
1.157297915177266656e-01
2.725700641408135283e-01
2.725700641408135283e-01
2.725700641408135283e-01
3.878549524346539684e-02
1.928423873781542550e-02
3.301290393419130387e-02
1.439781862577790839e-01
1.237406368048906552e-01
7.393220136503676765e-02
1.377350927585722085e-01
2.725700641408135283e-01
2.354568467342504079e-01
5.647901897073781541e-02
2.640750183972168791e-02
3.779086069472930437e-02
1.827100073862487351e-01
2.221537263493594261e-01
2.725700641408135283e-01
2.725700641408135283e-01
1.526979146261602527e-01
1.440975837924654557e-01
7.986083682296341024e-02
3.878940103552580565e-02
1.336744062920500742e-01
2.390078712664456262e-01
2.725700641408135283e-01
2.647937504093713645e-01
8.794200830359057142e-02
1.891562627952686482e-01
9.202107080676551198e-02
2.184046088007059877e-02
9.438290768894918442e-03
5.542955579043694347e-02
6.044333343560436000e-03
1.067778396290035986e-01
2.581044801894551988e-01
3.369917525338996800e-01
3.369917525338996800e-01
2.844953376199417239e-01
8.729372861171475276e-03
5.785947169602335266e-03
1.103025968849550252e-02
2.349114143287076018e-02
1.956279838687561418e-02
6.385555948598779612e-03
8.584106657684260899e-02
3.369917525338996800e-01
3.369917525338996800e-01
4.551084959685748610e-02
8.726003909416610999e-03
1.319998787296088744e-02
3.369917525338996800e-01
1.003412889539535557e-01
4.250921078384415491e-02
1.766532399187563038e-02
8.488444511033393924e-02
8.846367076057072565e-02
1.945876972611429792e-02
5.790695968640497023e-03
6.476911558810240221e-02
3.677604653058201556e-02
2.412597903072889044e-02
2.578436983220384893e-02
2.152352329786817037e-02
3.369917525338996800e-01
3.369917525338996800e-01
1.641032683395452982e-02
2.687126824721504815e-03
5.936670183092136082e-04
2.297095981067360723e-02
1.912960495399450983e-02
6.244155886730144538e-03
8.394022470457011831e-02
3.078582806734997401e-01
3.078582806734997401e-01
4.450306938155736830e-02
8.532777586980549306e-03
1.290769083305921827e-02
6.036855887959922257e-02
1.057768282479636390e-01
1.570527281925982455e-01
3.078582806734997401e-01
3.078582806734997401e-01
1.421919923488404180e-01
8.133570349428939639e-02
3.151458611937574955e-02
4.248970086286023295e-02
3.596168748391995879e-02
2.359173973268702262e-02
2.521340756691863375e-02
2.104691209119360917e-02
3.078582806734997401e-01
3.078582806734997401e-01
1.604694089727428177e-02
2.627623799092566794e-03
5.805210128879140100e-04
1.665416445213458996e-01
1.738093092377181181e-01
2.137750214373431712e-01
3.078582806734997401e-01
3.078582806734997401e-01
1.269495706659727607e-01
5.648817841302027076e-02
5.011826250573695601e-02
1.838442853646910513e-01
5.975175798852996878e-02
1.046960795415393802e-01
1.554480805996806825e-01
3.070125014901610716e-01
3.070125014901610716e-01
1.407391806665440614e-01
8.050467596403015902e-02
3.119259359278789973e-02
4.205557280282574278e-02
3.070125014901610716e-01
3.070125014901610716e-01
2.279258766553829141e-01
3.070125014901610716e-01
1.224549731467057395e-01
2.473657647978741089e-02
6.680892409457039882e-02
4.835373298032787787e-02
8.482009284175444364e-02
1.648400462614672546e-01
1.720334554024829654e-01
2.115908277749785904e-01
3.070125014901610716e-01
3.070125014901610716e-01
1.256524946754095096e-01
5.591102435424077227e-02
4.960619149483150997e-02
1.819659016309151389e-01
9.692677412609267129e-02
8.864113697261817582e-02
5.579206270464844020e-02
8.326773364552084167e-02
6.964267340961448338e-02
1.841113783552363048e-02
2.618561967124781453e-02
1.031281610186101511e-02
4.024109019709538188e-02
2.955486317543480346e-01
2.955486317543480346e-01
1.921567936513731145e-01
2.955486317543480346e-01
1.032377514647600247e-01
2.085459225612530318e-02
5.632440172960687802e-02
4.076543842638335330e-02
7.150902441115340735e-02
2.955486317543480346e-01
2.955486317543480346e-01
2.879875401222657394e-01
2.849082090522364608e-01
2.519882817969746336e-01
6.368381907116729690e-02
3.786538487305063372e-02
2.169600378872907354e-02
9.264609781029459201e-02
8.171576833814921115e-02
7.473042076755449792e-02
4.703644903264390942e-02
7.020028154210881943e-02
5.871344237027951302e-02
1.552182343603217794e-02
2.207623280707679547e-02
8.694395321537370241e-03
3.392593670705063708e-02
9.637918796227115670e-02
2.842959779511785440e-02
1.214493886128180100e-01
1.923972493936132455e-01
2.955486317543480346e-01
2.955486317543480346e-01
3.403098630872698066e-02
8.634552236688599475e-03
2.323339167367759542e-02
2.679134357918783738e-01
2.679134357918783738e-01
2.442776878561056797e-01
2.416657280691966170e-01
2.137422848851877333e-01
5.401808727539653826e-02
3.211829464095355968e-02
1.840305187848746346e-02
7.858456151395014355e-02
9.400736487559578636e-02
1.437557490707820074e-01
2.679134357918783738e-01
2.679134357918783738e-01
2.679134357918783738e-01
1.229023507286521877e-01
4.145944674304458816e-02
2.271242227037060385e-02
6.071340376709644104e-02
8.175105486465579496e-02
2.411464194986364523e-02
1.030161785099504151e-01
1.631957938589743140e-01
2.679134357918783738e-01
2.679134357918783738e-01
2.886586915332971931e-02
7.324026779615461571e-03
1.970709981651205117e-02
1.793625196135985589e-01
1.723980036919742220e-01
2.679134357918783738e-01
2.679134357918783738e-01
1.126288715880722213e-01
5.260254883327462883e-02
2.845812577463648421e-02
3.890875476838714236e-02
6.161102955870818854e-02
8.859887101924704411e-02
1.354850982904624024e-01
2.602936365223413873e-01
2.602936365223413873e-01
2.602936365223413873e-01
1.158314514461716849e-01
3.907417444768653686e-02
2.140571617904831608e-02
5.722040008906647407e-02
1.971033577097383305e-01
2.396543354005942761e-01
2.602936365223413873e-01
2.602936365223413873e-01
1.647270016494803146e-01
1.554491623620443963e-01
8.615203574503438322e-02
4.184511454530848162e-02
1.442048779754022403e-01
1.690433165737821875e-01
1.624794877858137254e-01
2.602936365223413873e-01
2.602936365223413873e-01
1.061490328984365794e-01
4.957618422269818165e-02
2.682085407130765931e-02
3.667023056976203427e-02
5.806638308029064832e-02
2.602936365223413873e-01
1.185991544665311731e-01
1.123574205856820163e-01
2.381730321325974398e-01
1.033219197299552194e-01
4.867860964873257923e-02
3.019384249588880423e-02
4.482214872538689554e-02
2.490494881930542248e-01
1.667688896775488261e-01
2.027712154961088808e-01
2.578883796518289806e-01
2.578883796518289806e-01
1.393752977331359777e-01
1.315253302107614042e-01
7.289312324053841274e-02
3.540509594680617267e-02
1.220115560966725243e-01
2.181548667503341865e-01
2.578883796518289806e-01
2.416909745724656611e-01
8.026922712448746056e-02
1.726527209603505586e-01
8.399239880134989900e-02
1.993492016731998953e-02
8.614816968700580654e-03
5.059342729349941559e-02
2.578883796518289806e-01
1.003465873788222246e-01
9.506546461629243605e-02
2.015178867646758021e-01
8.742053931974251568e-02
4.118690709531659666e-02
2.554697011074500215e-02
3.792396062020721853e-02
2.107204418195732787e-01
1.412593350909397416e-01
2.129987093266227371e-01
2.578883796518289806e-01
2.516905514185268644e-01
2.578883796518289806e-01
2.578883796518289806e-01
4.856992242020186090e-02
3.854494142793993966e-02
8.330751174151958260e-02
3.011693391893677796e-01
1.320821328433730291e-01
5.595610026890554534e-02
2.325337550015803972e-02
1.117358434626465058e-01
1.164472814234238235e-01
2.561413984937620930e-02
7.622460127421186622e-03
8.525745501616316391e-02
4.840937079785253422e-02
3.175772207566016081e-02
3.394070972142542580e-02
2.833203453058140073e-02
3.011693391893677796e-01
3.011693391893677796e-01
2.160138654268452252e-02
3.537142545505169312e-03
7.814610196310138330e-04
2.121676402892180013e-01
2.466614868210472711e-01
3.011693391893677796e-01
3.011693391893677796e-01
2.914221174506140821e-01
1.225087644518023655e-01
1.290796008766687264e-01
2.778932366158917699e-02
5.242985176292008082e-02
5.431480287667320855e-02
2.208826331568091925e-02
1.963226713516187660e-01
2.059476535365526162e-01
3.011693391893677796e-01
2.849302314848120021e-01
5.255313617467567006e-02
9.169240943580828432e-03
2.119599940130063864e-02
3.796443539719148580e-02
2.490559096787198917e-02
2.661757135688788689e-02
2.221903893563868804e-02
2.904547470136276677e-01
2.904547470136276677e-01
1.694061357074873320e-02
2.773959203482261309e-03
6.128508986223197468e-04
1.758165410674847329e-01
1.834889504263763071e-01
2.256803993005108422e-01
2.904547470136276677e-01
2.904547470136276677e-01
1.340195388885618011e-01
5.963407031511112899e-02
5.290940643342501720e-02
1.940827859646883369e-01
4.259569564606122127e-02
1.732244050818198405e-02
1.539635663651967301e-01
1.615118366347051415e-01
2.730338836675262337e-01
2.234529221848885749e-01
4.121413086641041723e-02
7.190860978083597928e-03
1.662269384392172505e-02
2.534766143456145815e-01
2.904547470136276677e-01
2.904547470136276677e-01
1.505666427160730347e-01
1.238913399370461799e-01
7.031781170335130171e-02
2.900420410535346077e-02
1.882188538027569288e-02
1.610608795548222894e-01
1.740788682445324476e-01
1.816754477801971746e-01
2.234498998596932129e-01
2.710347001890739405e-01
2.710347001890739405e-01
1.326949643686828328e-01
5.904468035965285133e-02
5.238647931246312450e-02
1.921645797451481119e-01
1.023592477989241217e-01
9.360922393594943436e-02
5.891905124345685196e-02
8.793465643237813323e-02
7.354594980784842639e-02
1.944303044187653193e-02
2.765325016605591976e-02
1.089082050230902841e-02
4.249649036936734708e-02
2.509713925881619234e-01
2.710347001890739405e-01
2.710347001890739405e-01
1.490785258329723750e-01
1.226668668977027726e-01
6.962282959515768421e-02
2.871754269727873343e-02
1.863586034245246284e-02
1.594690434764650111e-01
2.710347001890739405e-01
1.722171159216540626e-01
2.710347001890739405e-01
2.710347001890739405e-01
2.710347001890739405e-01
1.110114446172765640e-01
7.401915039672309071e-02
4.158980658304128886e-02
1.360049851195682669e-01
7.809849721413901491e-02
7.142236653732331186e-02
4.495431002420081229e-02
6.709276072349702746e-02
5.611440372698625612e-02
1.483472662657916649e-02
2.109899522999725968e-02
8.309524864134550798e-03
3.242415420287610150e-02
9.211281856182931826e-02
2.717111898175162549e-02
1.160732491553769369e-01
1.838804964005976428e-01
3.227431576551467174e-01
3.227431576551467174e-01
3.252455362627644508e-02
8.252330823248742175e-03
2.220493072271107274e-02
2.825969788790455017e-01
1.313989525837031824e-01
2.570997932588695023e-01
2.815790512144417113e-01
2.374239262817761653e-01
8.469998739352840866e-02
5.647544833865197900e-02
3.173236872493283983e-02
1.037696659547088229e-01
2.213867985486221990e-01
2.246650018185326059e-01
3.227431576551467174e-01
3.227431576551467174e-01
2.181617718930394245e-01
1.447653253471501422e-01
1.093623332126236469e-01
1.457743862254680389e-02
3.646650175852286097e-02
7.360975308144396267e-02
2.171314905374177942e-02
9.275715739773078561e-02
1.469436952193131363e-01
2.930769301130459192e-01
2.930769301130459192e-01
2.599121814850745282e-02
6.594652554660307593e-03
1.774453863435086071e-02
1.615004332687913213e-01
1.552294891424886858e-01
2.930769301130459192e-01
2.930769301130459192e-01
1.014125559745407273e-01
4.736404487357859933e-02
2.562408050758168895e-02
3.503396789128992994e-02
5.547540249380671085e-02
1.769159583985247808e-01
1.795356560368824295e-01
2.930769301130459192e-01
2.930769301130459192e-01
1.743387555780598341e-01
1.156857429827299610e-01
8.739428963177688081e-02
1.164921098191466255e-02
2.914133159856704958e-02
2.930769301130459192e-01
2.930769301130459192e-01
1.243422122493784004e-01
2.074979040334753722e-01
1.333609665495509300e-01
5.807763405532079259e-02
4.163143284121866711e-02
1.814487546640791010e-02
1.019320775405543333e-01
1.837408913639302366e-01
1.766063664580896087e-01
2.667438369889594818e-01
2.667438369889594818e-01
1.153782256375988635e-01
5.388661595222019735e-02
2.915280967084557182e-02
3.985854624703881466e-02
6.311500035433391387e-02
2.667438369889594818e-01
1.289108306578779506e-01
1.221264053983137921e-01
2.588811324214207454e-01
1.123053073815449554e-01
5.291100120667029810e-02
3.281906464178525190e-02
4.871923792417209159e-02
2.667438369889594818e-01
2.667438369889594818e-01
2.667438369889594818e-01
1.414655580201390483e-01
2.360727403114994405e-01
1.517262980105264503e-01
6.607558898540072390e-02
4.736455763107418754e-02
2.064363249314922835e-02
1.159692912693749134e-01
6.953099944062020310e-02
6.883858668066729358e-02
1.011319807970155610e-01
2.667438369889594818e-01
2.667438369889594818e-01
2.667438369889594818e-01
9.535785216972669787e-02
2.987170783186461967e-02
7.477590340220272025e-02
2.519176852226919783e-01
1.113614256186211682e-01
1.055006048865512330e-01
2.236380901828488588e-01
9.701651188438768780e-02
4.570790906561663508e-02
2.835120840760433497e-02
4.208679567574441505e-02
2.338507907541043096e-01
1.567650813901570184e-01
2.363791389934700449e-01
2.519176852226919783e-01
2.519176852226919783e-01
2.519176852226919783e-01
2.519176852226919783e-01
5.390134277791115702e-02
4.277594026787543552e-02
9.245200573939568733e-02
6.006532719461477737e-02
5.946717673920796227e-02
8.736427730482879128e-02
2.519176852226919783e-01
2.519176852226919783e-01
2.306192191573690209e-01
8.237621546116022375e-02
2.580509296885896697e-02
6.459621090247558151e-02
1.529507376498619731e-01
2.482628837566378255e-01
2.519176852226919783e-01
1.272405290949744916e-01
1.598353299298595764e-01
1.135211928485452409e-01
1.417510076123552377e-02
5.340062042761075517e-02
1.843004769805623722e-01
1.940575980876096118e-01
2.256071454061579218e-01
2.544482963685631427e-01
2.544482963685631427e-01
2.544482963685631427e-01
1.120517555918994906e-01
1.180617236167026823e-01
2.541730395311948484e-02
4.795458481478310359e-02
4.967864172161804565e-02
2.020287032991772980e-02
1.795651118177345185e-01
1.883685321786255085e-01
2.544482963685631427e-01
2.544482963685631427e-01
4.806734601057300466e-02
8.386579929777761636e-03
1.938676759224833984e-02
2.522082347055384921e-01
2.544482963685631427e-01
2.043382735702299335e-01
1.084910247544290662e-01
1.504069615734433263e-01
8.736043119913498856e-02
6.041692136048994882e-02
3.212895101769924072e-02
1.108687037734167186e-01
8.401468854634180916e-02
1.782580637940128498e-01
2.544482963685631427e-01
2.544482963685631427e-01
2.544482963685631427e-01
1.203780366427918969e-01
5.431428995650175451e-02
2.421693822485512446e-02
6.873893516179019336e-02
3.881337052110177960e-02
1.578427800218308585e-02
1.402922257154216590e-01
1.471702401795647874e-01
2.487895814558206964e-01
2.036112083918268922e-01
3.755448309414061159e-02
6.552341669149363244e-03
1.514666600550356075e-02
2.309689183803832757e-01
2.902603040166004122e-01
2.914956825863606049e-01
1.371969351179661012e-01
1.128902911056694214e-01
6.407387503548410412e-02
2.642874834032302514e-02
1.715057824716853530e-02
1.467593262605611515e-01
6.563974220625938549e-02
1.392710436243761174e-01
2.914956825863606049e-01
2.914956825863606049e-01
2.199130807355677286e-01
9.405002183838434560e-02
4.243515095451762947e-02
1.892042462583899687e-02
5.370496590086032418e-02
6.776292839644905419e-02
1.104180817127837638e-01
2.914956825863606049e-01
2.914956825863606049e-01
2.914956825863606049e-01
1.898708057854253117e-01
4.989732102936346447e-02
1.375607134501229817e-02
6.912492475762913036e-02
1.698316134454467830e-01
2.134286123690481429e-01
2.630007037737248643e-01
1.008810060429040784e-01
8.300831304594430415e-02
4.711356685256232885e-02
1.943307785071199736e-02
1.261083264217423977e-02
1.079122391955346094e-01
2.506376086752060139e-01
1.165388228446067320e-01
2.280239428917370803e-01
2.497348001714752574e-01
2.105732529823419186e-01
7.512112259423796290e-02
5.008854438786588398e-02
2.814370148741459493e-02
9.203417896072096926e-02
4.982613046836111004e-02
8.119049568370816095e-02
2.285421479093601993e-01
2.630007037737248643e-01
2.630007037737248643e-01
1.396121414034581509e-01
3.668953639496260605e-02
1.011484925147632455e-02
5.082760738199973427e-02
2.630007037737248643e-01
2.630007037737248643e-01
1.251455016639541062e-01
1.963468695085869298e-01
2.630007037737248643e-01
2.017756933356389393e-01
3.395462132012010137e-02
5.547127426522321936e-02
2.064356547644954076e-01
1.995661555555003353e-01
9.279215904984164376e-02
1.815603887143714956e-01
1.988473088379439091e-01
1.676655581842808607e-01
5.981398289102226457e-02
3.988219602673804404e-02
2.240896862458996094e-02
7.328073137938025117e-02
1.563403559809413979e-01
1.586553786903154850e-01
2.663740714752807492e-01
2.663740714752807492e-01
1.540628858757350228e-01
1.022313102987463945e-01
7.723019718184691296e-02
1.029438954120272774e-02
2.575214919626277882e-02
2.663740714752807492e-01
2.663740714752807492e-01
9.964508831754741169e-02
1.563380296767986066e-01
2.663740714752807492e-01
1.606606431348483743e-01
2.703581986764112821e-02
4.416810792039152500e-02
1.643710623026234940e-01
8.068532404379517853e-02
8.581280514067185505e-02
2.663740714752807492e-01
2.663740714752807492e-01
2.663740714752807492e-01
2.462586805562287096e-01
7.465304263379594907e-02
2.704219276690657953e-02
1.050103703592241283e-01
1.473719294603096919e-01
1.495541514546518402e-01
2.583419067860563967e-01
2.583419067860563967e-01
1.452251058741247380e-01
9.636683603188482550e-02
7.279990569214525586e-02
9.703854387334388126e-03
2.427488341695763913e-02
2.583419067860563967e-01
2.583419067860563967e-01
1.035777207349263540e-01
1.728468519922871371e-01
1.110903907878500463e-01
4.837897647391534856e-02
3.467920384088345881e-02
1.511477727338738503e-02
8.490995994386593693e-02
7.605683004146382431e-02
8.089017443150792186e-02
2.583419067860563967e-01
2.583419067860563967e-01
2.583419067860563967e-01
2.321321112019572586e-01
7.037058898833793708e-02
2.549092395173050557e-02
9.898647598747387089e-02
2.583419067860563967e-01
2.583419067860563967e-01
2.213255635983938374e-01
1.839182127244412546e-01
1.932984240770207474e-01
4.215900374365421505e-02
2.439384217946459227e-03
1.263690834009892350e-02
2.263442800005598665e-01
2.684363032998497989e-01
2.684363032998497989e-01
1.462374316043363043e-01
2.440358748667042776e-01
1.568442837848546545e-01
6.830443084664601650e-02
4.896224461969608116e-02
2.133997728515797318e-02
1.198811324647252874e-01
7.187639816633897838e-02
7.116062914776861981e-02
1.045433343055078568e-01
2.684363032998497989e-01
2.684363032998497989e-01
2.684363032998497989e-01
9.857443451091907338e-02
3.087933128108213271e-02
7.729822164823586805e-02
2.684363032998497989e-01
2.684363032998497989e-01
2.684363032998497989e-01
2.596671066253056215e-01
2.684363032998497989e-01
5.952268868946718888e-02
3.444073495704503673e-03
1.784156868835541296e-02
2.684363032998497989e-01
6.350395904638300726e-02
7.324026520621795822e-02
5.964268751787159262e-02
6.596504529757177271e-02
1.205059837403689438e-01
1.013041413411711056e-01
1.424572340343207601e-02
4.177197081667852717e-03
2.399383935037155760e-02
8.180302151032974034e-02
8.098839988325494399e-02
1.189814854823942891e-01
2.707450892061393777e-01
2.707450892061393777e-01
2.707450892061393777e-01
1.121882397056684216e-01
3.514397862793772892e-02
8.797363598503404880e-02
2.083037430471904872e-01
2.707450892061393777e-01
2.707450892061393777e-01
1.732889875854224104e-01
2.176798752797805270e-01
1.546046115819779687e-01
1.930508209379076107e-02
7.272635154972473259e-02
2.509989803927457630e-01
7.227429114965300272e-02
8.335524793856914638e-02
6.787975155164671648e-02
7.507527028440122430e-02
1.371486862380565108e-01
1.152949377630089478e-01
1.621315546870173013e-02
4.754096635918934020e-03
2.730755305728495286e-02
2.282765529631191614e-01
2.707450892061393777e-01
2.707450892061393777e-01
1.436251056275492100e-01
1.883307398055500403e-01
2.185777265905669564e-01
1.009318056532581970e-01
2.495297179396461368e-02
4.690655585032940667e-02
1.707322844420340879e-01
2.769212672914872497e-01
1.383267294437018069e-01
7.344296477633678599e-02
1.018179449033481537e-01
5.913861617517568448e-02
4.089921574081202549e-02
2.174968319485068302e-02
7.505253383365012576e-02
5.687371674818648970e-02
1.206717397126181868e-01
2.942454970444159934e-01
2.846034041952680282e-01
1.905442319330598322e-01
8.148987370165125532e-02
3.676804134863933399e-02
1.639364864572495292e-02
4.653280034249247105e-02
1.122958897949462125e-02
3.756797317387624083e-03
2.749916996347004719e-02
9.210017834029710082e-02
2.942454970444159934e-01
2.942454970444159934e-01
3.617585676434764003e-02
1.286956956386484802e-02
3.637295407007279380e-02
1.938252862719146985e-01
1.557398920390468955e-01
2.942454970444159934e-01
2.942454970444159934e-01
2.942454970444159934e-01
2.919958746013101014e-01
7.515251867601306646e-02
4.467100137193880105e-02
1.267997270369800589e-01
4.832302285069783182e-02
1.025293152790519441e-01
2.546605668936872680e-01
2.418146305648796734e-01
1.618968092860489649e-01
6.923825721502432917e-02
3.124014050518960153e-02
1.392894122993884945e-02
3.953681424080524032e-02
4.988608162174579946e-02
8.128818466365421436e-02
2.288171314418036562e-01
2.546605668936872680e-01
2.546605668936872680e-01
1.397801237216708403e-01
3.673368150523610709e-02
1.012701950979737198e-02
5.088876351950613608e-02
1.646845726476885707e-01
1.323251370240023927e-01
2.502133584769590247e-01
2.546605668936872680e-01
2.546605668936872680e-01
2.480956780641301873e-01
6.385369349690467322e-02
3.795492792597530279e-02
1.077359887379896741e-01
1.535791559750961932e-01
2.243277025167154659e-01
2.546605668936872680e-01
2.546605668936872680e-01
2.546605668936872680e-01
1.587266584546836445e-01
4.281480154317382492e-02
1.629042435217714982e-02
6.304549314553739570e-02
4.232238857273426524e-02
6.896332656056292087e-02
1.941240368888192125e-01
2.620522018064120884e-01
2.620522018064120884e-01
1.185867584419510873e-01
3.116414622739132126e-02
8.591567845057504482e-03
4.317304453753070120e-02
2.620522018064120884e-01
2.620522018064120884e-01
1.062987733497547660e-01
1.667773200180378557e-01
2.620522018064120884e-01
1.713885709689280945e-01
2.884110533653964567e-02
4.711738202444264167e-02
1.753467490668891571e-01
1.302935910087042459e-01
1.903152920593910447e-01
2.473563417240249585e-01
2.620522018064120884e-01
2.196048850005477837e-01
1.346606327373384149e-01
3.632325106858717845e-02
1.382048152579369756e-02
5.348657926065655127e-02
2.620522018064120884e-01
2.620522018064120884e-01
2.129944294592570619e-01
5.879572624541624243e-02
1.281475723279315027e-01
1.116382474475647868e-01
6.535643064766644139e-02
3.198933069929296019e-02
1.379272371230892691e-01
2.475748435569186945e-01
2.475748435569186945e-01
8.844473005170902513e-02
1.387652423721677242e-01
2.475748435569186945e-01
1.426019832178053171e-01
2.399692579226774675e-02
3.920350162634017588e-02
1.458953419494144199e-01
7.161609091505471980e-02
7.616723025484128939e-02
2.475748435569186945e-01
2.475748435569186945e-01
2.475748435569186945e-01
2.185785861845656597e-01
6.626185309047574745e-02
2.400258236164509035e-02
9.320694091267139880e-02
2.475748435569186945e-01
2.475748435569186945e-01
1.772196820565213882e-01
4.892034001991631825e-02
1.066237839267776266e-01
9.288738099035212525e-02
5.437910225696349770e-02
2.661637222213854986e-02
1.147608469007590226e-01
1.257130389862551878e-01
2.475748435569186945e-01
2.475748435569186945e-01
2.475748435569186945e-01
2.475748435569186945e-01
1.129885743547571347e-01
4.015122877022241771e-02
4.438235050176904395e-02
1.360991277754406148e-01
8.178087660084472355e-02
8.697797909533586114e-02
2.512078440407203295e-01
2.512078440407203295e-01
2.512078440407203295e-01
2.496024029788168064e-01
7.566668833353423773e-02
2.740937408253133964e-02
1.064362105739987685e-01
2.512078440407203295e-01
2.512078440407203295e-01
2.379825532484721173e-01
1.977599204603394389e-01
2.078460876947210711e-01
4.533189564822387441e-02
2.622972579861256124e-03
1.358796364526902722e-02
2.433789788759458950e-01
1.435560416254291760e-01
2.512078440407203295e-01
2.512078440407203295e-01
2.512078440407203295e-01
2.512078440407203295e-01
1.290255379558746252e-01
4.585006865739980897e-02
5.068173204183661074e-02
1.554162735199801082e-01
9.165017992505504474e-02
8.396784398160887786e-02
1.029310529991648848e-01
9.732855708943909112e-02
8.231793647491732202e-02
1.464702341839461408e-01
6.025554467732218561e-02
3.289017169325823831e-02
5.220883820155081817e-02
2.688504196519814204e-01
2.688504196519814204e-01
2.688504196519814204e-01
2.688504196519814204e-01
2.688504196519814204e-01
6.744229752548781820e-02
3.902314134510062420e-03
2.021542390463989050e-02
2.688504196519814204e-01
7.195328360243288812e-02
8.298502412505184833e-02
6.757826243006700984e-02
7.474182213862859414e-02
1.365395379133420295e-01
1.147828532501140031e-01
1.614114445085681679e-02
4.732981231311454186e-03
2.718626607559250855e-02
1.363520897236564777e-01
1.249227334397450401e-01
1.531351513479763671e-01
1.448000665114378693e-01
1.224680919259792528e-01
2.179103470350596539e-01
8.964488057643156538e-02
4.893218589873837843e-02
7.767343388356631739e-02
1.815036791366013147e-01
1.803175924887309434e-01
2.688504196519814204e-01
2.688504196519814204e-01
2.688504196519814204e-01
2.282459166761928449e-01
9.454266956834747604e-02
2.128856672020132748e-02
7.026912293606686621e-02
7.311702108041528980e-02
8.432718361869211143e-02
6.867124043953952428e-02
7.595066008514972378e-02
1.387478621140013080e-01
1.166392953952003902e-01
1.640220348519885046e-02
4.809530172036630830e-03
2.762596354504196633e-02
2.309382945120597719e-01
2.606141385234436170e-01
2.606141385234436170e-01
1.452997976016373038e-01
1.905267067087481336e-01
2.211263782544682088e-01
1.021086868407022757e-01
2.524392748315565371e-02
4.745349388230808707e-02
1.844392315287622097e-01
1.832339616912560809e-01
2.606141385234436170e-01
2.606141385234436170e-01
2.606141385234436170e-01
2.319374553264672290e-01
9.607175680852274302e-02
2.163287766341990062e-02
7.140562161703725708e-02
1.310808266902481478e-01
1.371642506756906854e-01
2.223394661357093460e-01
2.606141385234436170e-01
2.606141385234436170e-01
2.581901115808553082e-01
7.088853462676050765e-02
2.847846304379022392e-02
2.527663079256324899e-02
1.000930024279225554e-02
3.348556422653817255e-03
2.451091033648263376e-02
8.209190372916330691e-02
3.025876761774051737e-01
3.025876761774051737e-01
3.224472530168227824e-02
1.147106862018216697e-02
3.242040458198815894e-02
1.727628222620899989e-01
1.388160637085959215e-01
2.624870398190403686e-01
3.025876761774051737e-01
2.969018481078625205e-01
2.602654811211765895e-01
6.698589991172769487e-02
3.981672576746817654e-02
1.130207473251932382e-01
5.674041539040194232e-02
9.102439173469116518e-02
1.217435505387061134e-01
2.254563253341907991e-01
3.025876761774051737e-01
3.025876761774051737e-01
5.898416876633072459e-02
1.244660875535308353e-02
2.832131261286431612e-02
1.499409497661889079e-01
2.029176256643936971e-01
1.513964381898582900e-01
9.398295851792939914e-02
1.894829108607349322e-01
1.206080896085419824e-01
8.157305547057457085e-02
3.496620067365106832e-02
6.668566072401310718e-02
1.847982733759639951e-01
1.484866278190308531e-01
2.462729687852809601e-01
2.462729687852809601e-01
2.462729687852809601e-01
2.462729687852809601e-01
7.165244513916903257e-02
4.259054162793091125e-02
1.208942913057510921e-01
1.723364999795806984e-01
2.462729687852809601e-01
2.462729687852809601e-01
2.462729687852809601e-01
2.462729687852809601e-01
1.781126911256771250e-01
4.804397444707539377e-02
1.828005042879374265e-02
7.074553548106744805e-02
1.603865244983561922e-01
2.170537987822548920e-01
1.619434089257520415e-01
1.005302427540239324e-01
2.026831600851847492e-01
1.290102026755491349e-01
8.725580890369478981e-02
3.740210669402857513e-02
7.133128991165552102e-02
2.462729687852809601e-01
2.462729687852809601e-01
2.089379972057881230e-01
8.961989078812804266e-02
1.866771004670881445e-02
4.389097744974924942e-02
3.667234390392822702e-02
1.675257873937653283e-02
1.004123772768415052e-01
1.491420461620772686e-01
2.178465713772116674e-01
2.654509932482517764e-01
2.654509932482517764e-01
2.513732382583680480e-01
1.541408303236110888e-01
4.157782394121018604e-02
1.581977193002808910e-02
6.122402346414364260e-02
2.654509932482517764e-01
2.654509932482517764e-01
2.438065048691126502e-01
6.730119916060123275e-02
1.466855813837666944e-01
1.277879942165828508e-01
7.481098434067794123e-02
3.661695252170295289e-02
1.578799863198591946e-01
2.654509932482517764e-01
2.654509932482517764e-01
1.808174149293376165e-01
7.755811386761944648e-02
1.615525715014752214e-02
3.798377120160150583e-02
3.173668032041545434e-02
1.449787985701210188e-02
8.689805937129403690e-02
5.162831280372221637e-02
1.589692472141785162e-01
2.654509932482517764e-01
2.654509932482517764e-01
1.630266186014845131e-01
1.651111750194807770e-01
6.776623408500739854e-02
3.269577634633491492e-02
6.007792159108735902e-02
2.617046128259604143e-01
2.617046128259604143e-01
1.861314766234552220e-01
5.138038291889297782e-02
1.119855431133307822e-01
9.755838168079757067e-02
5.711364834363227838e-02
2.795482198464908224e-02
1.205317922045697349e-01
1.320347339855337532e-01
2.617046128259604143e-01
2.617046128259604143e-01
2.617046128259604143e-01
2.617046128259604143e-01
1.186703979049155006e-01
4.217030192427571877e-02
4.661419284275276909e-02
1.429431049985053492e-01
3.941508493751383346e-02
1.213633768203972868e-01
2.617046128259604143e-01
2.617046128259604143e-01
1.244609337454450904e-01
1.260523661167628484e-01
5.173540887362566149e-02
2.496124184201183732e-02
4.586584867463036619e-02
7.346433526739520881e-02
1.838742275502007195e-01
2.617046128259604143e-01
2.617046128259604143e-01
2.373711347265198279e-01
1.494349846891953326e-01
9.671169455113377833e-02
2.858274886667221473e-02
1.319773898085995628e-02
1.455897541587044264e-01
2.592858990041501110e-01
2.592858990041501110e-01
2.592858990041501110e-01
2.592858990041501110e-01
1.308534014904384202e-01
4.649961191746952022e-02
5.139972393193428107e-02
1.576180061656685671e-01
9.294855871483005683e-02
8.515738957484186855e-02
1.043892443102196754e-01
9.870737963258816028e-02
8.348410835613434555e-02
1.485452311512551749e-01
6.110916570937417053e-02
3.335611623754069360e-02
5.294846411625300786e-02
8.100636997674086348e-02
2.027512214179069960e-01
2.592858990041501110e-01
2.592858990041501110e-01
2.592858990041501110e-01
1.647763586662991664e-01
1.066403620392340629e-01
3.151712625205674995e-02
1.455265228833401911e-02
1.846163866808425702e-01
2.217510303020537310e-01
2.592858990041501110e-01
2.322781041834762750e-01
1.953575015313263885e-01
1.758100733693756801e-01
1.071343753951647243e-01
6.143589524793660606e-02
1.097652524860351225e-01
1.008166416298224288e-01
9.236595107663800319e-02
1.132257797124104626e-01
1.070629459588352400e-01
9.055102682923885093e-02
1.611195648632022803e-01
6.628204831579000145e-02
3.617970696243075907e-02
5.743054443732965170e-02
1.342010335968784884e-01
1.333240593402857943e-01
2.129246746953084024e-01
2.605156987518158496e-01
2.605156987518158496e-01
1.687615263664107024e-01
6.990339829713031194e-02
1.574043937421766223e-02
5.195591060646792547e-02
2.002441388262817257e-01
2.405222250040020271e-01
2.605156987518158496e-01
2.519404142646893274e-01
2.118944875950918016e-01
1.906923722848986869e-01
1.162032857721535251e-01
6.663643546557020125e-02
1.190568662526873406e-01
6.714633754349266792e-02
1.986197580039052724e-01
2.321558903169159138e-01
2.605156987518158496e-01
2.605156987518158496e-01
2.605156987518158496e-01
1.154835926794734458e-01
1.419755062287580798e-02
5.494667052004405250e-02
1.371132455034616560e-01
1.362172405821761578e-01
2.175452186377319075e-01
2.724666293001187789e-01
2.724666293001187789e-01
1.724237137079308868e-01
7.142032781231598404e-02
1.608201271185783973e-02
5.308337302184716611e-02
9.744628310259434434e-02
1.019687374606171454e-01
1.652885102192591382e-01
2.212366238625867731e-01
2.154725655305582688e-01
1.919400978974007410e-01
5.269896741108422156e-02
2.117106248230894022e-02
1.879080093011891925e-02
6.860343782384520361e-02
2.029298799801572961e-01
2.371937587285349591e-01
2.724666293001187789e-01
2.724666293001187789e-01
2.724666293001187789e-01
1.179896292173618494e-01
1.450564270577626470e-02
5.613903352818781084e-02
2.965876933218376463e-02
1.124592250837885693e-01
1.006150853959851404e-01
1.583271056065349291e-01
2.724666293001187789e-01
2.724666293001187789e-01
6.730422843171172953e-02
2.030943181175968310e-02
4.057827725489118742e-02
6.008087664907742903e-02
9.638324312998199084e-02
1.289109216492274890e-01
2.387295471659365009e-01
2.687354132618281488e-01
2.687354132618281488e-01
6.245672583669074213e-02
1.317937417596333136e-02
2.998866465685576591e-02
1.587683778055628825e-01
2.148639334693412117e-01
1.603095547575636992e-01
9.951598871773924271e-02
2.006382807775088650e-01
1.277086130722519253e-01
8.637548121378361976e-02
3.702475519620329614e-02
7.061162539355313184e-02
9.003552983647011843e-02
1.708225449652145955e-01
1.812003707276958198e-01
2.406874483010072452e-01
2.687354132618281488e-01
2.687354132618281488e-01
1.525133690113788798e-01
3.372596852244588717e-02
9.163432519888776995e-02
9.386715721246879918e-02
1.402276299842491747e-01
1.952480642035745451e-01
2.687354132618281488e-01
2.687354132618281488e-01
2.199175383401851813e-01
7.411979067773513674e-02
2.830024123412697851e-02
1.254786662379722972e-01
1.769472031285239944e-01
2.394656455276893692e-01
1.786648433472624031e-01
1.109104729390056471e-01
2.236111693952936019e-01
1.423311254476145593e-01
9.626539006638301643e-02
4.126405376837523342e-02
7.869658803877072062e-02
2.506653392455645002e-01
2.506653392455645002e-01
2.305118484765126541e-01
9.887357475475165580e-02
2.059524072805272998e-02
4.842293158107458667e-02
4.045893946678782993e-02
1.848236291917051619e-02
1.107804372854613584e-01
1.046148557032737653e-01
1.562835576580732244e-01
2.176037782497926010e-01
2.506653392455645002e-01
2.506653392455645002e-01
2.450978832564620069e-01
8.260643484660801228e-02
3.154059141659783239e-02
1.398458518628815095e-01
1.624209086434712790e-01
2.074684849985385660e-01
2.506653392455645002e-01
2.506653392455645002e-01
1.518638737376058478e-01
1.773591558023291381e-01
9.089222389249604350e-02
3.520494976902720230e-02
1.384138020825945725e-01
2.675153939730419705e-01
2.675153939730419705e-01
1.828751868543393999e-01
7.844075511838198567e-02
1.633911020776229392e-02
3.841604116860048573e-02
3.209785598362039499e-02
1.466287132176380750e-02
8.788699280439983552e-02
5.221586291699104043e-02
1.607783785635225060e-01
2.675153939730419705e-01
2.675153939730419705e-01
1.648819244021852148e-01
1.669902038762527685e-01
6.853743996701672225e-02
3.306786689224786024e-02
6.076163151145598518e-02
1.288556497791169819e-01
1.645938732054387788e-01
2.675153939730419705e-01
2.010375408329785896e-01
1.204802897106533599e-01
1.407068182049811544e-01
7.210879847523460340e-02
2.792963489624905246e-02
1.098097563590236525e-01
1.101270749926240161e-01
2.675153939730419705e-01
2.675153939730419705e-01
2.675153939730419705e-01
2.675153939730419705e-01
2.071126054707299047e-01
5.202335445926574431e-02
4.466413086680833672e-02
1.276425374065061902e-01
4.110587610678039655e-02
1.265695085876028803e-01
2.570915653253564304e-01
2.570915653253564304e-01
1.297999415905146392e-01
1.314596417279471907e-01
5.395470568855315757e-02
2.603200567132512092e-02
4.783335862755634660e-02
7.661573908963913160e-02
1.917618908824112456e-01
2.570915653253564304e-01
2.570915653253564304e-01
2.475536579678283000e-01
1.558453058363533927e-01
1.008603416838519951e-01
2.980886469145728121e-02
1.376388315024330844e-02
8.669530000577417572e-02
2.570915653253564304e-01
2.570915653253564304e-01
2.570915653253564304e-01
2.570915653253564304e-01
1.630451863673405555e-01
4.095432773870413823e-02
3.516092863861546708e-02
1.004839915588103400e-01
3.176331808955767944e-02
6.809711218683063561e-02
1.367106251865493893e-01
2.514585895982096586e-01
2.570915653253564304e-01
2.514001349699389598e-01
7.880247973840513731e-02
4.015166160188226446e-02
4.747218028702786946e-02
8.027458189846573000e-02
2.009196256220214527e-01
2.489532233809007844e-01
2.489532233809007844e-01
2.489532233809007844e-01
1.632878167789363899e-01
1.056770039030077157e-01
3.123240966422088927e-02
1.442118784356326983e-02
1.829486157281870751e-01
2.197477957370823354e-01
2.489532233809007844e-01
2.301797710828247523e-01
1.935926984588854372e-01
1.742218560999272692e-01
1.061665544853999110e-01
6.088090116866224505e-02
1.087736649948143203e-01
3.328019946872805973e-02
7.134914149813355311e-02
1.432393449221740223e-01
2.489532233809007844e-01
2.489532233809007844e-01
2.489532233809007844e-01
8.256575200771304468e-02
4.206913469631532593e-02
4.973925031110338485e-02
4.939411806963952406e-02
2.125209385706796072e-01
2.357823669557110591e-01
2.489532233809007844e-01
1.761813891897974771e-01
1.122643497504317023e-01
5.311228343246454653e-02
1.877462604713159289e-02
3.431056800196295720e-02
1.645166281081145432e-01
1.976083079118126917e-01
2.415519294749423063e-01
2.069892666119232949e-01
1.740883244731748769e-01
1.566690854380765885e-01
9.547032368774237276e-02
5.474717879982581026e-02
9.781476903053382133e-02
5.516610427258533678e-02
1.631820689183811346e-01
1.907346926319295755e-01
2.530853617345302786e-01
2.530853617345302786e-01
2.245680374345688513e-01
9.487903806223330072e-02
1.166442708166411449e-02
4.514309888274617433e-02
4.441768373511219281e-02
1.911095532308700329e-01
2.120274035663407275e-01
2.530853617345302786e-01
1.584311964840037501e-01
1.009537689267439586e-01
4.776124567355932021e-02
1.688309123832842235e-02
3.085379429458801753e-02
1.934092461167562227e-01
1.841172293337917931e-01
2.530853617345302786e-01
2.530853617345302786e-01
2.530853617345302786e-01
2.155811077043754687e-01
3.689391059150867735e-02
6.636557950413322221e-03
5.236474607521755809e-02
5.458867024426426046e-02
1.614740113956001644e-01
1.887382365950335816e-01
2.588843481784523504e-01
2.588843481784523504e-01
2.222174413901705781e-01
9.388592125846562109e-02
1.154233332125388471e-02
4.467057754410028170e-02
2.359987823179516067e-02
8.948530494619950926e-02
8.006076506519992086e-02
1.259829890868799374e-01
2.588843481784523504e-01
2.588843481784523504e-01
5.355487200710398743e-02
1.616048570142019497e-02
3.228867628813862634e-02
1.913847950236011453e-01
1.821900395345592283e-01
2.588843481784523504e-01
2.588843481784523504e-01
2.588843481784523504e-01
2.133245795501204356e-01
3.650773506408504926e-02
6.567091845419610781e-03
5.181663439202136706e-02
2.451477653589384242e-01
1.729975251221851362e-01
5.384406569015408317e-02
1.376489636102278258e-01
2.588843481784523504e-01
2.538097865634176831e-01
7.465090046926103895e-02
1.586024358105456167e-02
4.804390559645515396e-02
1.947661333613893986e-02
3.695257487155950704e-02
3.919752083914346263e-02
5.206584971438465992e-02
8.023297674181596728e-02
7.935681495428870136e-02
3.299190799700588844e-02
7.295649278585111981e-03
1.982246701339255082e-02
2.030547639704427879e-02
3.033423952973829732e-02
4.223633778831040186e-02
7.139499467374585406e-02
6.494202918853089757e-02
4.757287337417664963e-02
1.603369809904813328e-02
6.121948266841636781e-03
2.714372280243397204e-02
9.447207610376946035e-03
2.266685981168460248e-02
3.630781328103199201e-01
3.630781328103199201e-01
3.630781328103199201e-01
3.630781328103199201e-01
1.721991664867380048e-02
1.563809988132342215e-03
6.573518237510656524e-04
4.460400652601342192e-02
4.627076913629109972e-02
7.406916133764715471e-02
3.630781328103199201e-01
3.630781328103199201e-01
3.630781328103199201e-01
1.704365300745588896e-01
3.895556635301311577e-02
1.213895030979396210e-02
1.842249172769751600e-02
2.752125908673307142e-02
3.831964186896144597e-02
6.477433343881289218e-02
5.891976982523550177e-02
4.316130530806671500e-02
1.454684760004498409e-02
5.554242564813646407e-03
2.462660806419413387e-02
2.860203577947321649e-02
3.653483458873524325e-02
8.192647363575038255e-02
4.462422055826728573e-02
2.674296053710079751e-02
3.123263477863378462e-02
1.600596044906784157e-02
6.199529613016658766e-03
2.437442662157172230e-02
4.046774993997478975e-02
4.197994890539014090e-02
6.720051701022505819e-02
3.915627963928183797e-01
3.915627963928183797e-01
3.915627963928183797e-01
1.546314651279532548e-01
3.534310571460515943e-02
1.101327086803354297e-02
1.142051499125388767e-02
2.063746738796084362e-02
1.093159234224729132e-01
3.915627963928183797e-01
3.915627963928183797e-01
3.915627963928183797e-01
8.928803180624819702e-02
6.732674380982941499e-04
3.916930387693795361e-03
3.306046034744481582e-02
4.222980698066879784e-02
9.469699828095920480e-02
5.158014924801268553e-02
3.091159640617672372e-02
3.610111152949077584e-02
1.850093555679495003e-02
7.165899117259338404e-03
2.817386045620200175e-02
2.825527481499521751e-02
9.540102492514668242e-02
1.150094783346936878e-01
1.161448094703191880e-01
9.763214139058594421e-02
5.313882699251847030e-02
1.334761844117726866e-02
1.145946436967571272e-02
3.274921242342717503e-02
1.320072060348643182e-02
2.385439195698856388e-02
1.263558573074249070e-01
4.100867761404804468e-01
4.100867761404804468e-01
4.100867761404804468e-01
1.032060604983351670e-01
7.782149358909852066e-04
4.527493174418977147e-03
1.166560802524827488e-02
1.106173734590178495e-02
9.163633093329332999e-03
7.476809440695553199e-02
4.100867761404804468e-01
4.100867761404804468e-01
2.377985052806487476e-01
1.859433549907159311e-02
2.512071911056864421e-02
3.453311217561077368e-02
1.165974961128293658e-01
1.405626114980374486e-01
1.419501937360347077e-01
1.193243283833467505e-01
6.494536278370027782e-02
1.631323028795335708e-02
1.400556077198052141e-02
4.002552562967554017e-02
1.265219944545144075e-02
2.712494464897578436e-02
5.445558588355486895e-02
1.001628425247676896e-01
1.761647615434067671e-01
1.001395584455255228e-01
3.138918571527399282e-02
1.599350638434396052e-02
1.890946945178764715e-02
1.425750601154335967e-02
1.351946562630641953e-02
1.119963516971847137e-02
9.138028237976242307e-02
3.274505380962189349e-01
3.274505380962189349e-01
2.906332538549972755e-01
2.272567787164485320e-02
3.070211196519283259e-02
1.421163858178071948e-01
3.274505380962189349e-01
3.274505380962189349e-01
3.274505380962189349e-01
2.100953059103599918e-01
3.274505380962189349e-01
2.272416495894842292e-01
3.157294644524345772e-02
1.145659992153706397e-01
1.176740520271615797e-02
2.522804166673934395e-02
5.064739513519705277e-02
9.315824962501094431e-02
1.638451986517170944e-01
9.313659384915981554e-02
2.919407561408067162e-02
1.487504769808724835e-02
1.758709149084463144e-02
1.746505763892486698e-02
7.514438128811838646e-02
8.336929152814977206e-02
1.120134152568897090e-01
6.229523346823313823e-02
3.969507738600300262e-02
1.877974802941303339e-02
6.638440747137454127e-03
1.213172886159616035e-02
1.321778956357584356e-01
3.097770807149152206e-01
3.097770807149152206e-01
3.097770807149152206e-01
1.954029104974799314e-01
3.097770807149152206e-01
2.113501752151431545e-01
2.936498557951557065e-02
1.065541640434695958e-01
1.576926352619724414e-02
8.622865320646826148e-02
3.097770807149152206e-01
3.097770807149152206e-01
3.097770807149152206e-01
3.097770807149152206e-01
1.744109012008305815e-01
3.137270939646680940e-02
1.757790573999415754e-02
1.660893222593700161e-02
7.146085411093763828e-02
7.928258476681802891e-02
1.065225927597880651e-01
5.924156290024698568e-02
3.774925131297957037e-02
1.785917737514526940e-02
6.313028833604921244e-03
1.153703964861912262e-02
7.232076935347785118e-02
6.884624155254870370e-02
1.393370385523414190e-01
1.677813054282394079e-01
1.339301964623074437e-01
8.061140757378021382e-02
1.379559691177127505e-02
2.481582377623722194e-03
1.958054642782224020e-02
1.499626480337646998e-02
8.200178245321952664e-02
3.222427761979169136e-01
3.222427761979169136e-01
3.222427761979169136e-01
3.222427761979169136e-01
1.658613957879564449e-01
2.983484022111768108e-02
1.671624858877042777e-02
5.090263578412042300e-02
1.162174176731479019e-01
3.222427761979169136e-01
3.222427761979169136e-01
3.222427761979169136e-01
3.120886466517220903e-01
1.107867274132218194e-01
1.497549129952172736e-02
2.238169266582486217e-02
5.288377762773405905e-02
5.034306688546262565e-02
1.018886970918912033e-01
1.226882585138214105e-01
9.793500249884715125e-02
5.894621684061806394e-02
1.008788050578008320e-02
1.814630178804168322e-03
1.431806205016094603e-02
6.773965459261950539e-02
4.780297540137277978e-02
1.487828537361115568e-02
3.803539973671193203e-02
9.869471654281934681e-02
7.013315927583067821e-02
2.062766595245809839e-02
4.382529942144846105e-03
1.327557510311863469e-02
3.722199992530238200e-02
8.498272526190552012e-02
3.787455167548567925e-01
3.787455167548567925e-01
3.787455167548567925e-01
2.282114354868440831e-01
8.101159195347340525e-02
1.095066547037346245e-02
1.636636983335477621e-02
2.317580667848227055e-02
3.120817155098425458e-02
2.412358617185705184e-02
3.787455167548567925e-01
3.787455167548567925e-01
3.787455167548567925e-01
3.917707463217332681e-02
7.088621537430118448e-03
5.596903857919135333e-03
4.267088524137378075e-03
1.023810435524141749e-02
2.519968166451018177e-01
2.938246873401993420e-01
2.784883982143099290e-01
1.780246499178529118e-01
7.777844178786532357e-03
7.063373569732183700e-04
2.969108480656146971e-04
2.014661392310678617e-02
2.089945263482991672e-02
3.345535330346606495e-02
2.281202528735074564e-01
2.938246873401993420e-01
2.691041575559215970e-01
7.698229906328131478e-02
1.759534213619149204e-02
5.482887398928341406e-03
0.000000000000000000e+00
2.166036428084308629e-02
1.904758686411027468e-01
2.938246873401993420e-01
2.938246873401993420e-01
2.938246873401993420e-01
7.468743906302240110e-02
4.722738701894137192e-03
1.718919408328066414e-03
0.000000000000000000e+00
7.729897132642292445e-02
2.938246873401993420e-01
2.243332511499958326e-01
1.831907302023770279e-01
1.553593787821522798e-01
1.352606403334751517e-01
4.137323650797593982e-02
5.165461309320591374e-03
2.294133551964723863e-02
2.379860739390550137e-02
3.809625220359594971e-02
2.597649054065395147e-01
2.819637838351293779e-01
2.819637838351293779e-01
8.766121982706945315e-02
2.003615342359762672e-02
6.243468997586463370e-03
6.474337382487042186e-03
1.169946597785274933e-02
6.197165102074804477e-02
2.819637838351293779e-01
2.819637838351293779e-01
2.819637838351293779e-01
5.061775607970335489e-02
3.816781070056181118e-04
2.220524105354824886e-03
0.000000000000000000e+00
8.802182060426336219e-02
2.819637838351293779e-01
2.554525739406092733e-01
2.086027965643282023e-01
1.769107031270144292e-01
1.540238843279558290e-01
4.711249760807576653e-02
5.882009823743417770e-03
2.980041115106335514e-02
8.621233823941454322e-02
2.409304922833407914e-01
2.819637838351293779e-01
2.819637838351293779e-01
1.776144206279223758e-01
8.423905413392863972e-02
1.830226140260214629e-02
9.900729284412684850e-03
6.975233253129594496e-03
1.260461099128396684e-02
6.676617164260507942e-02
2.913235143447214792e-01
2.913235143447214792e-01
2.913235143447214792e-01
5.453386725891036513e-02
4.112071501214312045e-04
2.392317956883646679e-03
6.164082966364469764e-03
5.844998958022142206e-03
4.842044627108319475e-03
3.950730524838087787e-02
2.913235143447214792e-01
2.913235143447214792e-01
1.256522345560451281e-01
9.825208122253365622e-03
1.327373561987884969e-02
3.210596027635220090e-02
9.288227242285268526e-02
2.595704057705561230e-01
2.913235143447214792e-01
2.913235143447214792e-01
1.913558005720302768e-01
9.075632252291558622e-02
1.971824061690474750e-02
1.066671260006854527e-02
5.705056565639835681e-02
4.908074044287322191e-02
4.208104122111442497e-02
2.191906758775317987e-01
2.913235143447214792e-01
2.913235143447214792e-01
1.783681537281652518e-01
2.478105256025690123e-02
2.265752543823412041e-02
5.726359670000437385e-03
5.429934426102195170e-03
4.498201796490213476e-03
3.670181609806517919e-02
3.030587729950710019e-01
3.030587729950710019e-01
1.167294295572315066e-01
9.127501340854875245e-03
1.233114231892838177e-02
5.707937556080464048e-02
2.215412426853575201e-01
2.180366493239480896e-01
1.660116953673752838e-01
8.438230961624246240e-02
1.610037014848491044e-01
9.126893697257036642e-02
1.268090274980389863e-02
4.601408668031022053e-02
5.299929610100495569e-02
4.559542338729943162e-02
3.909278616707824450e-02
2.036255276306773165e-01
3.030587729950710019e-01
3.030587729950710019e-01
1.657018906940212477e-01
2.302130272021805923e-02
2.104857131214694921e-02
2.001761160145472743e-02
3.484085833112155611e-02
3.030587729950710019e-01
3.030587729950710019e-01
3.030587729950710019e-01
3.030587729950710019e-01
3.061723292641035238e-02
1.278312998048389791e-03
7.177492254871154452e-05
5.191177200638182748e-02
2.014843079010492921e-01
1.982969981282091121e-01
1.509820525475737418e-01
7.674287209929228637e-02
1.464274505729583342e-01
8.300602802386573831e-02
1.153285448404510818e-02
4.184826398960141136e-02
6.193247433264804924e-03
3.386558822215479658e-02
1.673307421042583565e-01
1.932655528457596639e-01
2.862576004097993621e-01
2.505242880069619149e-01
6.849843459087200104e-02
1.232137135773301792e-02
6.903576658829680725e-03
1.820534438853579212e-02
3.168658865696840493e-02
3.110436316010758429e-01
3.110436316010758429e-01
3.110436316010758429e-01
3.110436316010758429e-01
2.784534342792477357e-02
1.162582671157500998e-03
6.527687765531512592e-05
1.930161975057047632e-02
4.342651515413353119e-02
3.911247344931712000e-02
2.170400327163753695e-01
3.110436316010758429e-01
3.110436316010758429e-01
9.332511333876612747e-02
7.871920914997970753e-03
9.291028825213759959e-03
6.673628635524047475e-03
3.649238331805156055e-02
1.803098042090967579e-01
2.082562567747970328e-01
3.084612620142275774e-01
2.699562838967956568e-01
7.381153740425223930e-02
1.327708243662821183e-02
7.439054772855105933e-03
2.265265999544573833e-02
5.171900447873863799e-02
2.375684427167352730e-01
3.047747404919510794e-01
2.584521874518976858e-01
1.388854995843988860e-01
4.930224200458280248e-02
6.664384023482122256e-03
9.960287247829654328e-03
2.079875601086710740e-02
4.679490658116145646e-02
4.214624486267901093e-02
2.338748117201451815e-01
3.112354893195947714e-01
3.112354893195947714e-01
1.005639053666543686e-01
8.482508958505696403e-03
1.001169042405587913e-02
4.234899281716771047e-02
2.316465664434554442e-02
8.875185012895063508e-02
1.863912309178830662e-01
3.112354893195947714e-01
3.112354893195947714e-01
7.700233972507859737e-02
3.487088235951203187e-03
1.094904511338779494e-02
2.152196174952209981e-02
4.913747155250465515e-02
2.257103111983781163e-01
2.895620341455280577e-01
2.455516523683472507e-01
1.319530867553589393e-01
4.684134078742366314e-02
6.331734024452086509e-03
9.463123589244714154e-03
1.340037681611924540e-02
1.804473364517504910e-02
1.394838804722796193e-02
3.139767040764147032e-01
3.139767040764147032e-01
3.139767040764147032e-01
2.265239652312844854e-02
4.098679326515801413e-03
3.236160093160544027e-03
4.023516018538710742e-02
2.200840229538825882e-02
8.432183787946394282e-02
1.770875889660430136e-01
3.139767040764147032e-01
3.139767040764147032e-01
7.315879947520652349e-02
3.313031654844892857e-03
1.040252801090467069e-02
2.181819878408716024e-02
1.004801615496852228e-02
2.756756248129086165e-02
2.058604868378473007e-01
3.139767040764147032e-01
3.139767040764147032e-01
2.897005209087456096e-02
8.036460794723023979e-03
1.805816632595269935e-02
0.000000000000000000e+00
3.262609041860286413e-02
2.869057432400972663e-01
3.708270056936200931e-01
3.708270056936200931e-01
3.708270056936200931e-01
1.124985299605134048e-01
7.113661520813343263e-03
2.589135589377076444e-03
0.000000000000000000e+00
1.164321705333158236e-01
3.708270056936200931e-01
3.379036862455772061e-01
2.759324473928007615e-01
2.340112600972000245e-01
2.037373806081858862e-01
6.231875594139010821e-02
7.780515855900864072e-03
7.215964568198358908e-02
3.498697659241337826e-02
4.394851031136110669e-02
2.601014336009109876e-02
4.836876255116934198e-02
3.697769937284242636e-02
1.625043851962554992e-02
8.238127795563153152e-03
2.739624436523081102e-02
4.905470583128379580e-02
5.601178606166405324e-03
2.602306685414347912e-02
4.478482518172910432e-02
9.706845390164584031e-02
1.217496466427166052e-01
4.748707883717181999e-02
2.218848681448237770e-02
6.185947093562629145e-02
0.000000000000000000e+00
1.391348653269107449e-01
2.911894963606830866e-01
2.911894963606830866e-01
2.911894963606830866e-01
2.796402833466731797e-01
2.434634077775464644e-01
7.447006850022520885e-02
9.297610968052021779e-03
4.710509466545780011e-02
1.362746417662489551e-01
2.911894963606830866e-01
2.911894963606830866e-01
2.911894963606830866e-01
2.807526397947091579e-01
1.331554990765871360e-01
2.893012957409366037e-02
1.564994482241190144e-02
5.861970843817543297e-02
6.693332499697259887e-03
3.109721209833856900e-02
5.351725894834322150e-02
1.159954864642195604e-01
1.454891771891022034e-01
5.674641543238894553e-02
2.651494093599821369e-02
7.392122914482271434e-02
7.939258724026712621e-02
4.655190413933835147e-02
1.211355281970408759e-01
2.720221181206386452e-01
1.850045927635637355e-01
1.599525630893016415e-01
4.505100097101202850e-02
7.794327252862894885e-03
6.651740335398652598e-04
4.565014953248896362e-02
1.320654977619111770e-01
2.984919503711633282e-01
2.984919503711633282e-01
2.984919503711633282e-01
2.720809729667682531e-01
1.290426966995741331e-01
2.803655847485434296e-02
1.516656162973792181e-02
8.111786193935843770e-02
6.978589399279622185e-02
5.983330844776604818e-02
2.984919503711633282e-01
2.984919503711633282e-01
2.984919503711633282e-01
2.536143700246880628e-01
3.523516335318679221e-02
3.221580713950465691e-02
7.694037141904015720e-02
4.511404552045675254e-02
1.173939892312114569e-01
2.636201127827803581e-01
1.792903163412384315e-01
1.550120740652274620e-01
4.365950106927817681e-02
7.553582200085512920e-03
6.446286609098053535e-04
1.240895083305265378e-01
7.831246990792306573e-02
6.829970235244728349e-02
1.281094339467755416e-01
2.392154836427315134e-01
1.377852733852945877e-01
6.398339894719361209e-02
1.103473050856736658e-02
1.274117166841151963e-02
6.598505543360684567e-02
5.676710373654714897e-02
4.867120607361961199e-02
2.535173618683760899e-01
3.500952845129877145e-01
3.500952845129877145e-01
2.063017671416041698e-01
2.866192662733550375e-02
2.620584134142693589e-02
2.492227837617178726e-02
4.337748116413014943e-02
3.500952845129877145e-01
3.500952845129877145e-01
3.500952845129877145e-01
3.500952845129877145e-01
3.811899327913021579e-02
1.591522156765469908e-03
8.936104045785177731e-05
1.009401984983280820e-01
6.370301860125482385e-02
5.555816608177144289e-02
1.042101936422516612e-01
1.945890408273198147e-01
1.120809731038042434e-01
5.204708340953770329e-02
8.976164890133062763e-03
1.036426378517890656e-02
1.776251036254438975e-01
1.400248089405778384e-01
5.422789734696698005e-02
2.797941963685162889e-02
3.788281956328012207e-02
4.592949440229482372e-02
2.847999381397394239e-02
1.887053236061944986e-02
3.529749417448202475e-02
2.222170861966003136e-02
3.867711180072917754e-02
3.582482722383566465e-01
3.582482722383566465e-01
3.582482722383566465e-01
3.582482722383566465e-01
3.398843190570786932e-02
1.419065347700672027e-03
7.967790797580591347e-05
2.355983829972187193e-02
5.300703713850586640e-02
4.774125497632607240e-02
2.649222262920715165e-01
3.582482722383566465e-01
3.582482722383566465e-01
1.139139931248288884e-01
9.608581365823942039e-03
1.134076515799257827e-02
1.583777067539454964e-01
1.248517674361619145e-01
4.835178051190022058e-02
2.494757907494393051e-02
3.377784989478462702e-02
4.095258973721795787e-02
2.539391120151119827e-02
1.682572778002824204e-02
3.147266950117306311e-02
7.392953494761331235e-02
5.763866131422402256e-02
6.038671938748915030e-02
1.557812387624462336e-01
2.088022516395988959e-01
8.753081350474917199e-02
1.132861109061126734e-02
5.212934066249284501e-03
3.593016336266172811e-02
2.687415431157263307e-02
6.046388254185449534e-02
5.445732848162493367e-02
3.021905625737058565e-01
3.723387774674109529e-01
3.723387774674109529e-01
1.299390170059110949e-01
1.096028313333128126e-02
1.293614450956553745e-02
5.471929990974486874e-02
2.993114381021025686e-02
1.146766140511857462e-01
2.408368413665681607e-01
3.723387774674109529e-01
3.723387774674109529e-01
9.949502552184748272e-02
4.505680402330722312e-03
1.414730418433744752e-02
8.432968448634967085e-02
6.574706747835425136e-02
6.888171279206853348e-02
1.776960009695543186e-01
2.381758253083020582e-01
9.984434354848202575e-02
1.292228065030796152e-02
5.946271478191380959e-03
4.098469362837621477e-02
6.965289301344755601e-02
2.094691328353687904e-02
4.965358456148182692e-02
9.176093954947010800e-02
3.205921008509735604e-01
9.066228069896105357e-02
2.272964581732635561e-02
1.028256707701481927e-02
1.809398796419347741e-02
6.106275413116223072e-02
3.340097695624646285e-02
1.279707507214412066e-01
2.687563776281698957e-01
3.599678843418908092e-01
3.599678843418908092e-01
1.110292034206439016e-01
5.028011232872512705e-03
1.578736128663653718e-02
3.311231524365607082e-02
1.524933757315140651e-02
4.183781752164834888e-02
3.124234683093479736e-01
3.599678843418908092e-01
3.599678843418908092e-01
4.396630111179501699e-02
1.219650741619572425e-02
2.740591476063670984e-02
7.772755659556331020e-02
2.337522990515454591e-02
5.540978467943952906e-02
1.023985266587059267e-01
3.577574395678528862e-01
1.011725033840420590e-01
2.536462959725521715e-02
1.147459609857181227e-02
2.019157299402857958e-02
5.638679860396082072e-02
6.121091958774515021e-03
7.038259357862022836e-02
1.316524638122761881e-01
2.665828582650083267e-01
1.115925614924507536e-01
5.771525466020322598e-02
8.580351599099200754e-03
1.180443395022689503e-02
